report-international 0.0743619287556414
ca581203 0.0743619287556414
samelson 0.06115957521601408
perlis 0.05399384146229713
preliminary 0.050196426060682454
algebraic 0.042025691680697475
k 0.030922858379014602
language 0.026206758830624753
december 0.0252413241121298
j 0.017201740071050083
cacm 0.00819672131147541
1958 0.00819672131147541
a 0.00819672131147541
jb 0.00819672131147541
march 0.00819672131147541
22 0.00819672131147541
1978 0.00819672131147541
8 0.00819672131147541
28 0.00819672131147541
pm 0.00819672131147541
100 0.00819672131147541
5 0.00819672131147541
1 0.00819672131147541
123 0.00819672131147541
164 0.00819672131147541
205 0.00819672131147541
210 0.00819672131147541
214 0.00819672131147541
1982 0.00819672131147541
398 0.00819672131147541
642 0.00819672131147541
669 0.00819672131147541
6 0.00819672131147541
165 0.00819672131147541
196 0.00819672131147541
1273 0.00819672131147541
1883 0.00819672131147541
324 0.00819672131147541
43 0.00819672131147541
53 0.00819672131147541
91 0.00819672131147541
410 0.00819672131147541
3184 0.00819672131147541
