list-types 0.11200191738504012
ca590201 0.11200191738504012
subscripting 0.09488717218602913
carr 0.08988143011061969
memories 0.07853447118159784
iii 0.07175536241200514
recursive 0.06329795537092706
compilers 0.06136162856237188
w 0.03636926109944831
february 0.025908793687260616
and 0.012345679012345678
cacm 0.012345679012345678
1959 0.012345679012345678
j 0.012345679012345678
jb 0.012345679012345678
march 0.012345679012345678
22 0.012345679012345678
1978 0.012345679012345678
8 0.012345679012345678
23 0.012345679012345678
pm 0.012345679012345678
205 0.012345679012345678
4 0.012345679012345678
100 0.012345679012345678
210 0.012345679012345678
214 0.012345679012345678
1982 0.012345679012345678
398 0.012345679012345678
642 0.012345679012345678
669 0.012345679012345678
123 0.012345679012345678
164 0.012345679012345678
5 0.012345679012345678
1 0.012345679012345678
364 0.012345679012345678
6 0.012345679012345678
224 0.012345679012345678
44 0.012345679012345678
77 0.012345679012345678
98 0.012345679012345678
