belfap 0.03600061630233432
benett 0.03600061630233432
ca640904 0.03600061630233432
neumann 0.03325003225249327
concatenation 0.028272553138469065
add 0.02774390693296818
sophisticated 0.024993322883127125
employed 0.022620953832509588
facility 0.022620953832509588
existing 0.021047877353984803
string 0.020281245492751235
extension 0.01979755574033442
were 0.018606664500452126
description 0.018506197008450978
use 0.012687399116413568
presented 0.012220006117777125
of 0.011904761904761904
h 0.011690119639108387
macros 0.007936507936507936
a 0.007936507936507936
to 0.007936507936507936
compilers 0.003968253968253968
by 0.003968253968253968
is 0.003968253968253968
an 0.003968253968253968
application 0.003968253968253968
in 0.003968253968253968
which 0.003968253968253968
and 0.003968253968253968
new 0.003968253968253968
cacm 0.003968253968253968
september 0.003968253968253968
1964 0.003968253968253968
r 0.003968253968253968
k 0.003968253968253968
d 0.003968253968253968
jb 0.003968253968253968
march 0.003968253968253968
9 0.003968253968253968
1978 0.003968253968253968
6 0.003968253968253968
13 0.003968253968253968
pm 0.003968253968253968
1007 0.003968253968253968
5 0.003968253968253968
1781 0.003968253968253968
1788 0.003968253968253968
123 0.003968253968253968
196 0.003968253968253968
919 0.003968253968253968
990 0.003968253968253968
1006 0.003968253968253968
1046 0.003968253968253968
1131 0.003968253968253968
1139 0.003968253968253968
1140 0.003968253968253968
1149 0.003968253968253968
1198 0.003968253968253968
1215 0.003968253968253968
1223 0.003968253968253968
1265 0.003968253968253968
1303 0.003968253968253968
1323 0.003968253968253968
1358 0.003968253968253968
1366 0.003968253968253968
1421 0.003968253968253968
1460 0.003968253968253968
1462 0.003968253968253968
1463 0.003968253968253968
1467 0.003968253968253968
1468 0.003968253968253968
1477 0.003968253968253968
1491 0.003968253968253968
1496 0.003968253968253968
1531 0.003968253968253968
1535 0.003968253968253968
1565 0.003968253968253968
1601 0.003968253968253968
1602 0.003968253968253968
1613 0.003968253968253968
1614 0.003968253968253968
1626 0.003968253968253968
1641 0.003968253968253968
1787 0.003968253968253968
205 0.003968253968253968
224 0.003968253968253968
249 0.003968253968253968
288 0.003968253968253968
316 0.003968253968253968
381 0.003968253968253968
398 0.003968253968253968
11 0.003968253968253968
404 0.003968253968253968
410 0.003968253968253968
463 0.003968253968253968
464 0.003968253968253968
483 0.003968253968253968
3184 0.003968253968253968
3188 0.003968253968253968
3189 0.003968253968253968
584 0.003968253968253968
600 0.003968253968253968
680 0.003968253968253968
691 0.003968253968253968
763 0.003968253968253968
799 0.003968253968253968
