ca640812 0.33600575215512035
gauss 0.25462706410563074
pike 0.2381239121834978
s15 0.2268134807186392
algorithm 0.037037037037037035
209 0.037037037037037035
cacm 0.037037037037037035
august 0.037037037037037035
1964 0.037037037037037035
m 0.037037037037037035
c 0.037037037037037035
jb 0.037037037037037035
march 0.037037037037037035
9 0.037037037037037035
1978 0.037037037037037035
6 0.037037037037037035
54 0.037037037037037035
pm 0.037037037037037035
1018 0.037037037037037035
5 0.037037037037037035
