ca640810 0.20618534791336934
i5 0.19043200290064327
mckeeman 0.1516664378902612
read 0.13583485778228577
free 0.12806202245976445
field 0.11960636084184809
algorithm 0.022727272727272728
239 0.022727272727272728
cacm 0.022727272727272728
august 0.022727272727272728
1964 0.022727272727272728
w 0.022727272727272728
m 0.022727272727272728
jb 0.022727272727272728
march 0.022727272727272728
9 0.022727272727272728
1978 0.022727272727272728
6 0.022727272727272728
56 0.022727272727272728
pm 0.022727272727272728
1020 0.022727272727272728
5 0.022727272727272728
1705 0.022727272727272728
984 0.022727272727272728
986 0.022727272727272728
1321 0.022727272727272728
