ca640808 0.2326193668766218
peck 0.18268418951010781
greatest 0.16890381175385255
divisor 0.16890381175385255
a1 0.15103459303132702
common 0.12436275901820662
algorithm 0.02564102564102564
237 0.02564102564102564
cacm 0.02564102564102564
august 0.02564102564102564
1964 0.02564102564102564
j 0.02564102564102564
e 0.02564102564102564
l 0.02564102564102564
jb 0.02564102564102564
march 0.02564102564102564
9 0.02564102564102564
1978 0.02564102564102564
7 0.02564102564102564
17 0.02564102564102564
pm 0.02564102564102564
1022 0.02564102564102564
5 0.02564102564102564
2031 0.02564102564102564
6 0.02564102564102564
450 0.02564102564102564
