ca640807 0.1417524266904414
s17 0.11658544025552683
gautschi 0.10045852545241314
bessel 0.09841120885231307
kind 0.089628100756164
first 0.06591993476356564
functions 0.015625
of 0.015625
the 0.015625
algorithm 0.015625
236 0.015625
cacm 0.015625
august 0.015625
1964 0.015625
w 0.015625
jb 0.015625
march 0.015625
9 0.015625
1978 0.015625
7 0.015625
19 0.015625
pm 0.015625
1023 0.015625
4 0.015625
1222 0.015625
5 0.015625
1130 0.015625
1909 0.015625
2119 0.015625
134 0.015625
6 0.015625
1284 0.015625
1316 0.015625
2129 0.015625
