ca640806 0.054651538001134044
waite 0.04385780625879636
formation 0.0414152453665785
note 0.02839501245002595
list 0.027087394948593253
a 0.006024096385542169
on 0.006024096385542169
the 0.006024096385542169
of 0.006024096385542169
free 0.006024096385542169
cacm 0.006024096385542169
august 0.006024096385542169
1964 0.006024096385542169
w 0.006024096385542169
m 0.006024096385542169
jb 0.006024096385542169
march 0.006024096385542169
9 0.006024096385542169
1978 0.006024096385542169
7 0.006024096385542169
20 0.006024096385542169
pm 0.006024096385542169
1024 0.006024096385542169
4 0.006024096385542169
1051 0.006024096385542169
1098 0.006024096385542169
1102 0.006024096385542169
1132 0.006024096385542169
1214 0.006024096385542169
1380 0.006024096385542169
1388 0.006024096385542169
1390 0.006024096385542169
1393 0.006024096385542169
1485 0.006024096385542169
1486 0.006024096385542169
1487 0.006024096385542169
1549 0.006024096385542169
1570 0.006024096385542169
1706 0.006024096385542169
1826 0.006024096385542169
1878 0.006024096385542169
1946 0.006024096385542169
1957 0.006024096385542169
378 0.006024096385542169
2060 0.006024096385542169
2155 0.006024096385542169
2168 0.006024096385542169
2719 0.006024096385542169
2723 0.006024096385542169
2838 0.006024096385542169
2842 0.006024096385542169
2855 0.006024096385542169
2857 0.006024096385542169
2879 0.006024096385542169
3077 0.006024096385542169
3080 0.006024096385542169
3106 0.006024096385542169
3112 0.006024096385542169
627 0.006024096385542169
106 0.006024096385542169
5 0.006024096385542169
210 0.006024096385542169
731 0.006024096385542169
