derivative 0.05399384146229713
analytical 0.050670356969607255
ca640802 0.0371809643778207
evaluation 0.035797506803167824
wilkins 0.03434019724437829
numerical 0.03424634287170447
apply 0.029837687864590966
modifications 0.02634977716784607
derivatives 0.026070869531596007
greatly 0.02555918837225389
investigation 0.025335178484803628
accurate 0.025098213030341227
facilitate 0.025098213030341227
requiring 0.02489825334112224
indicated 0.024494810419756454
highly 0.023093151591105067
writing 0.02249441135136123
easy 0.022057486207679843
debugging 0.021737971693459715
approach 0.017898753401583912
shown 0.015461429189507301
of 0.012295081967213115
to 0.012295081967213115
a 0.00819672131147541
is 0.00819672131147541
the 0.00819672131147541
and 0.00819672131147541
new 0.004098360655737705
method 0.004098360655737705
for 0.004098360655737705
recently 0.004098360655737705
proposed 0.004098360655737705
discussed 0.004098360655737705
technique 0.004098360655737705
be 0.004098360655737705
both 0.004098360655737705
though 0.004098360655737705
certain 0.004098360655737705
are 0.004098360655737705
required 0.004098360655737705
its 0.004098360655737705
use 0.004098360655737705
should 0.004098360655737705
programs 0.004098360655737705
complex 0.004098360655737705
functions 0.004098360655737705
cacm 0.004098360655737705
august 0.004098360655737705
1964 0.004098360655737705
r 0.004098360655737705
d 0.004098360655737705
jb 0.004098360655737705
march 0.004098360655737705
9 0.004098360655737705
1978 0.004098360655737705
7 0.004098360655737705
31 0.004098360655737705
pm 0.004098360655737705
1028 0.004098360655737705
4 0.004098360655737705
1216 0.004098360655737705
1278 0.004098360655737705
1347 0.004098360655737705
1392 0.004098360655737705
1396 0.004098360655737705
1536 0.004098360655737705
964 0.004098360655737705
5 0.004098360655737705
1029 0.004098360655737705
561 0.004098360655737705
6 0.004098360655737705
973 0.004098360655737705
1083 0.004098360655737705
1132 0.004098360655737705
1214 0.004098360655737705
1334 0.004098360655737705
1365 0.004098360655737705
1386 0.004098360655737705
1387 0.004098360655737705
1388 0.004098360655737705
1393 0.004098360655737705
1394 0.004098360655737705
1395 0.004098360655737705
1397 0.004098360655737705
1496 0.004098360655737705
284 0.004098360655737705
407 0.004098360655737705
3199 0.004098360655737705
3200 0.004098360655737705
3201 0.004098360655737705
3202 0.004098360655737705
3203 0.004098360655737705
3204 0.004098360655737705
730 0.004098360655737705
