priebe 0.17456266932558964
f3 0.16012210306392416
reduction 0.11480957305243436
matrix 0.08324442236570814
of 0.020833333333333332
a 0.020833333333333332
containing 0.020833333333333332
polynomial 0.020833333333333332
elements 0.020833333333333332
algorithm 0.020833333333333332
170 0.020833333333333332
cacm 0.020833333333333332
july 0.020833333333333332
1964 0.020833333333333332
k 0.020833333333333332
b 0.020833333333333332
ca640710 0.020833333333333332
jb 0.020833333333333332
march 0.020833333333333332
9 0.020833333333333332
1978 0.020833333333333332
8 0.020833333333333332
13 0.020833333333333332
pm 0.020833333333333332
1037 0.020833333333333332
4 0.020833333333333332
1234 0.020833333333333332
1358 0.020833333333333332
1491 0.020833333333333332
5 0.020833333333333332
729 0.020833333333333332
