ca640707 0.08982331988305199
romberg 0.06440922312804319
d1 0.05488410675514856
integration 0.044815450738773875
algorithm 0.009900990099009901
60 0.009900990099009901
cacm 0.009900990099009901
july 0.009900990099009901
1964 0.009900990099009901
thacher 0.009900990099009901
jr 0.009900990099009901
h 0.009900990099009901
c 0.009900990099009901
jb 0.009900990099009901
march 0.009900990099009901
9 0.009900990099009901
1978 0.009900990099009901
8 0.009900990099009901
17 0.009900990099009901
pm 0.009900990099009901
1040 0.009900990099009901
4 0.009900990099009901
1352 0.009900990099009901
2040 0.009900990099009901
5 0.009900990099009901
2415 0.009900990099009901
587 0.009900990099009901
621 0.009900990099009901
885 0.009900990099009901
834 0.009900990099009901
6 0.009900990099009901
872 0.009900990099009901
1092 0.009900990099009901
1241 0.009900990099009901
1273 0.009900990099009901
1982 0.009900990099009901
324 0.009900990099009901
2074 0.009900990099009901
429 0.009900990099009901
570 0.009900990099009901
786 0.009900990099009901
