durstenfeld 0.33600575215512035
ca640706 0.33600575215512035
g6 0.2181610788230279
permutation 0.20328282850859775
random 0.037037037037037035
algorithm 0.037037037037037035
235 0.037037037037037035
cacm 0.037037037037037035
july 0.037037037037037035
1964 0.037037037037037035
r 0.037037037037037035
jb 0.037037037037037035
march 0.037037037037037035
9 0.037037037037037035
1978 0.037037037037037035
8 0.037037037037037035
18 0.037037037037037035
pm 0.037037037037037035
1041 0.037037037037037035
5 0.037037037037037035
