brooker 0.04110073721402134
very 0.03499763292228991
morris 0.03246555343581462
published 0.029044994784688843
compiler-building 0.02338184357780477
rohl 0.02338184357780477
lightly 0.02338184357780477
devote 0.02338184357780477
depart 0.02338184357780477
ca640701 0.02338184357780477
articles 0.021595381772237895
intentionally 0.021595381772237895
the 0.020618556701030927
joined 0.02055036860701067
ferranti 0.02055036860701067
expands 0.02055036860701067
expository 0.02055036860701067
atlas 0.0187639068014438
treats 0.0187639068014438
rosen 0.0187639068014438
purely 0.018362586059005682
listed 0.018362586059005682
cover 0.017718893636216572
topics 0.016766318391578255
except 0.01657047842514031
considerable 0.01623277671790731
interesting 0.015932431830649702
references 0.015295035910130648
details 0.015181312186138541
original 0.01428684222234537
recent 0.014145970025082834
years 0.013739003454346213
does 0.013336049664679476
in 0.01288659793814433
some 0.01288659793814433
features 0.011952541648779345
small 0.011883809053206762
describes 0.011740587787343848
space 0.011740587787343848
purpose 0.011588937014088866
only 0.010424026901349028
a 0.010309278350515464
and 0.010309278350515464
of 0.010309278350515464
system 0.007731958762886598
paper 0.007731958762886598
developed 0.005154639175257732
by 0.005154639175257732
their 0.005154639175257732
have 0.005154639175257732
that 0.005154639175257732
they 0.005154639175257732
it 0.005154639175257732
to 0.005154639175257732
number 0.002577319587628866
during 0.002577319587628866
past 0.002577319587628866
two 0.002577319587628866
r 0.002577319587628866
d 0.002577319587628866
j 0.002577319587628866
most 0.002577319587628866
presented 0.002577319587628866
programming 0.002577319587628866
for 0.002577319587628866
computer 0.002577319587628866
present 0.002577319587628866
major 0.002577319587628866
on 0.002577319587628866
points 0.002577319587628866
authors 0.002577319587628866
briefly 0.002577319587628866
which 0.002577319587628866
this 0.002577319587628866
is 0.002577319587628866
comments 0.002577319587628866
not 0.002577319587628866
from 0.002577319587628866
or 0.002577319587628866
add 0.002577319587628866
material 0.002577319587628866
cacm 0.002577319587628866
july 0.002577319587628866
1964 0.002577319587628866
s 0.002577319587628866
jb 0.002577319587628866
march 0.002577319587628866
9 0.002577319587628866
1978 0.002577319587628866
8 0.002577319587628866
47 0.002577319587628866
pm 0.002577319587628866
1046 0.002577319587628866
4 0.002577319587628866
1105 0.002577319587628866
1139 0.002577319587628866
1140 0.002577319587628866
1234 0.002577319587628866
1263 0.002577319587628866
1265 0.002577319587628866
1496 0.002577319587628866
1781 0.002577319587628866
1824 0.002577319587628866
2126 0.002577319587628866
2546 0.002577319587628866
464 0.002577319587628866
584 0.002577319587628866
631 0.002577319587628866
653 0.002577319587628866
680 0.002577319587628866
763 0.002577319587628866
795 0.002577319587628866
799 0.002577319587628866
945 0.002577319587628866
5 0.002577319587628866
404 0.002577319587628866
123 0.002577319587628866
6 0.002577319587628866
196 0.002577319587628866
919 0.002577319587628866
990 0.002577319587628866
1007 0.002577319587628866
1131 0.002577319587628866
1149 0.002577319587628866
1198 0.002577319587628866
1215 0.002577319587628866
1223 0.002577319587628866
1303 0.002577319587628866
1323 0.002577319587628866
1358 0.002577319587628866
1366 0.002577319587628866
1421 0.002577319587628866
1460 0.002577319587628866
1462 0.002577319587628866
1463 0.002577319587628866
1467 0.002577319587628866
1468 0.002577319587628866
1477 0.002577319587628866
1491 0.002577319587628866
1531 0.002577319587628866
1535 0.002577319587628866
1565 0.002577319587628866
1601 0.002577319587628866
1602 0.002577319587628866
1613 0.002577319587628866
1614 0.002577319587628866
1626 0.002577319587628866
1641 0.002577319587628866
1787 0.002577319587628866
1788 0.002577319587628866
205 0.002577319587628866
224 0.002577319587628866
249 0.002577319587628866
288 0.002577319587628866
316 0.002577319587628866
381 0.002577319587628866
398 0.002577319587628866
11 0.002577319587628866
410 0.002577319587628866
463 0.002577319587628866
483 0.002577319587628866
3184 0.002577319587628866
3188 0.002577319587628866
600 0.002577319587628866
691 0.002577319587628866
