breakdown 0.10222491050666846
parts 0.07354100574864737
brian 0.05815484171915545
ca640617 0.05815484171915545
facts 0.04926833940428436
structured 0.03400041726412929
using 0.01282051282051282
list 0.01282051282051282
a 0.00641025641025641
technique 0.00641025641025641
structures 0.00641025641025641
is 0.00641025641025641
proposed 0.00641025641025641
and 0.00641025641025641
discussed 0.00641025641025641
implementation 0.00641025641025641
are 0.00641025641025641
presented 0.00641025641025641
on 0.00641025641025641
operating 0.00641025641025641
program 0.00641025641025641
these 0.00641025641025641
techniques 0.00641025641025641
cacm 0.00641025641025641
june 0.00641025641025641
1964 0.00641025641025641
w 0.00641025641025641
j 0.00641025641025641
jb 0.00641025641025641
march 0.00641025641025641
9 0.00641025641025641
1978 0.00641025641025641
09 0.00641025641025641
pm 0.00641025641025641
1050 0.00641025641025641
4 0.00641025641025641
1102 0.00641025641025641
1226 0.00641025641025641
1393 0.00641025641025641
1549 0.00641025641025641
1935 0.00641025641025641
1936 0.00641025641025641
378 0.00641025641025641
2017 0.00641025641025641
2023 0.00641025641025641
2032 0.00641025641025641
2257 0.00641025641025641
2360 0.00641025641025641
2451 0.00641025641025641
2452 0.00641025641025641
441 0.00641025641025641
2723 0.00641025641025641
2882 0.00641025641025641
3008 0.00641025641025641
3112 0.00641025641025641
627 0.00641025641025641
731 0.00641025641025641
758 0.00641025641025641
793 0.00641025641025641
798 0.00641025641025641
106 0.00641025641025641
5 0.00641025641025641
209 0.00641025641025641
367 0.00641025641025641
849 0.00641025641025641
