heapsort 0.17788539819976962
ca640608 0.17788539819976962
williams 0.1291617384000049
j 0.0392156862745098
algorithm 0.0196078431372549
232 0.0196078431372549
cacm 0.0196078431372549
june 0.0196078431372549
1964 0.0196078431372549
w 0.0196078431372549
jb 0.0196078431372549
march 0.0196078431372549
9 0.0196078431372549
1978 0.0196078431372549
34 0.0196078431372549
pm 0.0196078431372549
1059 0.0196078431372549
5 0.0196078431372549
2757 0.0196078431372549
2844 0.0196078431372549
970 0.0196078431372549
6 0.0196078431372549
2630 0.0196078431372549
2742 0.0196078431372549
2767 0.0196078431372549
