load-time-saver 0.2520043141163403
ackermann 0.2520043141163403
ca640521 0.2520043141163403
a 0.05555555555555555
fortran 0.027777777777777776
ii 0.027777777777777776
cacm 0.027777777777777776
may 0.027777777777777776
1964 0.027777777777777776
f 0.027777777777777776
jb 0.027777777777777776
march 0.027777777777777776
9 0.027777777777777776
1978 0.027777777777777776
11 0.027777777777777776
33 0.027777777777777776
pm 0.027777777777777776
1068 0.027777777777777776
4 0.027777777777777776
1945 0.027777777777777776
917 0.027777777777777776
5 0.027777777777777776
