ca601209 0.12259669335389528
pope 0.10775058134486677
arithmetic 0.06193944511427176
multiple 0.013513513513513514
precision 0.013513513513513514
cacm 0.013513513513513514
december 0.013513513513513514
1960 0.013513513513513514
d 0.013513513513513514
a 0.013513513513513514
stein 0.013513513513513514
m 0.013513513513513514
l 0.013513513513513514
jb 0.013513513513513514
march 0.013513513513513514
20 0.013513513513513514
1978 0.013513513513513514
6 0.013513513513513514
34 0.013513513513513514
pm 0.013513513513513514
107 0.013513513513513514
4 0.013513513513513514
5 0.013513513513513514
1026 0.013513513513513514
1258 0.013513513513513514
1292 0.013513513513513514
1497 0.013513513513513514
90 0.013513513513513514
1593 0.013513513513513514
