ca640512 0.33600575215512035
naur 0.2268134807186392
fit 0.2124517943849813
chebyshev 0.21112890243675617
curve 0.1954320784820761
algorithm 0.037037037037037035
91 0.037037037037037035
cacm 0.037037037037037035
may 0.037037037037037035
1964 0.037037037037037035
p 0.037037037037037035
jb 0.037037037037037035
march 0.037037037037037035
9 0.037037037037037035
1978 0.037037037037037035
11 0.037037037037037035
53 0.037037037037037035
pm 0.037037037037037035
1077 0.037037037037037035
5 0.037037037037037035
