ca640508 0.21098035600437792
normal 0.023255813953488372
distribution 0.023255813953488372
function 0.023255813953488372
algorithm 0.023255813953488372
226 0.023255813953488372
cacm 0.023255813953488372
may 0.023255813953488372
1964 0.023255813953488372
cyvin 0.023255813953488372
s 0.023255813953488372
j 0.023255813953488372
jb 0.023255813953488372
march 0.023255813953488372
9 0.023255813953488372
1978 0.023255813953488372
11 0.023255813953488372
58 0.023255813953488372
pm 0.023255813953488372
1081 0.023255813953488372
5 0.023255813953488372
1157 0.023255813953488372
836 0.023255813953488372
6 0.023255813953488372
485 0.023255813953488372
714 0.023255813953488372
