alphabets 0.11322983956254465
declaring 0.08173112890259684
alphabet 0.07183372089657784
character 0.06906586302936908
many-to-one 0.04086556445129842
collating 0.04086556445129842
ca640505 0.04086556445129842
10,1978 0.04086556445129842
encodings 0.03591686044828892
source-language 0.03591686044828892
arbitrarily 0.03209316842745137
left 0.03149308354553145
justification 0.03149308354553145
variations 0.030060014716988707
mentioned 0.02967229125405518
right 0.028654469214907323
coded 0.02692222406495754
bits 0.025677839485551426
additional 0.02294749802802748
size 0.020389011372144872
from 0.013513513513513514
the 0.009009009009009009
of 0.009009009009009009
to 0.009009009009009009
or 0.009009009009009009
is 0.009009009009009009
and 0.009009009009009009
scheme 0.009009009009009009
for 0.009009009009009009
on 0.0045045045045045045
inability 0.0045045045045045045
existing 0.0045045045045045045
programming 0.0045045045045045045
languages 0.0045045045045045045
handle 0.0045045045045045045
strings 0.0045045045045045045
more 0.0045045045045045045
than 0.0045045045045045045
one 0.0045045045045045045
two 0.0045045045045045045
a 0.0045045045045045045
proposed 0.0045045045045045045
provides 0.0045045045045045045
sequences 0.0045045045045045045
different 0.0045045045045045045
numeric 0.0045045045045045045
sequence 0.0045045045045045045
in 0.0045045045045045045
number 0.0045045045045045045
arbitrary 0.0045045045045045045
representation 0.0045045045045045045
cacm 0.0045045045045045045
may 0.0045045045045045045
1964 0.0045045045045045045
shaw 0.0045045045045045045
c 0.0045045045045045045
j 0.0045045045045045045
jb 0.0045045045045045045
march 0.0045045045045045045
12 0.0045045045045045045
13 0.0045045045045045045
am 0.0045045045045045045
1084 0.0045045045045045045
4 0.0045045045045045045
1379 0.0045045045045045045
1625 0.0045045045045045045
1945 0.0045045045045045045
5 0.0045045045045045045
603 0.0045045045045045045
644 0.0045045045045045045
669 0.0045045045045045045
791 0.0045045045045045045
797 0.0045045045045045045
868 0.0045045045045045045
823 0.0045045045045045045
6 0.0045045045045045045
914 0.0045045045045045045
915 0.0045045045045045045
917 0.0045045045045045045
984 0.0045045045045045045
989 0.0045045045045045045
990 0.0045045045045045045
1012 0.0045045045045045045
1098 0.0045045045045045045
1122 0.0045045045045045045
1138 0.0045045045045045045
1139 0.0045045045045045045
1141 0.0045045045045045045
1200 0.0045045045045045045
1223 0.0045045045045045045
1265 0.0045045045045045045
1336 0.0045045045045045045
1396 0.0045045045045045045
1455 0.0045045045045045045
1477 0.0045045045045045045
1487 0.0045045045045045045
1491 0.0045045045045045045
1496 0.0045045045045045045
483 0.0045045045045045045
584 0.0045045045045045045
680 0.0045045045045045045
763 0.0045045045045045045
