60-a 0.04774818583256974
ca640501 0.04774818583256974
subcommittee 0.03749833363628529
conventions 0.03423858703122296
proposal 0.03253570289627413
input-output 0.031001837516956596
committee 0.0305904439756443
algol 0.010526315789473684
of 0.010526315789473684
the 0.010526315789473684
a 0.005263157894736842
for 0.005263157894736842
in 0.005263157894736842
report 0.005263157894736842
on 0.005263157894736842
acm 0.005263157894736842
programming 0.005263157894736842
language 0.005263157894736842
cacm 0.005263157894736842
may 0.005263157894736842
1964 0.005263157894736842
jb 0.005263157894736842
march 0.005263157894736842
10 0.005263157894736842
1978 0.005263157894736842
12 0.005263157894736842
18 0.005263157894736842
am 0.005263157894736842
1086 0.005263157894736842
4 0.005263157894736842
1132 0.005263157894736842
1234 0.005263157894736842
1263 0.005263157894736842
1265 0.005263157894736842
1270 0.005263157894736842
1323 0.005263157894736842
1358 0.005263157894736842
1379 0.005263157894736842
1380 0.005263157894736842
1453 0.005263157894736842
1464 0.005263157894736842
1484 0.005263157894736842
1491 0.005263157894736842
1496 0.005263157894736842
1498 0.005263157894736842
1613 0.005263157894736842
1614 0.005263157894736842
1781 0.005263157894736842
1825 0.005263157894736842
1860 0.005263157894736842
2083 0.005263157894736842
2178 0.005263157894736842
2179 0.005263157894736842
2252 0.005263157894736842
2325 0.005263157894736842
2341 0.005263157894736842
2546 0.005263157894736842
2645 0.005263157894736842
2652 0.005263157894736842
2684 0.005263157894736842
2842 0.005263157894736842
2929 0.005263157894736842
2934 0.005263157894736842
3069 0.005263157894736842
669 0.005263157894736842
679 0.005263157894736842
691 0.005263157894736842
761 0.005263157894736842
949 0.005263157894736842
989 0.005263157894736842
5 0.005263157894736842
1137 0.005263157894736842
3184 0.005263157894736842
987 0.005263157894736842
6 0.005263157894736842
1134 0.005263157894736842
