ca640416 0.10673123891986176
butler 0.0985765662073918
nonrecursive 0.08225252408362331
adaptive 0.07031451461671263
integration 0.011764705882352941
algorithm 0.011764705882352941
182 0.011764705882352941
cacm 0.011764705882352941
april 0.011764705882352941
1964 0.011764705882352941
h 0.011764705882352941
s 0.011764705882352941
jb 0.011764705882352941
march 0.011764705882352941
10 0.011764705882352941
1978 0.011764705882352941
12 0.011764705882352941
34 0.011764705882352941
am 0.011764705882352941
1092 0.011764705882352941
5 0.011764705882352941
1352 0.011764705882352941
2093 0.011764705882352941
834 0.011764705882352941
6 0.011764705882352941
872 0.011764705882352941
1040 0.011764705882352941
1241 0.011764705882352941
1273 0.011764705882352941
1298 0.011764705882352941
1573 0.011764705882352941
324 0.011764705882352941
429 0.011764705882352941
570 0.011764705882352941
621 0.011764705882352941
786 0.011764705882352941
