ca640415 0.16494827833069545
rotenberg 0.14497350944582074
determinant 0.1095251003790232
evaluation 0.01818181818181818
of 0.01818181818181818
algorithm 0.01818181818181818
224 0.01818181818181818
cacm 0.01818181818181818
april 0.01818181818181818
1964 0.01818181818181818
l 0.01818181818181818
j 0.01818181818181818
jb 0.01818181818181818
march 0.01818181818181818
10 0.01818181818181818
1978 0.01818181818181818
1 0.01818181818181818
12 0.01818181818181818
am 0.01818181818181818
1093 0.01818181818181818
5 0.01818181818181818
1946 0.01818181818181818
878 0.01818181818181818
6 0.01818181818181818
902 0.01818181818181818
1177 0.01818181818181818
1387 0.01818181818181818
1393 0.01818181818181818
360 0.01818181818181818
731 0.01818181818181818
