solution-part 0.03795880882087134
ca580902 0.03795880882087134
tritter 0.03505861141267072
olsztyn 0.03505861141267072
mock 0.03505861141267072
steel 0.03215841400447012
wegstein 0.029810390756879517
changing 0.027218960401390636
strong 0.027218960401390636
j 0.012552301255230125
a 0.008368200836820083
the 0.0041841004184100415
problem 0.0041841004184100415
of 0.0041841004184100415
programming 0.0041841004184100415
communication 0.0041841004184100415
with 0.0041841004184100415
machines 0.0041841004184100415
proposed 0.0041841004184100415
2 0.0041841004184100415
cacm 0.0041841004184100415
september 0.0041841004184100415
1958 0.0041841004184100415
o 0.0041841004184100415
t 0.0041841004184100415
jb 0.0041841004184100415
march 0.0041841004184100415
22 0.0041841004184100415
1978 0.0041841004184100415
8 0.0041841004184100415
41 0.0041841004184100415
pm 0.0041841004184100415
1781 0.0041841004184100415
5 0.0041841004184100415
11 0.0041841004184100415
1988 0.0041841004184100415
123 0.0041841004184100415
6 0.0041841004184100415
196 0.0041841004184100415
919 0.0041841004184100415
990 0.0041841004184100415
1007 0.0041841004184100415
1046 0.0041841004184100415
1131 0.0041841004184100415
1139 0.0041841004184100415
1140 0.0041841004184100415
1149 0.0041841004184100415
1198 0.0041841004184100415
1215 0.0041841004184100415
1223 0.0041841004184100415
1265 0.0041841004184100415
1303 0.0041841004184100415
1323 0.0041841004184100415
1358 0.0041841004184100415
1366 0.0041841004184100415
1421 0.0041841004184100415
1460 0.0041841004184100415
1462 0.0041841004184100415
1463 0.0041841004184100415
1467 0.0041841004184100415
1468 0.0041841004184100415
1477 0.0041841004184100415
1491 0.0041841004184100415
1496 0.0041841004184100415
1531 0.0041841004184100415
1535 0.0041841004184100415
1565 0.0041841004184100415
1601 0.0041841004184100415
1602 0.0041841004184100415
1613 0.0041841004184100415
1614 0.0041841004184100415
1626 0.0041841004184100415
1641 0.0041841004184100415
1787 0.0041841004184100415
1788 0.0041841004184100415
205 0.0041841004184100415
224 0.0041841004184100415
249 0.0041841004184100415
288 0.0041841004184100415
316 0.0041841004184100415
381 0.0041841004184100415
398 0.0041841004184100415
14 0.0041841004184100415
404 0.0041841004184100415
410 0.0041841004184100415
463 0.0041841004184100415
464 0.0041841004184100415
483 0.0041841004184100415
3184 0.0041841004184100415
3188 0.0041841004184100415
584 0.0041841004184100415
600 0.0041841004184100415
680 0.0041841004184100415
691 0.0041841004184100415
763 0.0041841004184100415
799 0.0041841004184100415
