ca640406 0.032170763504213655
gorn 0.024379186988836985
mechanical 0.02154316955756676
course 0.02034112924962587
languages 0.0035460992907801418
a 0.0035460992907801418
specification 0.0035460992907801418
cacm 0.0035460992907801418
april 0.0035460992907801418
1964 0.0035460992907801418
s 0.0035460992907801418
jb 0.0035460992907801418
march 0.0035460992907801418
10 0.0035460992907801418
1978 0.0035460992907801418
1 0.0035460992907801418
49 0.0035460992907801418
am 0.0035460992907801418
249 0.0035460992907801418
4 0.0035460992907801418
1102 0.0035460992907801418
254 0.0035460992907801418
272 0.0035460992907801418
1024 0.0035460992907801418
1050 0.0035460992907801418
1051 0.0035460992907801418
1109 0.0035460992907801418
1132 0.0035460992907801418
1140 0.0035460992907801418
1142 0.0035460992907801418
1188 0.0035460992907801418
1306 0.0035460992907801418
1390 0.0035460992907801418
1464 0.0035460992907801418
1486 0.0035460992907801418
1491 0.0035460992907801418
1549 0.0035460992907801418
1706 0.0035460992907801418
1767 0.0035460992907801418
1781 0.0035460992907801418
1787 0.0035460992907801418
1826 0.0035460992907801418
1878 0.0035460992907801418
1945 0.0035460992907801418
1949 0.0035460992907801418
321 0.0035460992907801418
378 0.0035460992907801418
2059 0.0035460992907801418
2060 0.0035460992907801418
2126 0.0035460992907801418
2155 0.0035460992907801418
2168 0.0035460992907801418
435 0.0035460992907801418
437 0.0035460992907801418
463 0.0035460992907801418
483 0.0035460992907801418
491 0.0035460992907801418
2719 0.0035460992907801418
2723 0.0035460992907801418
2732 0.0035460992907801418
2838 0.0035460992907801418
2842 0.0035460992907801418
2855 0.0035460992907801418
2879 0.0035460992907801418
560 0.0035460992907801418
583 0.0035460992907801418
3008 0.0035460992907801418
3073 0.0035460992907801418
3077 0.0035460992907801418
3080 0.0035460992907801418
3106 0.0035460992907801418
627 0.0035460992907801418
631 0.0035460992907801418
632 0.0035460992907801418
642 0.0035460992907801418
644 0.0035460992907801418
653 0.0035460992907801418
680 0.0035460992907801418
731 0.0035460992907801418
761 0.0035460992907801418
762 0.0035460992907801418
763 0.0035460992907801418
798 0.0035460992907801418
106 0.0035460992907801418
123 0.0035460992907801418
140 0.0035460992907801418
919 0.0035460992907801418
949 0.0035460992907801418
989 0.0035460992907801418
196 0.0035460992907801418
5 0.0035460992907801418
209 0.0035460992907801418
210 0.0035460992907801418
406 0.0035460992907801418
