ca640404 0.20618534791336934
forsythe 0.1588969215251814
undergraduate 0.1516664378902612
an 0.022727272727272728
curriculum 0.022727272727272728
in 0.022727272727272728
numerical 0.022727272727272728
analysis 0.022727272727272728
cacm 0.022727272727272728
april 0.022727272727272728
1964 0.022727272727272728
g 0.022727272727272728
e 0.022727272727272728
jb 0.022727272727272728
march 0.022727272727272728
10 0.022727272727272728
1978 0.022727272727272728
1 0.022727272727272728
51 0.022727272727272728
am 0.022727272727272728
1104 0.022727272727272728
5 0.022727272727272728
1205 0.022727272727272728
1100 0.022727272727272728
6 0.022727272727272728
1107 0.022727272727272728
68 0.022727272727272728
