ca640403 0.09755005707729303
arden 0.07660949882681942
introducing 0.07277764511606206
on 0.010752688172043012
digital 0.010752688172043012
computing 0.010752688172043012
cacm 0.010752688172043012
april 0.010752688172043012
1964 0.010752688172043012
b 0.010752688172043012
w 0.010752688172043012
jb 0.010752688172043012
march 0.010752688172043012
10 0.010752688172043012
1978 0.010752688172043012
1 0.010752688172043012
53 0.010752688172043012
am 0.010752688172043012
1046 0.010752688172043012
4 0.010752688172043012
1105 0.010752688172043012
1139 0.010752688172043012
1140 0.010752688172043012
1234 0.010752688172043012
1263 0.010752688172043012
1265 0.010752688172043012
1496 0.010752688172043012
1781 0.010752688172043012
1824 0.010752688172043012
2126 0.010752688172043012
2546 0.010752688172043012
464 0.010752688172043012
584 0.010752688172043012
631 0.010752688172043012
653 0.010752688172043012
680 0.010752688172043012
763 0.010752688172043012
795 0.010752688172043012
799 0.010752688172043012
945 0.010752688172043012
5 0.010752688172043012
404 0.010752688172043012
