ca640323 0.04628650667442984
rearranged 0.04275004146749134
dilogarithm 0.04068134193632724
slowly 0.03921357626055285
convergent 0.03921357626055285
expansion 0.03319046702006307
illustrated 0.027197619083093524
the 0.025510204081632654
of 0.015306122448979591
series 0.015306122448979591
a 0.01020408163265306
power 0.01020408163265306
chebyshev 0.01020408163265306
polynomials 0.01020408163265306
in 0.01020408163265306
coefficients 0.01020408163265306
march 0.01020408163265306
conversion 0.00510204081632653
to 0.00510204081632653
even 0.00510204081632653
can 0.00510204081632653
be 0.00510204081632653
as 0.00510204081632653
if 0.00510204081632653
appropriate 0.00510204081632653
sequence 0.00510204081632653
transformations 0.00510204081632653
are 0.00510204081632653
used 0.00510204081632653
evaluating 0.00510204081632653
method 0.00510204081632653
is 0.00510204081632653
by 0.00510204081632653
computing 0.00510204081632653
for 0.00510204081632653
logarithm 0.00510204081632653
and 0.00510204081632653
cacm 0.00510204081632653
1964 0.00510204081632653
thacher 0.00510204081632653
jr 0.00510204081632653
h 0.00510204081632653
c 0.00510204081632653
jb 0.00510204081632653
10 0.00510204081632653
1978 0.00510204081632653
2 0.00510204081632653
05 0.00510204081632653
am 0.00510204081632653
249 0.00510204081632653
4 0.00510204081632653
1109 0.00510204081632653
254 0.00510204081632653
272 0.00510204081632653
1102 0.00510204081632653
1140 0.00510204081632653
1188 0.00510204081632653
1306 0.00510204081632653
1464 0.00510204081632653
1491 0.00510204081632653
1767 0.00510204081632653
1781 0.00510204081632653
1787 0.00510204081632653
1949 0.00510204081632653
321 0.00510204081632653
2059 0.00510204081632653
2126 0.00510204081632653
435 0.00510204081632653
437 0.00510204081632653
463 0.00510204081632653
483 0.00510204081632653
491 0.00510204081632653
2732 0.00510204081632653
560 0.00510204081632653
583 0.00510204081632653
3073 0.00510204081632653
627 0.00510204081632653
631 0.00510204081632653
632 0.00510204081632653
642 0.00510204081632653
644 0.00510204081632653
653 0.00510204081632653
680 0.00510204081632653
761 0.00510204081632653
762 0.00510204081632653
763 0.00510204081632653
123 0.00510204081632653
140 0.00510204081632653
919 0.00510204081632653
989 0.00510204081632653
196 0.00510204081632653
5 0.00510204081632653
