macgowan 0.1890032355872552
ca640314 0.1890032355872552
march 0.041666666666666664
fortran 0.020833333333333332
subroutines 0.020833333333333332
for 0.020833333333333332
time 0.020833333333333332
series 0.020833333333333332
data 0.020833333333333332
reduction 0.020833333333333332
cacm 0.020833333333333332
1964 0.020833333333333332
r 0.020833333333333332
a 0.020833333333333332
jb 0.020833333333333332
10 0.020833333333333332
1978 0.020833333333333332
2 0.020833333333333332
39 0.020833333333333332
am 0.020833333333333332
1118 0.020833333333333332
4 0.020833333333333332
826 0.020833333333333332
948 0.020833333333333332
942 0.020833333333333332
5 0.020833333333333332
