compiling 0.07968978323227432
speierman 0.060481035387921676
ca640309 0.060481035387921676
burroughs 0.04749788927262804
anderson 0.04749788927262804
presently 0.045122139971958485
generators 0.04121189033528057
improvement 0.03775626062741378
suggested 0.03373628673697613
algorithms 0.02426038219743506
in 0.013333333333333334
an 0.013333333333333334
march 0.013333333333333334
a 0.006666666666666667
note 0.006666666666666667
on 0.006666666666666667
some 0.006666666666666667
two 0.006666666666666667
for 0.006666666666666667
arithmetic 0.006666666666666667
expressions 0.006666666666666667
are 0.006666666666666667
discussed 0.006666666666666667
one 0.006666666666666667
use 0.006666666666666667
experimental 0.006666666666666667
compiler 0.006666666666666667
and 0.006666666666666667
by 0.006666666666666667
k 0.006666666666666667
of 0.006666666666666667
cacm 0.006666666666666667
1964 0.006666666666666667
j 0.006666666666666667
p 0.006666666666666667
jb 0.006666666666666667
10 0.006666666666666667
1978 0.006666666666666667
3 0.006666666666666667
33 0.006666666666666667
am 0.006666666666666667
1122 0.006666666666666667
5 0.006666666666666667
1551 0.006666666666666667
1945 0.006666666666666667
823 0.006666666666666667
6 0.006666666666666667
914 0.006666666666666667
915 0.006666666666666667
917 0.006666666666666667
984 0.006666666666666667
989 0.006666666666666667
990 0.006666666666666667
1012 0.006666666666666667
1084 0.006666666666666667
1098 0.006666666666666667
1138 0.006666666666666667
1139 0.006666666666666667
1141 0.006666666666666667
1200 0.006666666666666667
1223 0.006666666666666667
1265 0.006666666666666667
1336 0.006666666666666667
1396 0.006666666666666667
1455 0.006666666666666667
1477 0.006666666666666667
1487 0.006666666666666667
1491 0.006666666666666667
1496 0.006666666666666667
483 0.006666666666666667
584 0.006666666666666667
669 0.006666666666666667
680 0.006666666666666667
763 0.006666666666666667
