ca640305 0.20618534791336934
barton 0.18121688680727593
erf 0.16957882218985723
wagner 0.16957882218985723
march 0.045454545454545456
algorithm 0.022727272727272728
123 0.022727272727272728
cacm 0.022727272727272728
1964 0.022727272727272728
s 0.022727272727272728
p 0.022727272727272728
j 0.022727272727272728
f 0.022727272727272728
jb 0.022727272727272728
10 0.022727272727272728
1978 0.022727272727272728
3 0.022727272727272728
37 0.022727272727272728
am 0.022727272727272728
1126 0.022727272727272728
5 0.022727272727272728
1583 0.022727272727272728
831 0.022727272727272728
6 0.022727272727272728
967 0.022727272727272728
707 0.022727272727272728
