ca640303 0.24519338670779056
march 0.05405405405405406
evaluation 0.02702702702702703
of 0.02702702702702703
determinant 0.02702702702702703
algorithm 0.02702702702702703
41 0.02702702702702703
cacm 0.02702702702702703
1964 0.02702702702702703
rotenberg 0.02702702702702703
l 0.02702702702702703
j 0.02702702702702703
jb 0.02702702702702703
10 0.02702702702702703
1978 0.02702702702702703
3 0.02702702702702703
40 0.02702702702702703
am 0.02702702702702703
1128 0.02702702702702703
5 0.02702702702702703
1319 0.02702702702702703
152 0.02702702702702703
6 0.02702702702702703
