ca640302 0.32400554672100895
march 0.07142857142857142
incomplete 0.03571428571428571
beta 0.03571428571428571
function 0.03571428571428571
ratios 0.03571428571428571
algorithm 0.03571428571428571
222 0.03571428571428571
cacm 0.03571428571428571
1964 0.03571428571428571
gautschi 0.03571428571428571
w 0.03571428571428571
jb 0.03571428571428571
10 0.03571428571428571
1978 0.03571428571428571
3 0.03571428571428571
41 0.03571428571428571
am 0.03571428571428571
1129 0.03571428571428571
5 0.03571428571428571
