althm 0.20618534791336934
ca640301 0.20618534791336934
march 0.045454545454545456
gamma 0.022727272727272728
function 0.022727272727272728
221 0.022727272727272728
cacm 0.022727272727272728
1964 0.022727272727272728
gautschi 0.022727272727272728
w 0.022727272727272728
jb 0.022727272727272728
10 0.022727272727272728
1978 0.022727272727272728
3 0.022727272727272728
42 0.022727272727272728
am 0.022727272727272728
1023 0.022727272727272728
5 0.022727272727272728
1130 0.022727272727272728
1222 0.022727272727272728
6 0.022727272727272728
245 0.022727272727272728
310 0.022727272727272728
