iturriaga 0.027325769000567022
ca640211 0.027325769000567022
formulae 0.024016695841928136
manipulating 0.01916051857141393
an 0.0030120481927710845
extension 0.0030120481927710845
to 0.0030120481927710845
algol 0.0030120481927710845
for 0.0030120481927710845
cacm 0.0030120481927710845
february 0.0030120481927710845
1964 0.0030120481927710845
perlis 0.0030120481927710845
a 0.0030120481927710845
j 0.0030120481927710845
r 0.0030120481927710845
jb 0.0030120481927710845
march 0.0030120481927710845
10 0.0030120481927710845
1978 0.0030120481927710845
3 0.0030120481927710845
45 0.0030120481927710845
am 0.0030120481927710845
1024 0.0030120481927710845
4 0.0030120481927710845
1132 0.0030120481927710845
1051 0.0030120481927710845
1086 0.0030120481927710845
1102 0.0030120481927710845
1234 0.0030120481927710845
1263 0.0030120481927710845
1265 0.0030120481927710845
1270 0.0030120481927710845
1323 0.0030120481927710845
1358 0.0030120481927710845
1379 0.0030120481927710845
1380 0.0030120481927710845
1390 0.0030120481927710845
1453 0.0030120481927710845
1464 0.0030120481927710845
1484 0.0030120481927710845
1486 0.0030120481927710845
1491 0.0030120481927710845
1498 0.0030120481927710845
1549 0.0030120481927710845
1613 0.0030120481927710845
1614 0.0030120481927710845
1706 0.0030120481927710845
1781 0.0030120481927710845
1825 0.0030120481927710845
1826 0.0030120481927710845
1860 0.0030120481927710845
1878 0.0030120481927710845
378 0.0030120481927710845
2060 0.0030120481927710845
2083 0.0030120481927710845
2155 0.0030120481927710845
2168 0.0030120481927710845
2178 0.0030120481927710845
2179 0.0030120481927710845
2252 0.0030120481927710845
2325 0.0030120481927710845
2341 0.0030120481927710845
2546 0.0030120481927710845
2645 0.0030120481927710845
2652 0.0030120481927710845
2684 0.0030120481927710845
2719 0.0030120481927710845
2723 0.0030120481927710845
2838 0.0030120481927710845
2842 0.0030120481927710845
2855 0.0030120481927710845
2879 0.0030120481927710845
2929 0.0030120481927710845
2934 0.0030120481927710845
3069 0.0030120481927710845
3077 0.0030120481927710845
3080 0.0030120481927710845
3106 0.0030120481927710845
627 0.0030120481927710845
669 0.0030120481927710845
679 0.0030120481927710845
691 0.0030120481927710845
761 0.0030120481927710845
106 0.0030120481927710845
949 0.0030120481927710845
989 0.0030120481927710845
5 0.0030120481927710845
1214 0.0030120481927710845
210 0.0030120481927710845
1396 0.0030120481927710845
3184 0.0030120481927710845
964 0.0030120481927710845
6 0.0030120481927710845
1028 0.0030120481927710845
1029 0.0030120481927710845
1083 0.0030120481927710845
1278 0.0030120481927710845
1334 0.0030120481927710845
1365 0.0030120481927710845
1386 0.0030120481927710845
1387 0.0030120481927710845
1388 0.0030120481927710845
1392 0.0030120481927710845
1393 0.0030120481927710845
1394 0.0030120481927710845
1395 0.0030120481927710845
1397 0.0030120481927710845
1496 0.0030120481927710845
284 0.0030120481927710845
407 0.0030120481927710845
3199 0.0030120481927710845
3200 0.0030120481927710845
3201 0.0030120481927710845
3202 0.0030120481927710845
3203 0.0030120481927710845
3204 0.0030120481927710845
561 0.0030120481927710845
730 0.0030120481927710845
731 0.0030120481927710845
