ca640207 0.12960221868840358
beginnings 0.11390775742171629
handling 0.07688609478105544
of 0.02857142857142857
a 0.014285714285714285
theory 0.014285714285714285
information 0.014285714285714285
cacm 0.014285714285714285
february 0.014285714285714285
1964 0.014285714285714285
steel 0.014285714285714285
jr 0.014285714285714285
t 0.014285714285714285
b 0.014285714285714285
jb 0.014285714285714285
march 0.014285714285714285
10 0.014285714285714285
1978 0.014285714285714285
4 0.014285714285714285
am 0.014285714285714285
1135 0.014285714285714285
1136 0.014285714285714285
493 0.014285714285714285
2710 0.014285714285714285
2765 0.014285714285714285
2888 0.014285714285714285
2906 0.014285714285714285
729 0.014285714285714285
5 0.014285714285714285
616 0.014285714285714285
657 0.014285714285714285
