ca640206 0.19302458102528192
format 0.12049870413004397
a 0.0425531914893617
language 0.02127659574468085
cacm 0.02127659574468085
february 0.02127659574468085
1964 0.02127659574468085
perlis 0.02127659574468085
j 0.02127659574468085
jb 0.02127659574468085
march 0.02127659574468085
10 0.02127659574468085
1978 0.02127659574468085
4 0.02127659574468085
15 0.02127659574468085
am 0.02127659574468085
1086 0.02127659574468085
5 0.02127659574468085
1137 0.02127659574468085
1496 0.02127659574468085
6 0.02127659574468085
1141 0.02127659574468085
404 0.02127659574468085
3184 0.02127659574468085
