ca640205 0.07753978895887394
iverson 0.0716154540822932
formalism 0.059756107240239165
in 0.008547008547008548
programming 0.008547008547008548
languages 0.008547008547008548
cacm 0.008547008547008548
february 0.008547008547008548
1964 0.008547008547008548
k 0.008547008547008548
e 0.008547008547008548
jb 0.008547008547008548
march 0.008547008547008548
10 0.008547008547008548
1978 0.008547008547008548
4 0.008547008547008548
24 0.008547008547008548
am 0.008547008547008548
1138 0.008547008547008548
5 0.008547008547008548
1945 0.008547008547008548
823 0.008547008547008548
6 0.008547008547008548
914 0.008547008547008548
915 0.008547008547008548
917 0.008547008547008548
984 0.008547008547008548
989 0.008547008547008548
990 0.008547008547008548
1012 0.008547008547008548
1084 0.008547008547008548
1098 0.008547008547008548
1122 0.008547008547008548
1139 0.008547008547008548
1141 0.008547008547008548
1200 0.008547008547008548
1223 0.008547008547008548
1265 0.008547008547008548
1336 0.008547008547008548
1396 0.008547008547008548
1455 0.008547008547008548
1477 0.008547008547008548
1487 0.008547008547008548
1491 0.008547008547008548
1496 0.008547008547008548
483 0.008547008547008548
584 0.008547008547008548
669 0.008547008547008548
680 0.008547008547008548
763 0.008547008547008548
