ca640204 0.019059149807118172
leavenworth 0.015675353311667473
fortran 0.0021008403361344537
iv 0.0021008403361344537
as 0.0021008403361344537
a 0.0021008403361344537
syntax 0.0021008403361344537
language 0.0021008403361344537
cacm 0.0021008403361344537
february 0.0021008403361344537
1964 0.0021008403361344537
b 0.0021008403361344537
m 0.0021008403361344537
jb 0.0021008403361344537
march 0.0021008403361344537
10 0.0021008403361344537
1978 0.0021008403361344537
4 0.0021008403361344537
53 0.0021008403361344537
am 0.0021008403361344537
267 0.0021008403361344537
1139 0.0021008403361344537
1046 0.0021008403361344537
1062 0.0021008403361344537
1105 0.0021008403361344537
1121 0.0021008403361344537
1140 0.0021008403361344537
1141 0.0021008403361344537
1215 0.0021008403361344537
1223 0.0021008403361344537
1234 0.0021008403361344537
1263 0.0021008403361344537
1265 0.0021008403361344537
1496 0.0021008403361344537
1647 0.0021008403361344537
1665 0.0021008403361344537
1781 0.0021008403361344537
1787 0.0021008403361344537
1792 0.0021008403361344537
1824 0.0021008403361344537
1947 0.0021008403361344537
364 0.0021008403361344537
2126 0.0021008403361344537
405 0.0021008403361344537
2546 0.0021008403361344537
438 0.0021008403361344537
464 0.0021008403361344537
556 0.0021008403361344537
584 0.0021008403361344537
3185 0.0021008403361344537
631 0.0021008403361344537
653 0.0021008403361344537
680 0.0021008403361344537
720 0.0021008403361344537
759 0.0021008403361344537
763 0.0021008403361344537
795 0.0021008403361344537
799 0.0021008403361344537
945 0.0021008403361344537
5 0.0021008403361344537
224 0.0021008403361344537
1612 0.0021008403361344537
1945 0.0021008403361344537
399 0.0021008403361344537
404 0.0021008403361344537
823 0.0021008403361344537
6 0.0021008403361344537
123 0.0021008403361344537
196 0.0021008403361344537
914 0.0021008403361344537
915 0.0021008403361344537
917 0.0021008403361344537
919 0.0021008403361344537
984 0.0021008403361344537
989 0.0021008403361344537
990 0.0021008403361344537
1007 0.0021008403361344537
1012 0.0021008403361344537
1084 0.0021008403361344537
1098 0.0021008403361344537
1122 0.0021008403361344537
1131 0.0021008403361344537
1138 0.0021008403361344537
1149 0.0021008403361344537
1198 0.0021008403361344537
1200 0.0021008403361344537
1303 0.0021008403361344537
1323 0.0021008403361344537
1336 0.0021008403361344537
1358 0.0021008403361344537
1366 0.0021008403361344537
1396 0.0021008403361344537
1421 0.0021008403361344537
1455 0.0021008403361344537
1460 0.0021008403361344537
1462 0.0021008403361344537
1463 0.0021008403361344537
1467 0.0021008403361344537
1468 0.0021008403361344537
1477 0.0021008403361344537
1487 0.0021008403361344537
1491 0.0021008403361344537
1531 0.0021008403361344537
1535 0.0021008403361344537
1565 0.0021008403361344537
1601 0.0021008403361344537
1602 0.0021008403361344537
1613 0.0021008403361344537
1614 0.0021008403361344537
1626 0.0021008403361344537
1641 0.0021008403361344537
1788 0.0021008403361344537
205 0.0021008403361344537
249 0.0021008403361344537
288 0.0021008403361344537
316 0.0021008403361344537
381 0.0021008403361344537
398 0.0021008403361344537
11 0.0021008403361344537
410 0.0021008403361344537
463 0.0021008403361344537
483 0.0021008403361344537
3184 0.0021008403361344537
3188 0.0021008403361344537
600 0.0021008403361344537
669 0.0021008403361344537
691 0.0021008403361344537
