ca640203 0.02080769566098223
connections 0.01603546914474308
irons 0.015523672008701313
structural 0.0022935779816513763
in 0.0022935779816513763
formal 0.0022935779816513763
language 0.0022935779816513763
cacm 0.0022935779816513763
february 0.0022935779816513763
1964 0.0022935779816513763
e 0.0022935779816513763
t 0.0022935779816513763
jb 0.0022935779816513763
march 0.0022935779816513763
10 0.0022935779816513763
1978 0.0022935779816513763
4 0.0022935779816513763
55 0.0022935779816513763
am 0.0022935779816513763
249 0.0022935779816513763
1140 0.0022935779816513763
254 0.0022935779816513763
272 0.0022935779816513763
1046 0.0022935779816513763
1102 0.0022935779816513763
1105 0.0022935779816513763
1109 0.0022935779816513763
1139 0.0022935779816513763
1188 0.0022935779816513763
1234 0.0022935779816513763
1263 0.0022935779816513763
1265 0.0022935779816513763
1306 0.0022935779816513763
1464 0.0022935779816513763
1491 0.0022935779816513763
1496 0.0022935779816513763
1767 0.0022935779816513763
1781 0.0022935779816513763
1787 0.0022935779816513763
1824 0.0022935779816513763
1949 0.0022935779816513763
321 0.0022935779816513763
2059 0.0022935779816513763
2126 0.0022935779816513763
2546 0.0022935779816513763
435 0.0022935779816513763
437 0.0022935779816513763
463 0.0022935779816513763
464 0.0022935779816513763
483 0.0022935779816513763
491 0.0022935779816513763
2732 0.0022935779816513763
560 0.0022935779816513763
583 0.0022935779816513763
584 0.0022935779816513763
3073 0.0022935779816513763
627 0.0022935779816513763
631 0.0022935779816513763
632 0.0022935779816513763
642 0.0022935779816513763
644 0.0022935779816513763
653 0.0022935779816513763
680 0.0022935779816513763
761 0.0022935779816513763
762 0.0022935779816513763
763 0.0022935779816513763
795 0.0022935779816513763
799 0.0022935779816513763
123 0.0022935779816513763
140 0.0022935779816513763
919 0.0022935779816513763
945 0.0022935779816513763
989 0.0022935779816513763
196 0.0022935779816513763
5 0.0022935779816513763
2061 0.0022935779816513763
404 0.0022935779816513763
6 0.0022935779816513763
990 0.0022935779816513763
1007 0.0022935779816513763
1131 0.0022935779816513763
1141 0.0022935779816513763
1149 0.0022935779816513763
1198 0.0022935779816513763
1215 0.0022935779816513763
1223 0.0022935779816513763
1303 0.0022935779816513763
1323 0.0022935779816513763
1358 0.0022935779816513763
1366 0.0022935779816513763
1421 0.0022935779816513763
1460 0.0022935779816513763
1462 0.0022935779816513763
1463 0.0022935779816513763
1467 0.0022935779816513763
1468 0.0022935779816513763
1477 0.0022935779816513763
1531 0.0022935779816513763
1535 0.0022935779816513763
1565 0.0022935779816513763
1601 0.0022935779816513763
1602 0.0022935779816513763
1613 0.0022935779816513763
1614 0.0022935779816513763
1626 0.0022935779816513763
1641 0.0022935779816513763
1788 0.0022935779816513763
205 0.0022935779816513763
1825 0.0022935779816513763
224 0.0022935779816513763
288 0.0022935779816513763
316 0.0022935779816513763
381 0.0022935779816513763
398 0.0022935779816513763
11 0.0022935779816513763
410 0.0022935779816513763
3184 0.0022935779816513763
3188 0.0022935779816513763
600 0.0022935779816513763
691 0.0022935779816513763
729 0.0022935779816513763
773 0.0022935779816513763
