ca640202 0.03397810976849532
floyd 0.023152747379371105
bounded 0.022936194679412953
context 0.003745318352059925
syntactic 0.003745318352059925
analysis 0.003745318352059925
cacm 0.003745318352059925
february 0.003745318352059925
1964 0.003745318352059925
r 0.003745318352059925
w 0.003745318352059925
jb 0.003745318352059925
march 0.003745318352059925
10 0.003745318352059925
1978 0.003745318352059925
4 0.003745318352059925
56 0.003745318352059925
am 0.003745318352059925
267 0.003745318352059925
1141 0.003745318352059925
1134 0.003745318352059925
1139 0.003745318352059925
1215 0.003745318352059925
1223 0.003745318352059925
1647 0.003745318352059925
1781 0.003745318352059925
1787 0.003745318352059925
1792 0.003745318352059925
364 0.003745318352059925
405 0.003745318352059925
438 0.003745318352059925
561 0.003745318352059925
44 0.003745318352059925
763 0.003745318352059925
5 0.003745318352059925
224 0.003745318352059925
1496 0.003745318352059925
1683 0.003745318352059925
1768 0.003745318352059925
1945 0.003745318352059925
2061 0.003745318352059925
77 0.003745318352059925
823 0.003745318352059925
6 0.003745318352059925
196 0.003745318352059925
914 0.003745318352059925
915 0.003745318352059925
917 0.003745318352059925
984 0.003745318352059925
989 0.003745318352059925
990 0.003745318352059925
1012 0.003745318352059925
1084 0.003745318352059925
1098 0.003745318352059925
1122 0.003745318352059925
1137 0.003745318352059925
1138 0.003745318352059925
1140 0.003745318352059925
1200 0.003745318352059925
1265 0.003745318352059925
1336 0.003745318352059925
1396 0.003745318352059925
1455 0.003745318352059925
1477 0.003745318352059925
1487 0.003745318352059925
1491 0.003745318352059925
1825 0.003745318352059925
404 0.003745318352059925
483 0.003745318352059925
584 0.003745318352059925
669 0.003745318352059925
680 0.003745318352059925
773 0.003745318352059925
799 0.003745318352059925
