ca640201 0.18514602669771937
rose 0.17100016586996536
algol-like 0.1522748607419126
an 0.02040816326530612
extension 0.02040816326530612
of 0.02040816326530612
languages 0.02040816326530612
cacm 0.02040816326530612
february 0.02040816326530612
1964 0.02040816326530612
g 0.02040816326530612
f 0.02040816326530612
jb 0.02040816326530612
march 0.02040816326530612
10 0.02040816326530612
1978 0.02040816326530612
4 0.02040816326530612
57 0.02040816326530612
am 0.02040816326530612
1102 0.02040816326530612
1142 0.02040816326530612
1781 0.02040816326530612
1945 0.02040816326530612
762 0.02040816326530612
949 0.02040816326530612
5 0.02040816326530612
483 0.02040816326530612
