gargoyle 0.04340744166597249
ca640106 0.04340744166597249
a 0.004784688995215311
language 0.004784688995215311
for 0.004784688995215311
compiler 0.004784688995215311
writing 0.004784688995215311
cacm 0.004784688995215311
january 0.004784688995215311
1964 0.004784688995215311
garwick 0.004784688995215311
j 0.004784688995215311
v 0.004784688995215311
jb 0.004784688995215311
march 0.004784688995215311
10 0.004784688995215311
1978 0.004784688995215311
5 0.004784688995215311
35 0.004784688995215311
am 0.004784688995215311
1149 0.004784688995215311
1781 0.004784688995215311
123 0.004784688995215311
6 0.004784688995215311
196 0.004784688995215311
919 0.004784688995215311
990 0.004784688995215311
1007 0.004784688995215311
1046 0.004784688995215311
1131 0.004784688995215311
1139 0.004784688995215311
1140 0.004784688995215311
1198 0.004784688995215311
1215 0.004784688995215311
1223 0.004784688995215311
1265 0.004784688995215311
1303 0.004784688995215311
1323 0.004784688995215311
1358 0.004784688995215311
1366 0.004784688995215311
1421 0.004784688995215311
1460 0.004784688995215311
1462 0.004784688995215311
1463 0.004784688995215311
1467 0.004784688995215311
1468 0.004784688995215311
1477 0.004784688995215311
1491 0.004784688995215311
1496 0.004784688995215311
1531 0.004784688995215311
1535 0.004784688995215311
1565 0.004784688995215311
1601 0.004784688995215311
1602 0.004784688995215311
1613 0.004784688995215311
1614 0.004784688995215311
1626 0.004784688995215311
1641 0.004784688995215311
1787 0.004784688995215311
1788 0.004784688995215311
205 0.004784688995215311
224 0.004784688995215311
249 0.004784688995215311
288 0.004784688995215311
316 0.004784688995215311
381 0.004784688995215311
398 0.004784688995215311
11 0.004784688995215311
404 0.004784688995215311
410 0.004784688995215311
463 0.004784688995215311
464 0.004784688995215311
483 0.004784688995215311
3184 0.004784688995215311
3188 0.004784688995215311
584 0.004784688995215311
600 0.004784688995215311
680 0.004784688995215311
691 0.004784688995215311
763 0.004784688995215311
799 0.004784688995215311
