ca651212 0.1277768353265951
procedure 0.014084507042253521
for 0.014084507042253521
the 0.014084507042253521
normal 0.014084507042253521
distribution 0.014084507042253521
functions 0.014084507042253521
algorithm 0.014084507042253521
272 0.014084507042253521
s15 0.014084507042253521
cacm 0.014084507042253521
december 0.014084507042253521
1965 0.014084507042253521
maclaren 0.014084507042253521
m 0.014084507042253521
d 0.014084507042253521
jb 0.014084507042253521
march 0.014084507042253521
6 0.014084507042253521
1978 0.014084507042253521
3 0.014084507042253521
37 0.014084507042253521
pm 0.014084507042253521
1157 0.014084507042253521
4 0.014084507042253521
1779 0.014084507042253521
1920 0.014084507042253521
1944 0.014084507042253521
1987 0.014084507042253521
2548 0.014084507042253521
1081 0.014084507042253521
5 0.014084507042253521
485 0.014084507042253521
714 0.014084507042253521
836 0.014084507042253521
