ca651106 0.04652387337532436
scowen 0.042969272449375914
quickersort 0.040889964202667384
m1 0.03297100322540739
algorithm 0.005128205128205128
271 0.005128205128205128
cacm 0.005128205128205128
november 0.005128205128205128
1965 0.005128205128205128
r 0.005128205128205128
s 0.005128205128205128
jb 0.005128205128205128
march 0.005128205128205128
6 0.005128205128205128
1978 0.005128205128205128
5 0.005128205128205128
02 0.005128205128205128
pm 0.005128205128205128
1175 0.005128205128205128
4 0.005128205128205128
1919 0.005128205128205128
1969 0.005128205128205128
1997 0.005128205128205128
2017 0.005128205128205128
2041 0.005128205128205128
2191 0.005128205128205128
2216 0.005128205128205128
2388 0.005128205128205128
2679 0.005128205128205128
3054 0.005128205128205128
3121 0.005128205128205128
308 0.005128205128205128
2118 0.005128205128205128
2348 0.005128205128205128
864 0.005128205128205128
970 0.005128205128205128
1190 0.005128205128205128
1228 0.005128205128205128
1880 0.005128205128205128
1980 0.005128205128205128
307 0.005128205128205128
309 0.005128205128205128
2042 0.005128205128205128
74 0.005128205128205128
3187 0.005128205128205128
507 0.005128205128205128
716 0.005128205128205128
776 0.005128205128205128
783 0.005128205128205128
