pfann 0.12600215705817014
ca651104 0.12600215705817014
determinant 0.013888888888888888
evaluation 0.013888888888888888
algorithm 0.013888888888888888
269 0.013888888888888888
f3 0.013888888888888888
cacm 0.013888888888888888
november 0.013888888888888888
1965 0.013888888888888888
j 0.013888888888888888
jb 0.013888888888888888
march 0.013888888888888888
6 0.013888888888888888
1978 0.013888888888888888
5 0.013888888888888888
05 0.013888888888888888
pm 0.013888888888888888
1177 0.013888888888888888
4 0.013888888888888888
806 0.013888888888888888
1931 0.013888888888888888
1946 0.013888888888888888
454 0.013888888888888888
878 0.013888888888888888
902 0.013888888888888888
1093 0.013888888888888888
1387 0.013888888888888888
1393 0.013888888888888888
311 0.013888888888888888
360 0.013888888888888888
731 0.013888888888888888
