ca651005 0.09969401437569507
pseudo-random 0.07554868935002232
hill 0.06430802487823756
numbers 0.01098901098901099
algorithm 0.01098901098901099
266 0.01098901098901099
g5 0.01098901098901099
cacm 0.01098901098901099
october 0.01098901098901099
1965 0.01098901098901099
pike 0.01098901098901099
m 0.01098901098901099
c 0.01098901098901099
i 0.01098901098901099
d 0.01098901098901099
jb 0.01098901098901099
march 0.01098901098901099
6 0.01098901098901099
1978 0.01098901098901099
51 0.01098901098901099
pm 0.01098901098901099
1190 0.01098901098901099
4 0.01098901098901099
5 0.01098901098901099
1663 0.01098901098901099
2195 0.01098901098901099
2679 0.01098901098901099
456 0.01098901098901099
970 0.01098901098901099
1175 0.01098901098901099
1228 0.01098901098901099
1648 0.01098901098901099
1969 0.01098901098901099
1997 0.01098901098901099
308 0.01098901098901099
2042 0.01098901098901099
3187 0.01098901098901099
507 0.01098901098901099
716 0.01098901098901099
783 0.01098901098901099
