l2 0.1487238575112828
ca651004 0.1487238575112828
precedence 0.10134071393921451
find 0.09034195912322705
functions 0.01639344262295082
algorithm 0.01639344262295082
265 0.01639344262295082
cacm 0.01639344262295082
october 0.01639344262295082
1965 0.01639344262295082
wirth 0.01639344262295082
n 0.01639344262295082
jb 0.01639344262295082
march 0.01639344262295082
6 0.01639344262295082
1978 0.01639344262295082
52 0.01639344262295082
pm 0.01639344262295082
1191 0.01639344262295082
5 0.01639344262295082
1836 0.01639344262295082
2340 0.01639344262295082
1477 0.01639344262295082
1491 0.01639344262295082
1683 0.01639344262295082
1781 0.01639344262295082
577 0.01639344262295082
