sequential-cyclic 0.024992163383438706
engaged 0.024992163383438706
moment 0.019627226972160346
cycle 0.017524220842174726
concurrent 0.017180280889338703
dijkstra 0.017180280889338703
section 0.016870424185683908
restricted 0.01659471217863988
independent 0.01425451038538743
of 0.013774104683195593
a 0.008264462809917356
in 0.008264462809917356
with 0.005509641873278237
one 0.005509641873278237
solution 0.0027548209366391185
problem 0.0027548209366391185
programming 0.0027548209366391185
control 0.0027548209366391185
number 0.0027548209366391185
mainly 0.0027548209366391185
processes 0.0027548209366391185
means 0.0027548209366391185
communication 0.0027548209366391185
each 0.0027548209366391185
other 0.0027548209366391185
can 0.0027548209366391185
be 0.0027548209366391185
made 0.0027548209366391185
such 0.0027548209366391185
way 0.0027548209366391185
that 0.0027548209366391185
at 0.0027548209366391185
any 0.0027548209366391185
and 0.0027548209366391185
only 0.0027548209366391185
them 0.0027548209366391185
is 0.0027548209366391185
the 0.0027548209366391185
critical 0.0027548209366391185
its 0.0027548209366391185
cacm 0.0027548209366391185
september 0.0027548209366391185
1965 0.0027548209366391185
e 0.0027548209366391185
w 0.0027548209366391185
ca650908 0.0027548209366391185
jb 0.0027548209366391185
march 0.0027548209366391185
6 0.0027548209366391185
1978 0.0027548209366391185
7 0.0027548209366391185
24 0.0027548209366391185
pm 0.0027548209366391185
1198 0.0027548209366391185
5 0.0027548209366391185
1781 0.0027548209366391185
2150 0.0027548209366391185
2228 0.0027548209366391185
2256 0.0027548209366391185
2317 0.0027548209366391185
2342 0.0027548209366391185
2376 0.0027548209366391185
2618 0.0027548209366391185
3184 0.0027548209366391185
123 0.0027548209366391185
196 0.0027548209366391185
919 0.0027548209366391185
990 0.0027548209366391185
1007 0.0027548209366391185
1046 0.0027548209366391185
1131 0.0027548209366391185
1139 0.0027548209366391185
1140 0.0027548209366391185
1149 0.0027548209366391185
1215 0.0027548209366391185
1223 0.0027548209366391185
1265 0.0027548209366391185
1303 0.0027548209366391185
1323 0.0027548209366391185
1338 0.0027548209366391185
1358 0.0027548209366391185
1366 0.0027548209366391185
1421 0.0027548209366391185
1460 0.0027548209366391185
1462 0.0027548209366391185
1463 0.0027548209366391185
1467 0.0027548209366391185
1468 0.0027548209366391185
1477 0.0027548209366391185
1491 0.0027548209366391185
1496 0.0027548209366391185
1531 0.0027548209366391185
1535 0.0027548209366391185
1565 0.0027548209366391185
1572 0.0027548209366391185
1601 0.0027548209366391185
1602 0.0027548209366391185
1613 0.0027548209366391185
1614 0.0027548209366391185
1626 0.0027548209366391185
1641 0.0027548209366391185
1693 0.0027548209366391185
1749 0.0027548209366391185
1753 0.0027548209366391185
1787 0.0027548209366391185
1788 0.0027548209366391185
205 0.0027548209366391185
224 0.0027548209366391185
249 0.0027548209366391185
1877 0.0027548209366391185
288 0.0027548209366391185
1960 0.0027548209366391185
316 0.0027548209366391185
381 0.0027548209366391185
398 0.0027548209366391185
11 0.0027548209366391185
2126 0.0027548209366391185
2148 0.0027548209366391185
404 0.0027548209366391185
410 0.0027548209366391185
463 0.0027548209366391185
464 0.0027548209366391185
483 0.0027548209366391185
3188 0.0027548209366391185
557 0.0027548209366391185
584 0.0027548209366391185
600 0.0027548209366391185
680 0.0027548209366391185
691 0.0027548209366391185
763 0.0027548209366391185
799 0.0027548209366391185
