ca650817 0.2212720806875183
dodd 0.20436605189337326
remarks 0.14817497110326408
g 0.04878048780487805
on 0.024390243902439025
simulation 0.024390243902439025
of 0.024390243902439025
boolean 0.024390243902439025
functions 0.024390243902439025
cacm 0.024390243902439025
august 0.024390243902439025
1965 0.024390243902439025
jb 0.024390243902439025
march 0.024390243902439025
6 0.024390243902439025
1978 0.024390243902439025
7 0.024390243902439025
52 0.024390243902439025
pm 0.024390243902439025
1207 0.024390243902439025
4 0.024390243902439025
1208 0.024390243902439025
3053 0.024390243902439025
5 0.024390243902439025
1329 0.024390243902439025
