ca650816 0.1890032355872552
weingarten 0.16611547957333625
simulation 0.020833333333333332
of 0.020833333333333332
computer 0.020833333333333332
logic 0.020833333333333332
by 0.020833333333333332
fortran 0.020833333333333332
arithmetic 0.020833333333333332
cacm 0.020833333333333332
august 0.020833333333333332
1965 0.020833333333333332
f 0.020833333333333332
w 0.020833333333333332
jb 0.020833333333333332
march 0.020833333333333332
6 0.020833333333333332
1978 0.020833333333333332
7 0.020833333333333332
53 0.020833333333333332
pm 0.020833333333333332
1207 0.020833333333333332
4 0.020833333333333332
1208 0.020833333333333332
3053 0.020833333333333332
5 0.020833333333333332
1329 0.020833333333333332
1409 0.020833333333333332
