labelling 0.2749137972178258
ca601114 0.2749137972178258
over-all 0.24162251574303456
computation 0.030303030303030304
control 0.030303030303030304
and 0.030303030303030304
cacm 0.030303030303030304
november 0.030303030303030304
1960 0.030303030303030304
holt 0.030303030303030304
a 0.030303030303030304
jb 0.030303030303030304
march 0.030303030303030304
20 0.030303030303030304
1978 0.030303030303030304
6 0.030303030303030304
58 0.030303030303030304
pm 0.030303030303030304
121 0.030303030303030304
4 0.030303030303030304
5 0.030303030303030304
221 0.030303030303030304
