ca650810 0.04123706958267386
lapidus 0.038086400580128646
goldstein 0.03391576443797144
a 0.01818181818181818
of 0.013636363636363636
algebraic 0.00909090909090909
computer 0.00909090909090909
some 0.004545454545454545
experiments 0.004545454545454545
in 0.004545454545454545
manipulation 0.004545454545454545
by 0.004545454545454545
set 0.004545454545454545
subroutines 0.004545454545454545
to 0.004545454545454545
allow 0.004545454545454545
manipulations 0.004545454545454545
on 0.004545454545454545
the 0.004545454545454545
ibm 0.004545454545454545
7094 0.004545454545454545
has 0.004545454545454545
been 0.004545454545454545
written 0.004545454545454545
list 0.004545454545454545
processor 0.004545454545454545
slip 0.004545454545454545
series 0.004545454545454545
four 0.004545454545454545
problems 0.004545454545454545
increasing 0.004545454545454545
difficulty 0.004545454545454545
were 0.004545454545454545
solved 0.004545454545454545
using 0.004545454545454545
these 0.004545454545454545
routines 0.004545454545454545
cacm 0.004545454545454545
august 0.004545454545454545
1965 0.004545454545454545
m 0.004545454545454545
jb 0.004545454545454545
march 0.004545454545454545
6 0.004545454545454545
1978 0.004545454545454545
8 0.004545454545454545
10 0.004545454545454545
pm 0.004545454545454545
1024 0.004545454545454545
4 0.004545454545454545
1214 0.004545454545454545
1051 0.004545454545454545
1098 0.004545454545454545
1380 0.004545454545454545
1388 0.004545454545454545
1393 0.004545454545454545
1396 0.004545454545454545
1485 0.004545454545454545
1487 0.004545454545454545
1549 0.004545454545454545
1570 0.004545454545454545
1878 0.004545454545454545
1946 0.004545454545454545
1957 0.004545454545454545
2168 0.004545454545454545
2723 0.004545454545454545
2857 0.004545454545454545
3112 0.004545454545454545
1132 0.004545454545454545
5 0.004545454545454545
731 0.004545454545454545
964 0.004545454545454545
1028 0.004545454545454545
1029 0.004545454545454545
1083 0.004545454545454545
1278 0.004545454545454545
1334 0.004545454545454545
1365 0.004545454545454545
1386 0.004545454545454545
1387 0.004545454545454545
1392 0.004545454545454545
1394 0.004545454545454545
1395 0.004545454545454545
1397 0.004545454545454545
1496 0.004545454545454545
284 0.004545454545454545
407 0.004545454545454545
3199 0.004545454545454545
3200 0.004545454545454545
3201 0.004545454545454545
3202 0.004545454545454545
3203 0.004545454545454545
3204 0.004545454545454545
561 0.004545454545454545
730 0.004545454545454545
