ca650809 0.024787309585213798
wiehle 0.022893464829585528
illinois 0.020999620073957267
paul 0.020386525072004693
organizational 0.01946634806255247
indication 0.019102362150568257
gries 0.019102362150568257
timing 0.01720851739493999
compiler 0.01092896174863388
the 0.00819672131147541
some 0.00546448087431694
techniques 0.00546448087431694
in 0.00546448087431694
alcor 0.00546448087431694
an 0.00546448087431694
of 0.00546448087431694
are 0.00546448087431694
used 0.00273224043715847
7090 0.00273224043715847
algol 0.00273224043715847
has 0.00273224043715847
been 0.00273224043715847
written 0.00273224043715847
by 0.00273224043715847
group 0.00273224043715847
for 0.00273224043715847
ibm 0.00273224043715847
little 0.00273224043715847
known 0.00273224043715847
but 0.00273224043715847
significant 0.00273224043715847
writing 0.00273224043715847
together 0.00273224043715847
with 0.00273224043715847
details 0.00273224043715847
this 0.00273224043715847
described 0.00273224043715847
estimates 0.00273224043715847
and 0.00273224043715847
requirements 0.00273224043715847
also 0.00273224043715847
given 0.00273224043715847
cacm 0.00273224043715847
august 0.00273224043715847
1965 0.00273224043715847
d 0.00273224043715847
m 0.00273224043715847
h 0.00273224043715847
r 0.00273224043715847
jb 0.00273224043715847
march 0.00273224043715847
6 0.00273224043715847
1978 0.00273224043715847
8 0.00273224043715847
13 0.00273224043715847
pm 0.00273224043715847
267 0.00273224043715847
4 0.00273224043715847
1215 0.00273224043715847
1139 0.00273224043715847
1141 0.00273224043715847
1223 0.00273224043715847
1647 0.00273224043715847
1682 0.00273224043715847
1781 0.00273224043715847
1787 0.00273224043715847
1792 0.00273224043715847
1945 0.00273224043715847
364 0.00273224043715847
405 0.00273224043715847
438 0.00273224043715847
2603 0.00273224043715847
763 0.00273224043715847
1025 0.00273224043715847
5 0.00273224043715847
224 0.00273224043715847
1498 0.00273224043715847
123 0.00273224043715847
196 0.00273224043715847
919 0.00273224043715847
990 0.00273224043715847
1007 0.00273224043715847
1046 0.00273224043715847
1131 0.00273224043715847
1140 0.00273224043715847
1149 0.00273224043715847
1198 0.00273224043715847
1265 0.00273224043715847
1303 0.00273224043715847
1323 0.00273224043715847
1358 0.00273224043715847
1366 0.00273224043715847
1421 0.00273224043715847
1460 0.00273224043715847
1462 0.00273224043715847
1463 0.00273224043715847
1467 0.00273224043715847
1468 0.00273224043715847
1477 0.00273224043715847
1491 0.00273224043715847
1496 0.00273224043715847
1531 0.00273224043715847
1535 0.00273224043715847
1565 0.00273224043715847
1601 0.00273224043715847
1602 0.00273224043715847
1613 0.00273224043715847
1614 0.00273224043715847
1626 0.00273224043715847
1641 0.00273224043715847
1788 0.00273224043715847
205 0.00273224043715847
249 0.00273224043715847
288 0.00273224043715847
316 0.00273224043715847
381 0.00273224043715847
398 0.00273224043715847
11 0.00273224043715847
404 0.00273224043715847
410 0.00273224043715847
463 0.00273224043715847
464 0.00273224043715847
483 0.00273224043715847
3184 0.00273224043715847
3188 0.00273224043715847
584 0.00273224043715847
600 0.00273224043715847
680 0.00273224043715847
691 0.00273224043715847
799 0.00273224043715847
