ca650802 0.17117274166392923
s16 0.15809449297411893
legendre 0.12770416973195794
functions 0.018867924528301886
for 0.018867924528301886
arguments 0.018867924528301886
larger 0.018867924528301886
than 0.018867924528301886
one 0.018867924528301886
algorithm 0.018867924528301886
259 0.018867924528301886
cacm 0.018867924528301886
august 0.018867924528301886
1965 0.018867924528301886
gautschi 0.018867924528301886
w 0.018867924528301886
jb 0.018867924528301886
march 0.018867924528301886
6 0.018867924528301886
1978 0.018867924528301886
8 0.018867924528301886
30 0.018867924528301886
pm 0.018867924528301886
1023 0.018867924528301886
4 0.018867924528301886
1222 0.018867924528301886
1130 0.018867924528301886
5 0.018867924528301886
245 0.018867924528301886
310 0.018867924528301886
