the 0.03088803088803089
passes 0.027508430080672608
hasto 0.017513813336270754
bulky 0.017513813336270754
calculable 0.017513813336270754
ca650801 0.017513813336270754
three-pass 0.016175691366077806
preceding 0.015392940192123823
fortran-like 0.015392940192123823
gear 0.014837569395884865
remove 0.014054818221930878
subexpression 0.013754215040336304
double 0.013497035805227764
reverse 0.013272067047976894
dependent 0.012558555088672515
last 0.012411864148560697
essentially 0.011933945077783949
loops 0.011822324284562275
is 0.011583011583011582
compilation 0.010877855189632501
of 0.009652509652509652
in 0.007722007722007722
which 0.005791505791505791
to 0.005791505791505791
efficient 0.003861003861003861
object 0.003861003861003861
code 0.003861003861003861
a 0.003861003861003861
compiler 0.003861003861003861
two 0.003861003861003861
scan 0.003861003861003861
language 0.003861003861003861
by 0.003861003861003861
pass 0.003861003861003861
first 0.003861003861003861
one 0.003861003861003861
expressions 0.003861003861003861
and 0.003861003861003861
important 0.003861003861003861
as 0.003861003861003861
although 0.003861003861003861
most 0.003861003861003861
high 0.0019305019305019305
speed 0.0019305019305019305
with 0.0019305019305019305
following 0.0019305019305019305
properties 0.0019305019305019305
briefly 0.0019305019305019305
described 0.0019305019305019305
an 0.0019305019305019305
intermediate 0.0019305019305019305
produced 0.0019305019305019305
order 0.0019305019305019305
it 0.0019305019305019305
was 0.0019305019305019305
generated 0.0019305019305019305
so 0.0019305019305019305
that 0.0019305019305019305
only 0.0019305019305019305
read 0.0019305019305019305
problem-oriented 0.0019305019305019305
input 0.0019305019305019305
either 0.0019305019305019305
direction 0.0019305019305019305
performed 0.0019305019305019305
allows 0.0019305019305019305
locally 0.0019305019305019305
constant 0.0019305019305019305
recursively 0.0019305019305019305
from 0.0019305019305019305
do 0.0019305019305019305
part 0.0019305019305019305
common 0.0019305019305019305
recognition 0.0019305019305019305
optimization 0.0019305019305019305
such 0.0019305019305019305
effective 0.0019305019305019305
use 0.0019305019305019305
index 0.0019305019305019305
registers 0.0019305019305019305
not 0.0019305019305019305
discussed 0.0019305019305019305
since 0.0019305019305019305
would 0.0019305019305019305
be 0.0019305019305019305
highly 0.0019305019305019305
machine 0.0019305019305019305
discussion 0.0019305019305019305
terms 0.0019305019305019305
technique 0.0019305019305019305
applicable 0.0019305019305019305
algebraic 0.0019305019305019305
languages 0.0019305019305019305
cacm 0.0019305019305019305
august 0.0019305019305019305
1965 0.0019305019305019305
c 0.0019305019305019305
w 0.0019305019305019305
jb 0.0019305019305019305
march 0.0019305019305019305
6 0.0019305019305019305
1978 0.0019305019305019305
8 0.0019305019305019305
45 0.0019305019305019305
pm 0.0019305019305019305
267 0.0019305019305019305
4 0.0019305019305019305
1223 0.0019305019305019305
1139 0.0019305019305019305
1141 0.0019305019305019305
1215 0.0019305019305019305
1388 0.0019305019305019305
1647 0.0019305019305019305
1781 0.0019305019305019305
1787 0.0019305019305019305
1792 0.0019305019305019305
364 0.0019305019305019305
405 0.0019305019305019305
436 0.0019305019305019305
438 0.0019305019305019305
763 0.0019305019305019305
5 0.0019305019305019305
224 0.0019305019305019305
1807 0.0019305019305019305
1945 0.0019305019305019305
1947 0.0019305019305019305
823 0.0019305019305019305
123 0.0019305019305019305
196 0.0019305019305019305
914 0.0019305019305019305
915 0.0019305019305019305
917 0.0019305019305019305
919 0.0019305019305019305
984 0.0019305019305019305
989 0.0019305019305019305
990 0.0019305019305019305
1007 0.0019305019305019305
1012 0.0019305019305019305
1046 0.0019305019305019305
1084 0.0019305019305019305
1098 0.0019305019305019305
1122 0.0019305019305019305
1131 0.0019305019305019305
1134 0.0019305019305019305
1138 0.0019305019305019305
1140 0.0019305019305019305
1149 0.0019305019305019305
1198 0.0019305019305019305
1200 0.0019305019305019305
1248 0.0019305019305019305
1265 0.0019305019305019305
1303 0.0019305019305019305
1323 0.0019305019305019305
1336 0.0019305019305019305
1358 0.0019305019305019305
1366 0.0019305019305019305
1396 0.0019305019305019305
1421 0.0019305019305019305
1455 0.0019305019305019305
1460 0.0019305019305019305
1462 0.0019305019305019305
1463 0.0019305019305019305
1467 0.0019305019305019305
1468 0.0019305019305019305
1477 0.0019305019305019305
1487 0.0019305019305019305
1491 0.0019305019305019305
1496 0.0019305019305019305
1531 0.0019305019305019305
1535 0.0019305019305019305
1551 0.0019305019305019305
1565 0.0019305019305019305
1601 0.0019305019305019305
1602 0.0019305019305019305
1613 0.0019305019305019305
1614 0.0019305019305019305
1626 0.0019305019305019305
1641 0.0019305019305019305
1788 0.0019305019305019305
205 0.0019305019305019305
249 0.0019305019305019305
288 0.0019305019305019305
316 0.0019305019305019305
381 0.0019305019305019305
398 0.0019305019305019305
399 0.0019305019305019305
11 0.0019305019305019305
404 0.0019305019305019305
410 0.0019305019305019305
463 0.0019305019305019305
464 0.0019305019305019305
483 0.0019305019305019305
3184 0.0019305019305019305
3188 0.0019305019305019305
584 0.0019305019305019305
600 0.0019305019305019305
669 0.0019305019305019305
680 0.0019305019305019305
691 0.0019305019305019305
799 0.0019305019305019305
