abrams 0.11937046458142433
ca650707 0.11937046458142433
treesort 0.09817721284675944
3 0.013157894736842105
algorithm 0.013157894736842105
245 0.013157894736842105
m1 0.013157894736842105
cacm 0.013157894736842105
july 0.013157894736842105
1965 0.013157894736842105
p 0.013157894736842105
s 0.013157894736842105
jb 0.013157894736842105
march 0.013157894736842105
6 0.013157894736842105
1978 0.013157894736842105
8 0.013157894736842105
59 0.013157894736842105
pm 0.013157894736842105
1228 0.013157894736842105
5 0.013157894736842105
2042 0.013157894736842105
2679 0.013157894736842105
970 0.013157894736842105
1175 0.013157894736842105
1190 0.013157894736842105
1969 0.013157894736842105
1997 0.013157894736842105
308 0.013157894736842105
3187 0.013157894736842105
507 0.013157894736842105
716 0.013157894736842105
783 0.013157894736842105
