neliac 0.05351371154040362
countess 0.04059129891806823
boot-strap 0.020295649459034115
masterson 0.020295649459034115
ca601112 0.020295649459034115
diego 0.018744984625566674
remington 0.018744984625566674
cdc-1604 0.018744984625566674
navy 0.017837903846801208
san 0.01719431979209924
accepted 0.01669232254217834
versions 0.01628723901333377
california 0.015938889017660413
univac 0.0153801582345683
a 0.008948545861297539
for 0.006711409395973154
compiler 0.006711409395973154
the 0.006711409395973154
was 0.0044742729306487695
as 0.0044742729306487695
of 0.0044742729306487695
compilation 0.0022371364653243847
two 0.0022371364653243847
computers 0.0022371364653243847
with 0.0022371364653243847
based 0.0022371364653243847
on 0.0022371364653243847
algol 0.0022371364653243847
developed 0.0022371364653243847
at 0.0022371364653243847
u 0.0022371364653243847
electronics 0.0022371364653243847
laboratory 0.0022371364653243847
rand 0.0022371364653243847
computer 0.0022371364653243847
this 0.0022371364653243847
used 0.0022371364653243847
to 0.0022371364653243847
generate 0.0022371364653243847
version 0.0022371364653243847
itself 0.0022371364653243847
which 0.0022371364653243847
running 0.0022371364653243847
program 0.0022371364653243847
generated 0.0022371364653243847
machine 0.0022371364653243847
code 0.0022371364653243847
control 0.0022371364653243847
data 0.0022371364653243847
corporation 0.0022371364653243847
all 0.0022371364653243847
three 0.0022371364653243847
essentially 0.0022371364653243847
identical 0.0022371364653243847
input 0.0022371364653243847
language 0.0022371364653243847
cacm 0.0022371364653243847
november 0.0022371364653243847
1960 0.0022371364653243847
jr 0.0022371364653243847
k 0.0022371364653243847
s 0.0022371364653243847
jb 0.0022371364653243847
march 0.0022371364653243847
20 0.0022371364653243847
1978 0.0022371364653243847
7 0.0022371364653243847
03 0.0022371364653243847
pm 0.0022371364653243847
205 0.0022371364653243847
4 0.0022371364653243847
123 0.0022371364653243847
210 0.0022371364653243847
214 0.0022371364653243847
249 0.0022371364653243847
254 0.0022371364653243847
272 0.0022371364653243847
1102 0.0022371364653243847
1109 0.0022371364653243847
1140 0.0022371364653243847
1188 0.0022371364653243847
1306 0.0022371364653243847
1464 0.0022371364653243847
1491 0.0022371364653243847
1767 0.0022371364653243847
1781 0.0022371364653243847
1787 0.0022371364653243847
1949 0.0022371364653243847
1982 0.0022371364653243847
321 0.0022371364653243847
398 0.0022371364653243847
2059 0.0022371364653243847
2126 0.0022371364653243847
435 0.0022371364653243847
437 0.0022371364653243847
463 0.0022371364653243847
483 0.0022371364653243847
491 0.0022371364653243847
2732 0.0022371364653243847
560 0.0022371364653243847
583 0.0022371364653243847
3073 0.0022371364653243847
627 0.0022371364653243847
631 0.0022371364653243847
632 0.0022371364653243847
637 0.0022371364653243847
642 0.0022371364653243847
644 0.0022371364653243847
653 0.0022371364653243847
669 0.0022371364653243847
680 0.0022371364653243847
761 0.0022371364653243847
762 0.0022371364653243847
763 0.0022371364653243847
100 0.0022371364653243847
140 0.0022371364653243847
164 0.0022371364653243847
919 0.0022371364653243847
989 0.0022371364653243847
5 0.0022371364653243847
165 0.0022371364653243847
196 0.0022371364653243847
1 0.0022371364653243847
6 0.0022371364653243847
990 0.0022371364653243847
1007 0.0022371364653243847
1046 0.0022371364653243847
1131 0.0022371364653243847
1139 0.0022371364653243847
1149 0.0022371364653243847
1198 0.0022371364653243847
1215 0.0022371364653243847
1223 0.0022371364653243847
1265 0.0022371364653243847
1303 0.0022371364653243847
1323 0.0022371364653243847
1358 0.0022371364653243847
1366 0.0022371364653243847
1421 0.0022371364653243847
1460 0.0022371364653243847
1462 0.0022371364653243847
1463 0.0022371364653243847
1467 0.0022371364653243847
1468 0.0022371364653243847
1477 0.0022371364653243847
1496 0.0022371364653243847
1531 0.0022371364653243847
1535 0.0022371364653243847
1565 0.0022371364653243847
1601 0.0022371364653243847
1602 0.0022371364653243847
1613 0.0022371364653243847
1614 0.0022371364653243847
1626 0.0022371364653243847
1641 0.0022371364653243847
1788 0.0022371364653243847
224 0.0022371364653243847
288 0.0022371364653243847
316 0.0022371364653243847
381 0.0022371364653243847
11 0.0022371364653243847
404 0.0022371364653243847
410 0.0022371364653243847
464 0.0022371364653243847
3184 0.0022371364653243847
3188 0.0022371364653243847
584 0.0022371364653243847
600 0.0022371364653243847
691 0.0022371364653243847
799 0.0022371364653243847
