of 0.027918781725888325
back-up 0.023025774893878807
macro-language 0.023025774893878807
stack-pointer 0.023025774893878807
trating 0.023025774893878807
kosinski 0.023025774893878807
ca650701 0.023025774893878807
the 0.02030456852791878
fetches 0.02023741883126939
eliminates 0.01950726128697553
top 0.018937736488207402
run-time 0.018082952768767018
motion 0.017744833875908583
properly 0.017744833875908583
side 0.017744833875908583
high-speed 0.017449062768659974
convenient 0.016510993746021222
stack 0.016145411588094988
name 0.015985577072456944
yet 0.015689805965208338
a 0.012690355329949238
and 0.01015228426395939
which 0.007614213197969543
in 0.007614213197969543
at 0.007614213197969543
structure 0.005076142131979695
time 0.005076142131979695
for 0.005076142131979695
expressions 0.005076142131979695
run 0.005076142131979695
recursion 0.005076142131979695
procedures 0.005076142131979695
another 0.0025380710659898475
algol 0.0025380710659898475
compiler 0.0025380710659898475
down 0.0025380710659898475
method 0.0025380710659898475
syntax 0.0025380710659898475
analysis 0.0025380710659898475
completely 0.0025380710659898475
source 0.0025380710659898475
string 0.0025380710659898475
has 0.0025380710659898475
been 0.0025380710659898475
implemented 0.0025380710659898475
technique 0.0025380710659898475
simulation 0.0025380710659898475
compile 0.0025380710659898475
use 0.0025380710659898475
conventional 0.0025380710659898475
enables 0.0025380710659898475
generation 0.0025380710659898475
code 0.0025380710659898475
minimizes 0.0025380710659898475
stores 0.0025380710659898475
while 0.0025380710659898475
effects 0.0025380710659898475
block 0.0025380710659898475
are 0.0025380710659898475
handled 0.0025380710659898475
without 0.0025380710659898475
need 0.0025380710659898475
interpretive 0.0025380710659898475
methods 0.0025380710659898475
times 0.0025380710659898475
context 0.0025380710659898475
problem 0.0025380710659898475
transmission 0.0025380710659898475
to 0.0025380710659898475
recursive 0.0025380710659898475
parameters 0.0025380710659898475
called 0.0025380710659898475
by 0.0025380710659898475
is 0.0025380710659898475
solved 0.0025380710659898475
manner 0.0025380710659898475
permits 0.0025380710659898475
handling 0.0025380710659898475
common 0.0025380710659898475
cases 0.0025380710659898475
simple 0.0025380710659898475
array 0.0025380710659898475
identifiers 0.0025380710659898475
with 0.0025380710659898475
particular 0.0025380710659898475
efficiency 0.0025380710659898475
cacm 0.0025380710659898475
july 0.0025380710659898475
1965 0.0025380710659898475
kanner 0.0025380710659898475
h 0.0025380710659898475
p 0.0025380710659898475
robinson 0.0025380710659898475
c 0.0025380710659898475
l 0.0025380710659898475
jb 0.0025380710659898475
march 0.0025380710659898475
6 0.0025380710659898475
1978 0.0025380710659898475
9 0.0025380710659898475
29 0.0025380710659898475
pm 0.0025380710659898475
254 0.0025380710659898475
4 0.0025380710659898475
1234 0.0025380710659898475
1037 0.0025380710659898475
1046 0.0025380710659898475
1086 0.0025380710659898475
1105 0.0025380710659898475
1132 0.0025380710659898475
1139 0.0025380710659898475
1140 0.0025380710659898475
1263 0.0025380710659898475
1265 0.0025380710659898475
1270 0.0025380710659898475
1323 0.0025380710659898475
1358 0.0025380710659898475
1379 0.0025380710659898475
1380 0.0025380710659898475
1453 0.0025380710659898475
1464 0.0025380710659898475
1484 0.0025380710659898475
1491 0.0025380710659898475
1496 0.0025380710659898475
1498 0.0025380710659898475
1613 0.0025380710659898475
1614 0.0025380710659898475
1781 0.0025380710659898475
1824 0.0025380710659898475
1825 0.0025380710659898475
1860 0.0025380710659898475
321 0.0025380710659898475
2083 0.0025380710659898475
2126 0.0025380710659898475
2178 0.0025380710659898475
2179 0.0025380710659898475
2252 0.0025380710659898475
2325 0.0025380710659898475
2341 0.0025380710659898475
2451 0.0025380710659898475
2546 0.0025380710659898475
464 0.0025380710659898475
2645 0.0025380710659898475
2652 0.0025380710659898475
2684 0.0025380710659898475
2842 0.0025380710659898475
2929 0.0025380710659898475
2934 0.0025380710659898475
584 0.0025380710659898475
3069 0.0025380710659898475
631 0.0025380710659898475
653 0.0025380710659898475
669 0.0025380710659898475
679 0.0025380710659898475
680 0.0025380710659898475
691 0.0025380710659898475
761 0.0025380710659898475
763 0.0025380710659898475
795 0.0025380710659898475
799 0.0025380710659898475
945 0.0025380710659898475
949 0.0025380710659898475
989 0.0025380710659898475
944 0.0025380710659898475
5 0.0025380710659898475
385 0.0025380710659898475
400 0.0025380710659898475
402 0.0025380710659898475
404 0.0025380710659898475
3184 0.0025380710659898475
729 0.0025380710659898475
