ca650616 0.33600575215512035
graycode 0.3103336343566038
allen 0.2953164081303756
algorithm 0.037037037037037035
246 0.037037037037037035
z 0.037037037037037035
cacm 0.037037037037037035
june 0.037037037037037035
1965 0.037037037037037035
w 0.037037037037037035
d 0.037037037037037035
jb 0.037037037037037035
march 0.037037037037037035
6 0.037037037037037035
1978 0.037037037037037035
9 0.037037037037037035
50 0.037037037037037035
pm 0.037037037037037035
1239 0.037037037037037035
5 0.037037037037037035
