ca650614 0.09352737431121907
kubik 0.08638152708895158
integrator 0.07923567986668412
havie 0.07692235233354347
algorithm 0.010309278350515464
257 0.010309278350515464
d1 0.010309278350515464
cacm 0.010309278350515464
june 0.010309278350515464
1965 0.010309278350515464
r 0.010309278350515464
n 0.010309278350515464
jb 0.010309278350515464
march 0.010309278350515464
6 0.010309278350515464
1978 0.010309278350515464
10 0.010309278350515464
09 0.010309278350515464
pm 0.010309278350515464
1241 0.010309278350515464
5 0.010309278350515464
1352 0.010309278350515464
1356 0.010309278350515464
1883 0.010309278350515464
2040 0.010309278350515464
834 0.010309278350515464
872 0.010309278350515464
1040 0.010309278350515464
1092 0.010309278350515464
1273 0.010309278350515464
324 0.010309278350515464
429 0.010309278350515464
570 0.010309278350515464
621 0.010309278350515464
786 0.010309278350515464
