ca650613 0.2212720806875183
graeffe 0.1874600230992283
grau 0.1819870286915541
c2 0.1676812373378544
a 0.04878048780487805
modified 0.024390243902439025
method 0.024390243902439025
algorithm 0.024390243902439025
256 0.024390243902439025
cacm 0.024390243902439025
june 0.024390243902439025
1965 0.024390243902439025
jb 0.024390243902439025
march 0.024390243902439025
6 0.024390243902439025
1978 0.024390243902439025
10 0.024390243902439025
pm 0.024390243902439025
1242 0.024390243902439025
5 0.024390243902439025
1667 0.024390243902439025
178 0.024390243902439025
327 0.024390243902439025
