transformer 0.2749137972178258
ca601110 0.2749137972178258
mackinney 0.2539093372008577
polynomial 0.030303030303030304
algorithm 0.030303030303030304
29 0.030303030303030304
cacm 0.030303030303030304
november 0.030303030303030304
1960 0.030303030303030304
j 0.030303030303030304
g 0.030303030303030304
jb 0.030303030303030304
march 0.030303030303030304
20 0.030303030303030304
1978 0.030303030303030304
7 0.030303030303030304
06 0.030303030303030304
pm 0.030303030303030304
125 0.030303030303030304
5 0.030303030303030304
1816 0.030303030303030304
6 0.030303030303030304
