metalanguages 0.0328701279282183
metaoperators 0.0328701279282183
burkhardt 0.0328701279282183
ca650508 0.0328701279282183
the 0.014492753623188406
and 0.007246376811594203
syntax 0.007246376811594203
specification 0.007246376811594203
for 0.007246376811594203
table 0.007246376811594203
of 0.007246376811594203
metalanguage 0.0036231884057971015
two 0.0036231884057971015
are 0.0036231884057971015
described 0.0036231884057971015
one 0.0036231884057971015
sufficient 0.0036231884057971015
algol 0.0036231884057971015
other 0.0036231884057971015
with 0.0036231884057971015
additional 0.0036231884057971015
adequate 0.0036231884057971015
used 0.0036231884057971015
formal 0.0036231884057971015
description 0.0036231884057971015
basic 0.0036231884057971015
fortran 0.0036231884057971015
cacm 0.0036231884057971015
may 0.0036231884057971015
1965 0.0036231884057971015
w 0.0036231884057971015
h 0.0036231884057971015
jb 0.0036231884057971015
march 0.0036231884057971015
7 0.0036231884057971015
1978 0.0036231884057971015
2 0.0036231884057971015
19 0.0036231884057971015
pm 0.0036231884057971015
1046 0.0036231884057971015
4 0.0036231884057971015
1263 0.0036231884057971015
1086 0.0036231884057971015
1105 0.0036231884057971015
1132 0.0036231884057971015
1139 0.0036231884057971015
1140 0.0036231884057971015
1234 0.0036231884057971015
1265 0.0036231884057971015
1270 0.0036231884057971015
1323 0.0036231884057971015
1358 0.0036231884057971015
1379 0.0036231884057971015
1380 0.0036231884057971015
1453 0.0036231884057971015
1464 0.0036231884057971015
1484 0.0036231884057971015
1491 0.0036231884057971015
1496 0.0036231884057971015
1498 0.0036231884057971015
1613 0.0036231884057971015
1614 0.0036231884057971015
1781 0.0036231884057971015
1824 0.0036231884057971015
1825 0.0036231884057971015
1860 0.0036231884057971015
1945 0.0036231884057971015
2083 0.0036231884057971015
2126 0.0036231884057971015
2178 0.0036231884057971015
2179 0.0036231884057971015
2252 0.0036231884057971015
2325 0.0036231884057971015
2341 0.0036231884057971015
2546 0.0036231884057971015
464 0.0036231884057971015
2645 0.0036231884057971015
2652 0.0036231884057971015
2684 0.0036231884057971015
2842 0.0036231884057971015
2929 0.0036231884057971015
2934 0.0036231884057971015
584 0.0036231884057971015
3069 0.0036231884057971015
631 0.0036231884057971015
653 0.0036231884057971015
669 0.0036231884057971015
679 0.0036231884057971015
680 0.0036231884057971015
691 0.0036231884057971015
761 0.0036231884057971015
763 0.0036231884057971015
795 0.0036231884057971015
799 0.0036231884057971015
945 0.0036231884057971015
949 0.0036231884057971015
989 0.0036231884057971015
5 0.0036231884057971015
404 0.0036231884057971015
3184 0.0036231884057971015
6 0.0036231884057971015
1477 0.0036231884057971015
