efficiencies 0.020523920256165097
grammars 0.014268455038018027
afford 0.011675875557513836
ca650506 0.011675875557513836
the 0.011583011583011582
a 0.011583011583011582
griffiths 0.01078379424405187
of 0.010296010296010296
recognizers 0.010261960128082549
petrick 0.010261960128082549
recognizer 0.009602919145886379
simulates 0.009369878814620586
been 0.009009009009009009
formalization 0.008998023870151842
realistic 0.008998023870151842
giving 0.008710837832424417
investigated 0.008186991204259234
chosen 0.007637675589614789
for 0.006435006435006435
to 0.006435006435006435
has 0.006435006435006435
context-free 0.005148005148005148
grammar 0.005148005148005148
recognition 0.005148005148005148
procedures 0.003861003861003861
by 0.003861003861003861
turing 0.003861003861003861
machine 0.003861003861003861
made 0.003861003861003861
and 0.003861003861003861
on 0.002574002574002574
that 0.002574002574002574
have 0.002574002574002574
parsing 0.002574002574002574
sentences 0.002574002574002574
in 0.002574002574002574
means 0.002574002574002574
is 0.002574002574002574
defined 0.002574002574002574
an 0.002574002574002574
equivalent 0.002574002574002574
given 0.002574002574002574
simple 0.002574002574002574
considered 0.002574002574002574
comparison 0.002574002574002574
relative 0.001287001287001287
number 0.001287001287001287
diverse 0.001287001287001287
proposed 0.001287001287001287
with 0.001287001287001287
respect 0.001287001287001287
are 0.001287001287001287
described 0.001287001287001287
this 0.001287001287001287
paper 0.001287001287001287
common 0.001287001287001287
device 0.001287001287001287
each 0.001287001287001287
procedure 0.001287001287001287
algorithm 0.001287001287001287
obtaining 0.001287001287001287
nondeterministic 0.001287001287001287
make 0.001287001287001287
possible 0.001287001287001287
particularly 0.001287001287001287
description 0.001287001287001287
attempt 0.001287001287001287
compare 0.001287001287001287
few 0.001287001287001287
formal 0.001287001287001287
empirical 0.001287001287001287
more 0.001287001287001287
programming 0.001287001287001287
languages 0.001287001287001287
such 0.001287001287001287
as 0.001287001287001287
lisp 0.001287001287001287
algol 0.001287001287001287
program 0.001287001287001287
which 0.001287001287001287
univac 0.001287001287001287
m-460 0.001287001287001287
computer 0.001287001287001287
several 0.001287001287001287
algorithms 0.001287001287001287
producing 0.001287001287001287
increase 0.001287001287001287
efficiency 0.001287001287001287
they 0.001287001287001287
empirically 0.001287001287001287
cacm 0.001287001287001287
may 0.001287001287001287
1965 0.001287001287001287
t 0.001287001287001287
v 0.001287001287001287
s 0.001287001287001287
r 0.001287001287001287
jb 0.001287001287001287
march 0.001287001287001287
7 0.001287001287001287
1978 0.001287001287001287
2 0.001287001287001287
38 0.001287001287001287
pm 0.001287001287001287
1046 0.001287001287001287
4 0.001287001287001287
1265 0.001287001287001287
1062 0.001287001287001287
1086 0.001287001287001287
1105 0.001287001287001287
1121 0.001287001287001287
1132 0.001287001287001287
1139 0.001287001287001287
1140 0.001287001287001287
1151 0.001287001287001287
1234 0.001287001287001287
1263 0.001287001287001287
1270 0.001287001287001287
1323 0.001287001287001287
1358 0.001287001287001287
1379 0.001287001287001287
1380 0.001287001287001287
1453 0.001287001287001287
1464 0.001287001287001287
1484 0.001287001287001287
1491 0.001287001287001287
1496 0.001287001287001287
1498 0.001287001287001287
1613 0.001287001287001287
1614 0.001287001287001287
1665 0.001287001287001287
1781 0.001287001287001287
1824 0.001287001287001287
1825 0.001287001287001287
1860 0.001287001287001287
2083 0.001287001287001287
2126 0.001287001287001287
2178 0.001287001287001287
2179 0.001287001287001287
2252 0.001287001287001287
2325 0.001287001287001287
2341 0.001287001287001287
2546 0.001287001287001287
464 0.001287001287001287
2645 0.001287001287001287
2652 0.001287001287001287
2684 0.001287001287001287
2769 0.001287001287001287
2842 0.001287001287001287
2929 0.001287001287001287
2934 0.001287001287001287
584 0.001287001287001287
3069 0.001287001287001287
631 0.001287001287001287
653 0.001287001287001287
669 0.001287001287001287
679 0.001287001287001287
680 0.001287001287001287
691 0.001287001287001287
720 0.001287001287001287
759 0.001287001287001287
761 0.001287001287001287
763 0.001287001287001287
795 0.001287001287001287
799 0.001287001287001287
945 0.001287001287001287
949 0.001287001287001287
989 0.001287001287001287
5 0.001287001287001287
1350 0.001287001287001287
1399 0.001287001287001287
1659 0.001287001287001287
1768 0.001287001287001287
1945 0.001287001287001287
2110 0.001287001287001287
404 0.001287001287001287
3094 0.001287001287001287
3184 0.001287001287001287
635 0.001287001287001287
823 0.001287001287001287
6 0.001287001287001287
123 0.001287001287001287
196 0.001287001287001287
914 0.001287001287001287
915 0.001287001287001287
917 0.001287001287001287
919 0.001287001287001287
984 0.001287001287001287
990 0.001287001287001287
1007 0.001287001287001287
1012 0.001287001287001287
1084 0.001287001287001287
1098 0.001287001287001287
1122 0.001287001287001287
1131 0.001287001287001287
1138 0.001287001287001287
1141 0.001287001287001287
1149 0.001287001287001287
1198 0.001287001287001287
1200 0.001287001287001287
1215 0.001287001287001287
1223 0.001287001287001287
1225 0.001287001287001287
1303 0.001287001287001287
1336 0.001287001287001287
1366 0.001287001287001287
1396 0.001287001287001287
1421 0.001287001287001287
1455 0.001287001287001287
1460 0.001287001287001287
1462 0.001287001287001287
1463 0.001287001287001287
1467 0.001287001287001287
1468 0.001287001287001287
1477 0.001287001287001287
1487 0.001287001287001287
1531 0.001287001287001287
1535 0.001287001287001287
1565 0.001287001287001287
1601 0.001287001287001287
1602 0.001287001287001287
1626 0.001287001287001287
1641 0.001287001287001287
1671 0.001287001287001287
1697 0.001287001287001287
1787 0.001287001287001287
1788 0.001287001287001287
205 0.001287001287001287
224 0.001287001287001287
249 0.001287001287001287
288 0.001287001287001287
316 0.001287001287001287
381 0.001287001287001287
398 0.001287001287001287
11 0.001287001287001287
410 0.001287001287001287
463 0.001287001287001287
483 0.001287001287001287
3188 0.001287001287001287
600 0.001287001287001287
