ca650502 0.21484636224687956
logarithm 0.02564102564102564
of 0.02564102564102564
a 0.02564102564102564
complex 0.02564102564102564
number 0.02564102564102564
algorithm 0.02564102564102564
243 0.02564102564102564
b3 0.02564102564102564
cacm 0.02564102564102564
may 0.02564102564102564
1965 0.02564102564102564
boothroyd 0.02564102564102564
j 0.02564102564102564
jb 0.02564102564102564
march 0.02564102564102564
7 0.02564102564102564
1978 0.02564102564102564
3 0.02564102564102564
11 0.02564102564102564
pm 0.02564102564102564
1268 0.02564102564102564
5 0.02564102564102564
1858 0.02564102564102564
6 0.02564102564102564
1857 0.02564102564102564
