grader 0.07405841067908776
ca650501 0.03702920533954388
beginner 0.034200033173993075
grading 0.032545073549061804
checks 0.029715901383511004
answers 0.028536589988195846
effectively 0.02570741782264505
essential 0.02479662781728093
of 0.02040816326530612
programs 0.0163265306122449
the 0.0163265306122449
a 0.0163265306122449
algol 0.012244897959183673
for 0.00816326530612245
computer 0.00816326530612245
is 0.00816326530612245
and 0.00816326530612245
on 0.004081632653061225
education 0.004081632653061225
automatic 0.004081632653061225
two 0.004081632653061225
are 0.004081632653061225
presented 0.004081632653061225
evaluation 0.004081632653061225
student 0.004081632653061225
one 0.004081632653061225
s 0.004081632653061225
program 0.004081632653061225
it 0.004081632653061225
furnishes 0.004081632653061225
random 0.004081632653061225
data 0.004081632653061225
other 0.004081632653061225
provides 0.004081632653061225
searching 0.004081632653061225
test 0.004081632653061225
reliability 0.004081632653061225
efficiency 0.004081632653061225
an 0.004081632653061225
integration 0.004081632653061225
procedure 0.004081632653061225
there 0.004081632653061225
statement 0.004081632653061225
properties 0.004081632653061225
system 0.004081632653061225
in 0.004081632653061225
order 0.004081632653061225
that 0.004081632653061225
can 0.004081632653061225
be 0.004081632653061225
used 0.004081632653061225
cacm 0.004081632653061225
may 0.004081632653061225
1965 0.004081632653061225
forsythe 0.004081632653061225
g 0.004081632653061225
e 0.004081632653061225
wirth 0.004081632653061225
n 0.004081632653061225
jb 0.004081632653061225
march 0.004081632653061225
7 0.004081632653061225
1978 0.004081632653061225
3 0.004081632653061225
16 0.004081632653061225
pm 0.004081632653061225
1086 0.004081632653061225
4 0.004081632653061225
1270 0.004081632653061225
1132 0.004081632653061225
1234 0.004081632653061225
1263 0.004081632653061225
1265 0.004081632653061225
1323 0.004081632653061225
1358 0.004081632653061225
1379 0.004081632653061225
1380 0.004081632653061225
1453 0.004081632653061225
1464 0.004081632653061225
1484 0.004081632653061225
1491 0.004081632653061225
1498 0.004081632653061225
1613 0.004081632653061225
1614 0.004081632653061225
1781 0.004081632653061225
1825 0.004081632653061225
1860 0.004081632653061225
1902 0.004081632653061225
2083 0.004081632653061225
2178 0.004081632653061225
2179 0.004081632653061225
2252 0.004081632653061225
2325 0.004081632653061225
2341 0.004081632653061225
2546 0.004081632653061225
2645 0.004081632653061225
2652 0.004081632653061225
2684 0.004081632653061225
2842 0.004081632653061225
2929 0.004081632653061225
2934 0.004081632653061225
3069 0.004081632653061225
669 0.004081632653061225
679 0.004081632653061225
691 0.004081632653061225
761 0.004081632653061225
949 0.004081632653061225
989 0.004081632653061225
145 0.004081632653061225
5 0.004081632653061225
1413 0.004081632653061225
3184 0.004081632653061225
6 0.004081632653061225
1205 0.004081632653061225
