krasun 0.07375736022917277
prager 0.07375736022917277
ca650418 0.07375736022917277
customary 0.062486674366409437
accumulation 0.0606623428971847
rounding 0.055893745779284805
romberg 0.016260162601626018
quadrature 0.016260162601626018
a 0.016260162601626018
of 0.016260162601626018
is 0.016260162601626018
the 0.016260162601626018
remark 0.008130081300813009
on 0.008130081300813009
modified 0.008130081300813009
form 0.008130081300813009
described 0.008130081300813009
which 0.008130081300813009
less 0.008130081300813009
sensitive 0.008130081300813009
to 0.008130081300813009
errors 0.008130081300813009
than 0.008130081300813009
one 0.008130081300813009
cacm 0.008130081300813009
april 0.008130081300813009
1965 0.008130081300813009
m 0.008130081300813009
w 0.008130081300813009
jb 0.008130081300813009
march 0.008130081300813009
7 0.008130081300813009
1978 0.008130081300813009
3 0.008130081300813009
27 0.008130081300813009
pm 0.008130081300813009
1273 0.008130081300813009
5 0.008130081300813009
1352 0.008130081300813009
1982 0.008130081300813009
2040 0.008130081300813009
1 0.008130081300813009
6 0.008130081300813009
834 0.008130081300813009
872 0.008130081300813009
1040 0.008130081300813009
1092 0.008130081300813009
1241 0.008130081300813009
1356 0.008130081300813009
1883 0.008130081300813009
324 0.008130081300813009
429 0.008130081300813009
570 0.008130081300813009
621 0.008130081300813009
786 0.008130081300813009
