herroit 0.33600575215512035
ca601107 0.33600575215512035
rootfinder 0.26387716262571126
iii 0.037037037037037035
algorithm 0.037037037037037035
26 0.037037037037037035
cacm 0.037037037037037035
november 0.037037037037037035
1960 0.037037037037037035
j 0.037037037037037035
g 0.037037037037037035
jb 0.037037037037037035
march 0.037037037037037035
20 0.037037037037037035
1978 0.037037037037037035
7 0.037037037037037035
57 0.037037037037037035
pm 0.037037037037037035
128 0.037037037037037035
5 0.037037037037037035
