ferring 0.33600575215512035
ca650408 0.33600575215512035
f1 0.2381239121834978
matrix 0.037037037037037035
inversion 0.037037037037037035
algorithm 0.037037037037037035
231 0.037037037037037035
cacm 0.037037037037037035
april 0.037037037037037035
1965 0.037037037037037035
m 0.037037037037037035
jb 0.037037037037037035
march 0.037037037037037035
7 0.037037037037037035
1978 0.037037037037037035
3 0.037037037037037035
53 0.037037037037037035
pm 0.037037037037037035
1283 0.037037037037037035
5 0.037037037037037035
