ca650407 0.20160345129307225
orders 0.1504071332398616
bessel 0.022222222222222223
function 0.022222222222222223
for 0.022222222222222223
a 0.022222222222222223
set 0.022222222222222223
of 0.022222222222222223
integer 0.022222222222222223
cacm 0.022222222222222223
april 0.022222222222222223
1965 0.022222222222222223
stafford 0.022222222222222223
j 0.022222222222222223
jb 0.022222222222222223
march 0.022222222222222223
7 0.022222222222222223
1978 0.022222222222222223
3 0.022222222222222223
54 0.022222222222222223
pm 0.022222222222222223
1284 0.022222222222222223
5 0.022222222222222223
1909 0.022222222222222223
134 0.022222222222222223
6 0.022222222222222223
1023 0.022222222222222223
1316 0.022222222222222223
