ca650309 0.16800287607756018
march 0.037037037037037035
adaptive 0.018518518518518517
numerical 0.018518518518518517
integration 0.018518518518518517
by 0.018518518518518517
simpson 0.018518518518518517
s 0.018518518518518517
rule 0.018518518518518517
algorithm 0.018518518518518517
145 0.018518518518518517
d1 0.018518518518518517
cacm 0.018518518518518517
1965 0.018518518518518517
pike 0.018518518518518517
m 0.018518518518518517
c 0.018518518518518517
jb 0.018518518518518517
7 0.018518518518518517
1978 0.018518518518518517
6 0.018518518518518517
03 0.018518518518518517
pm 0.018518518518518517
1298 0.018518518518518517
5 0.018518518518518517
2093 0.018518518518518517
834 0.018518518518518517
872 0.018518518518518517
1092 0.018518518518518517
1573 0.018518518518518517
429 0.018518518518518517
