ca650304 0.02870935224110206
church 0.025232731074430824
lambda-notation 0.025232731074430824
landin 0.025232731074430824
correspondence 0.02175610990775959
march 0.006329113924050633
a 0.0031645569620253164
between 0.0031645569620253164
algol 0.0031645569620253164
60 0.0031645569620253164
and 0.0031645569620253164
s 0.0031645569620253164
part 0.0031645569620253164
ii 0.0031645569620253164
cacm 0.0031645569620253164
1965 0.0031645569620253164
p 0.0031645569620253164
j 0.0031645569620253164
jb 0.0031645569620253164
7 0.0031645569620253164
1978 0.0031645569620253164
6 0.0031645569620253164
09 0.0031645569620253164
pm 0.0031645569620253164
1303 0.0031645569620253164
5 0.0031645569620253164
1469 0.0031645569620253164
1486 0.0031645569620253164
1491 0.0031645569620253164
1781 0.0031645569620253164
2178 0.0031645569620253164
2326 0.0031645569620253164
2470 0.0031645569620253164
2684 0.0031645569620253164
3044 0.0031645569620253164
123 0.0031645569620253164
196 0.0031645569620253164
919 0.0031645569620253164
990 0.0031645569620253164
1007 0.0031645569620253164
1046 0.0031645569620253164
1131 0.0031645569620253164
1139 0.0031645569620253164
1140 0.0031645569620253164
1149 0.0031645569620253164
1198 0.0031645569620253164
1215 0.0031645569620253164
1223 0.0031645569620253164
1265 0.0031645569620253164
1323 0.0031645569620253164
1358 0.0031645569620253164
1366 0.0031645569620253164
1421 0.0031645569620253164
1460 0.0031645569620253164
1462 0.0031645569620253164
1463 0.0031645569620253164
1467 0.0031645569620253164
1468 0.0031645569620253164
1477 0.0031645569620253164
1496 0.0031645569620253164
1531 0.0031645569620253164
1535 0.0031645569620253164
1565 0.0031645569620253164
1601 0.0031645569620253164
1602 0.0031645569620253164
1613 0.0031645569620253164
1614 0.0031645569620253164
1626 0.0031645569620253164
1641 0.0031645569620253164
1787 0.0031645569620253164
1788 0.0031645569620253164
205 0.0031645569620253164
210 0.0031645569620253164
1834 0.0031645569620253164
224 0.0031645569620253164
249 0.0031645569620253164
288 0.0031645569620253164
316 0.0031645569620253164
381 0.0031645569620253164
398 0.0031645569620253164
2059 0.0031645569620253164
11 0.0031645569620253164
2127 0.0031645569620253164
2192 0.0031645569620253164
2264 0.0031645569620253164
404 0.0031645569620253164
410 0.0031645569620253164
463 0.0031645569620253164
464 0.0031645569620253164
483 0.0031645569620253164
3184 0.0031645569620253164
3186 0.0031645569620253164
3188 0.0031645569620253164
584 0.0031645569620253164
600 0.0031645569620253164
680 0.0031645569620253164
691 0.0031645569620253164
729 0.0031645569620253164
763 0.0031645569620253164
799 0.0031645569620253164
