redefinition 0.04403958887470024
ca650301 0.04403958887470024
johnston 0.03870651951223369
unambiguous 0.03622071930268794
ambiguities 0.033373450149767135
of 0.024271844660194174
a 0.014563106796116505
computer 0.014563106796116505
languages 0.009708737864077669
the 0.009708737864077669
fully 0.009708737864077669
nested 0.009708737864077669
language 0.009708737864077669
which 0.009708737864077669
be 0.009708737864077669
march 0.009708737864077669
class 0.0048543689320388345
discussed 0.0048543689320388345
in 0.0048543689320388345
this 0.0048543689320388345
paper 0.0048543689320388345
is 0.0048543689320388345
concept 0.0048543689320388345
may 0.0048543689320388345
one 0.0048543689320388345
means 0.0048543689320388345
designing 0.0048543689320388345
would 0.0048543689320388345
completely 0.0048543689320388345
free 0.0048543689320388345
several 0.0048543689320388345
suggestions 0.0048543689320388345
are 0.0048543689320388345
also 0.0048543689320388345
given 0.0048543689320388345
here 0.0048543689320388345
for 0.0048543689320388345
algol 0.0048543689320388345
as 0.0048543689320388345
cacm 0.0048543689320388345
1965 0.0048543689320388345
j 0.0048543689320388345
b 0.0048543689320388345
jb 0.0048543689320388345
7 0.0048543689320388345
1978 0.0048543689320388345
6 0.0048543689320388345
26 0.0048543689320388345
pm 0.0048543689320388345
249 0.0048543689320388345
4 0.0048543689320388345
1306 0.0048543689320388345
254 0.0048543689320388345
272 0.0048543689320388345
1102 0.0048543689320388345
1109 0.0048543689320388345
1140 0.0048543689320388345
1188 0.0048543689320388345
1464 0.0048543689320388345
1491 0.0048543689320388345
1767 0.0048543689320388345
1781 0.0048543689320388345
1787 0.0048543689320388345
1949 0.0048543689320388345
321 0.0048543689320388345
2059 0.0048543689320388345
2126 0.0048543689320388345
435 0.0048543689320388345
437 0.0048543689320388345
463 0.0048543689320388345
483 0.0048543689320388345
491 0.0048543689320388345
2732 0.0048543689320388345
560 0.0048543689320388345
583 0.0048543689320388345
3073 0.0048543689320388345
627 0.0048543689320388345
631 0.0048543689320388345
632 0.0048543689320388345
642 0.0048543689320388345
644 0.0048543689320388345
653 0.0048543689320388345
680 0.0048543689320388345
761 0.0048543689320388345
762 0.0048543689320388345
763 0.0048543689320388345
123 0.0048543689320388345
140 0.0048543689320388345
919 0.0048543689320388345
989 0.0048543689320388345
196 0.0048543689320388345
5 0.0048543689320388345
