ca650212 0.20618534791336934
rice 0.17467865788791728
recursion 0.022727272727272728
and 0.022727272727272728
iteration 0.022727272727272728
cacm 0.022727272727272728
february 0.022727272727272728
1965 0.022727272727272728
h 0.022727272727272728
g 0.022727272727272728
jb 0.022727272727272728
march 0.022727272727272728
7 0.022727272727272728
1978 0.022727272727272728
10 0.022727272727272728
57 0.022727272727272728
pm 0.022727272727272728
1312 0.022727272727272728
5 0.022727272727272728
3121 0.022727272727272728
6 0.022727272727272728
308 0.022727272727272728
309 0.022727272727272728
2456 0.022727272727272728
2709 0.022727272727272728
