ca650208 0.20160345129307225
7,1978 0.20160345129307225
bessel 0.022222222222222223
functions 0.022222222222222223
of 0.022222222222222223
the 0.022222222222222223
first 0.022222222222222223
kind 0.022222222222222223
algorithm 0.022222222222222223
236 0.022222222222222223
s17 0.022222222222222223
cacm 0.022222222222222223
february 0.022222222222222223
1965 0.022222222222222223
gautschi 0.022222222222222223
w 0.022222222222222223
jb 0.022222222222222223
march 0.022222222222222223
11 0.022222222222222223
pm 0.022222222222222223
1316 0.022222222222222223
5 0.022222222222222223
1909 0.022222222222222223
134 0.022222222222222223
6 0.022222222222222223
1023 0.022222222222222223
1284 0.022222222222222223
