ca650207 0.33600575215512035
samet 0.2953164081303756
poisson-charlier 0.037037037037037035
polynomials 0.037037037037037035
algorithm 0.037037037037037035
234 0.037037037037037035
s23 0.037037037037037035
cacm 0.037037037037037035
february 0.037037037037037035
1965 0.037037037037037035
p 0.037037037037037035
jb 0.037037037037037035
march 0.037037037037037035
7 0.037037037037037035
1978 0.037037037037037035
11 0.037037037037037035
12 0.037037037037037035
pm 0.037037037037037035
1317 0.037037037037037035
5 0.037037037037037035
