arccossin 0.33600575215512035
ca650206 0.33600575215512035
algorithm 0.037037037037037035
206 0.037037037037037035
b1 0.037037037037037035
cacm 0.037037037037037035
february 0.037037037037037035
1965 0.037037037037037035
bowlden 0.037037037037037035
h 0.037037037037037035
j 0.037037037037037035
jb 0.037037037037037035
march 0.037037037037037035
7 0.037037037037037035
1978 0.037037037037037035
11 0.037037037037037035
14 0.037037037037037035
pm 0.037037037037037035
1318 0.037037037037037035
5 0.037037037037037035
