meissner 0.18514602669771937
ca650205 0.18514602669771937
crout 0.02040816326530612
with 0.02040816326530612
equilibration 0.02040816326530612
and 0.02040816326530612
iteration 0.02040816326530612
algorithm 0.02040816326530612
135 0.02040816326530612
f4 0.02040816326530612
cacm 0.02040816326530612
february 0.02040816326530612
1965 0.02040816326530612
l 0.02040816326530612
p 0.02040816326530612
jb 0.02040816326530612
march 0.02040816326530612
7 0.02040816326530612
1978 0.02040816326530612
11 0.02040816326530612
15 0.02040816326530612
pm 0.02040816326530612
1319 0.02040816326530612
4 0.02040816326530612
454 0.02040816326530612
140 0.02040816326530612
152 0.02040816326530612
5 0.02040816326530612
1128 0.02040816326530612
