ca650203 0.21600369781400594
outreal 0.1995001935149596
n 0.047619047619047616
algorithm 0.023809523809523808
i5 0.023809523809523808
cacm 0.023809523809523808
february 0.023809523809523808
1965 0.023809523809523808
wirth 0.023809523809523808
e 0.023809523809523808
jb 0.023809523809523808
march 0.023809523809523808
7 0.023809523809523808
1978 0.023809523809523808
11 0.023809523809523808
17 0.023809523809523808
pm 0.023809523809523808
1321 0.023809523809523808
5 0.023809523809523808
1705 0.023809523809523808
984 0.023809523809523808
6 0.023809523809523808
986 0.023809523809523808
1020 0.023809523809523808
