ca650202 0.2749137972178258
briggs 0.24162251574303456
netflow 0.22610509625314296
algorithm 0.030303030303030304
248 0.030303030303030304
h 0.030303030303030304
cacm 0.030303030303030304
february 0.030303030303030304
1965 0.030303030303030304
w 0.030303030303030304
a 0.030303030303030304
jb 0.030303030303030304
march 0.030303030303030304
7 0.030303030303030304
1978 0.030303030303030304
11 0.030303030303030304
18 0.030303030303030304
pm 0.030303030303030304
1322 0.030303030303030304
5 0.030303030303030304
1690 0.030303030303030304
6 0.030303030303030304
