abstract 0.030649916627797816
abstraction 0.021532708945463372
l-notation 0.015507957791774787
classifications 0.015507957791774787
objct 0.015507957791774787
ca650201 0.015507957791774787
of 0.015384615384615385
analogues 0.014323090816458639
emerge 0.014323090816458639
suggesting 0.013629988067555795
formalized 0.013138223841142495
arrangements 0.013138223841142495
mapped 0.0127546464553055
generalizations 0.0127546464553055
illustrations 0.0127546464553055
a 0.011965811965811967
notions 0.011752018343336805
informally 0.011752018343336805
and 0.010256410256410256
the 0.010256410256410256
is 0.010256410256410256
semantics 0.009420272660712563
algol 0.008547008547008548
correspondence 0.005128205128205128
s 0.005128205128205128
this 0.005128205128205128
functional 0.005128205128205128
language 0.005128205128205128
between 0.003418803418803419
church 0.003418803418803419
part 0.003418803418803419
i 0.003418803418803419
paper 0.003418803418803419
by 0.003418803418803419
expressions 0.003418803418803419
in 0.003418803418803419
first 0.003418803418803419
model 0.003418803418803419
for 0.003418803418803419
described 0.003418803418803419
application 0.003418803418803419
features 0.003418803418803419
as 0.003418803418803419
an 0.003418803418803419
into 0.003418803418803419
60 0.0017094017094017094
lambda-notation 0.0017094017094017094
describes 0.0017094017094017094
how 0.0017094017094017094
some 0.0017094017094017094
can 0.0017094017094017094
be 0.0017094017094017094
establishing 0.0017094017094017094
modified 0.0017094017094017094
form 0.0017094017094017094
computer 0.0017094017094017094
languages 0.0017094017094017094
compute 0.0017094017094017094
behavior 0.0017094017094017094
based 0.0017094017094017094
on 0.0017094017094017094
but 0.0017094017094017094
also 0.0017094017094017094
having 0.0017094017094017094
imperative 0.0017094017094017094
then 0.0017094017094017094
used 0.0017094017094017094
object 0.0017094017094017094
which 0.0017094017094017094
many 0.0017094017094017094
particular 0.0017094017094017094
small 0.0017094017094017094
number 0.0017094017094017094
structural 0.0017094017094017094
rules 0.0017094017094017094
new 0.0017094017094017094
mainly 0.0017094017094017094
second 0.0017094017094017094
gives 0.0017094017094017094
formal 0.0017094017094017094
description 0.0017094017094017094
e 0.0017094017094017094
compiler 0.0017094017094017094
itself 0.0017094017094017094
presented 0.0017094017094017094
purely 0.0017094017094017094
notation 0.0017094017094017094
that 0.0017094017094017094
one 0.0017094017094017094
using 0.0017094017094017094
only 0.0017094017094017094
cacm 0.0017094017094017094
february 0.0017094017094017094
1965 0.0017094017094017094
landin 0.0017094017094017094
p 0.0017094017094017094
j 0.0017094017094017094
jb 0.0017094017094017094
march 0.0017094017094017094
7 0.0017094017094017094
1978 0.0017094017094017094
11 0.0017094017094017094
26 0.0017094017094017094
pm 0.0017094017094017094
1086 0.0017094017094017094
4 0.0017094017094017094
1323 0.0017094017094017094
1132 0.0017094017094017094
1234 0.0017094017094017094
1263 0.0017094017094017094
1265 0.0017094017094017094
1270 0.0017094017094017094
1358 0.0017094017094017094
1379 0.0017094017094017094
1380 0.0017094017094017094
1453 0.0017094017094017094
1464 0.0017094017094017094
1484 0.0017094017094017094
1491 0.0017094017094017094
1498 0.0017094017094017094
1613 0.0017094017094017094
1614 0.0017094017094017094
1665 0.0017094017094017094
1781 0.0017094017094017094
1787 0.0017094017094017094
1825 0.0017094017094017094
1860 0.0017094017094017094
1989 0.0017094017094017094
2083 0.0017094017094017094
2112 0.0017094017094017094
2178 0.0017094017094017094
2179 0.0017094017094017094
2252 0.0017094017094017094
2325 0.0017094017094017094
2341 0.0017094017094017094
2534 0.0017094017094017094
2541 0.0017094017094017094
2546 0.0017094017094017094
2645 0.0017094017094017094
2652 0.0017094017094017094
2684 0.0017094017094017094
2698 0.0017094017094017094
2733 0.0017094017094017094
2820 0.0017094017094017094
2842 0.0017094017094017094
2929 0.0017094017094017094
2934 0.0017094017094017094
3069 0.0017094017094017094
3073 0.0017094017094017094
3155 0.0017094017094017094
669 0.0017094017094017094
679 0.0017094017094017094
691 0.0017094017094017094
761 0.0017094017094017094
949 0.0017094017094017094
989 0.0017094017094017094
5 0.0017094017094017094
267 0.0017094017094017094
2326 0.0017094017094017094
3184 0.0017094017094017094
799 0.0017094017094017094
123 0.0017094017094017094
6 0.0017094017094017094
196 0.0017094017094017094
919 0.0017094017094017094
990 0.0017094017094017094
1007 0.0017094017094017094
1046 0.0017094017094017094
1131 0.0017094017094017094
1139 0.0017094017094017094
1140 0.0017094017094017094
1149 0.0017094017094017094
1198 0.0017094017094017094
1215 0.0017094017094017094
1223 0.0017094017094017094
1303 0.0017094017094017094
1366 0.0017094017094017094
1421 0.0017094017094017094
1460 0.0017094017094017094
1462 0.0017094017094017094
1463 0.0017094017094017094
1467 0.0017094017094017094
1468 0.0017094017094017094
1477 0.0017094017094017094
1496 0.0017094017094017094
1531 0.0017094017094017094
1535 0.0017094017094017094
1565 0.0017094017094017094
1601 0.0017094017094017094
1602 0.0017094017094017094
1626 0.0017094017094017094
1641 0.0017094017094017094
1788 0.0017094017094017094
205 0.0017094017094017094
1834 0.0017094017094017094
224 0.0017094017094017094
249 0.0017094017094017094
288 0.0017094017094017094
316 0.0017094017094017094
381 0.0017094017094017094
398 0.0017094017094017094
2059 0.0017094017094017094
2127 0.0017094017094017094
2192 0.0017094017094017094
404 0.0017094017094017094
410 0.0017094017094017094
463 0.0017094017094017094
464 0.0017094017094017094
483 0.0017094017094017094
3186 0.0017094017094017094
3188 0.0017094017094017094
584 0.0017094017094017094
600 0.0017094017094017094
680 0.0017094017094017094
763 0.0017094017094017094
