ca650109 0.11483740896440824
further 0.012658227848101266
remarks 0.012658227848101266
on 0.012658227848101266
reducing 0.012658227848101266
truncation 0.012658227848101266
errors 0.012658227848101266
cacm 0.012658227848101266
january 0.012658227848101266
1965 0.012658227848101266
kahan 0.012658227848101266
w 0.012658227848101266
jb 0.012658227848101266
march 0.012658227848101266
8 0.012658227848101266
1978 0.012658227848101266
2 0.012658227848101266
37 0.012658227848101266
pm 0.012658227848101266
1328 0.012658227848101266
4 0.012658227848101266
1333 0.012658227848101266
2144 0.012658227848101266
1052 0.012658227848101266
5 0.012658227848101266
2282 0.012658227848101266
2860 0.012658227848101266
3083 0.012658227848101266
6 0.012658227848101266
1973 0.012658227848101266
2049 0.012658227848101266
2107 0.012658227848101266
2203 0.012658227848101266
2543 0.012658227848101266
2552 0.012658227848101266
492 0.012658227848101266
