ca650108 0.11483740896440824
m 0.02531645569620253
simulation 0.012658227848101266
of 0.012658227848101266
boolean 0.012658227848101266
functions 0.012658227848101266
in 0.012658227848101266
a 0.012658227848101266
decimal 0.012658227848101266
computer 0.012658227848101266
cacm 0.012658227848101266
january 0.012658227848101266
1965 0.012658227848101266
mano 0.012658227848101266
jb 0.012658227848101266
march 0.012658227848101266
8 0.012658227848101266
1978 0.012658227848101266
2 0.012658227848101266
38 0.012658227848101266
pm 0.012658227848101266
1207 0.012658227848101266
5 0.012658227848101266
1329 0.012658227848101266
1208 0.012658227848101266
3053 0.012658227848101266
6 0.012658227848101266
1785 0.012658227848101266
1973 0.012658227848101266
1992 0.012658227848101266
2107 0.012658227848101266
2109 0.012658227848101266
2412 0.012658227848101266
2543 0.012658227848101266
2673 0.012658227848101266
2707 0.012658227848101266
2770 0.012658227848101266
