flow-charts 0.1890032355872552
ca650107 0.1890032355872552
automated 0.020833333333333332
plotting 0.020833333333333332
on 0.020833333333333332
a 0.020833333333333332
small 0.020833333333333332
computer 0.020833333333333332
cacm 0.020833333333333332
january 0.020833333333333332
1965 0.020833333333333332
anderson 0.020833333333333332
h 0.020833333333333332
e 0.020833333333333332
jb 0.020833333333333332
march 0.020833333333333332
8 0.020833333333333332
1978 0.020833333333333332
2 0.020833333333333332
39 0.020833333333333332
pm 0.020833333333333332
1330 0.020833333333333332
4 0.020833333333333332
1348 0.020833333333333332
2315 0.020833333333333332
5 0.020833333333333332
528 0.020833333333333332
728 0.020833333333333332
