npl 0.0708762133452207
radin 0.0708762133452207
rogoway 0.0708762133452207
ca650101 0.0708762133452207
highlights 0.0078125
of 0.0078125
a 0.0078125
new 0.0078125
programming 0.0078125
language 0.0078125
cacm 0.0078125
january 0.0078125
1965 0.0078125
g 0.0078125
h 0.0078125
p 0.0078125
jb 0.0078125
march 0.0078125
8 0.0078125
1978 0.0078125
3 0.0078125
01 0.0078125
pm 0.0078125
1247 0.0078125
5 0.0078125
1336 0.0078125
1945 0.0078125
823 0.0078125
6 0.0078125
914 0.0078125
915 0.0078125
917 0.0078125
984 0.0078125
989 0.0078125
990 0.0078125
1012 0.0078125
1084 0.0078125
1098 0.0078125
1122 0.0078125
1138 0.0078125
1139 0.0078125
1141 0.0078125
1200 0.0078125
1223 0.0078125
1265 0.0078125
1396 0.0078125
1455 0.0078125
1477 0.0078125
1487 0.0078125
1491 0.0078125
1496 0.0078125
483 0.0078125
584 0.0078125
669 0.0078125
680 0.0078125
763 0.0078125
