progamming 0.09861038378465489
ca661211 0.09861038378465489
knuth 0.06547696218311169
additional 0.010869565217391304
comments 0.010869565217391304
on 0.010869565217391304
a 0.010869565217391304
problem 0.010869565217391304
in 0.010869565217391304
concurrent 0.010869565217391304
control 0.010869565217391304
cacm 0.010869565217391304
december 0.010869565217391304
1966 0.010869565217391304
d 0.010869565217391304
e 0.010869565217391304
jb 0.010869565217391304
march 0.010869565217391304
30 0.010869565217391304
1978 0.010869565217391304
9 0.010869565217391304
12 0.010869565217391304
am 0.010869565217391304
1338 0.010869565217391304
5 0.010869565217391304
2150 0.010869565217391304
2228 0.010869565217391304
2256 0.010869565217391304
2342 0.010869565217391304
2618 0.010869565217391304
1198 0.010869565217391304
6 0.010869565217391304
1749 0.010869565217391304
1877 0.010869565217391304
