borsch-supan 0.19302458102528192
ca601101 0.19302458102528192
bessel 0.02127659574468085
function 0.02127659574468085
for 0.02127659574468085
a 0.02127659574468085
set 0.02127659574468085
of 0.02127659574468085
integer 0.02127659574468085
orders 0.02127659574468085
algorithm 0.02127659574468085
21 0.02127659574468085
cacm 0.02127659574468085
november 0.02127659574468085
1960 0.02127659574468085
w 0.02127659574468085
jb 0.02127659574468085
march 0.02127659574468085
20 0.02127659574468085
1978 0.02127659574468085
8 0.02127659574468085
05 0.02127659574468085
pm 0.02127659574468085
134 0.02127659574468085
5 0.02127659574468085
1909 0.02127659574468085
6 0.02127659574468085
1023 0.02127659574468085
1284 0.02127659574468085
1316 0.02127659574468085
