ca661207b 0.33600575215512035
farkas 0.2763506731982858
havie 0.037037037037037035
integrator 0.037037037037037035
algorithm 0.037037037037037035
257 0.037037037037037035
d1 0.037037037037037035
cacm 0.037037037037037035
december 0.037037037037037035
1966 0.037037037037037035
i 0.037037037037037035
jb 0.037037037037037035
march 0.037037037037037035
23 0.037037037037037035
1978 0.037037037037037035
4 0.037037037037037035
16 0.037037037037037035
pm 0.037037037037037035
1343 0.037037037037037035
5 0.037037037037037035
