ca661103a 0.24519338670779056
coulomb 0.1889585012731887
wave 0.17803374752433107
regular 0.1758197712414152
functions 0.02702702702702703
algorithm 0.02702702702702703
292 0.02702702702702703
cacm 0.02702702702702703
november 0.02702702702702703
1966 0.02702702702702703
gautschi 0.02702702702702703
w 0.02702702702702703
jb 0.02702702702702703
march 0.02702702702702703
2 0.02702702702702703
1978 0.02702702702702703
3 0.02702702702702703
43 0.02702702702702703
pm 0.02702702702702703
1355 0.02702702702702703
4 0.02702702702702703
2619 0.02702702702702703
5 0.02702702702702703
1419 0.02702702702702703
