ca661103b 0.1440024652093373
hillstrom 0.12199779281060888
havie 0.015873015873015872
integrator 0.015873015873015872
algorithm 0.015873015873015872
257 0.015873015873015872
d1 0.015873015873015872
cacm 0.015873015873015872
november 0.015873015873015872
1966 0.015873015873015872
k 0.015873015873015872
jb 0.015873015873015872
march 0.015873015873015872
23 0.015873015873015872
1978 0.015873015873015872
4 0.015873015873015872
19 0.015873015873015872
pm 0.015873015873015872
1352 0.015873015873015872
1356 0.015873015873015872
1883 0.015873015873015872
2040 0.015873015873015872
1241 0.015873015873015872
5 0.015873015873015872
6 0.015873015873015872
1273 0.015873015873015872
324 0.015873015873015872
621 0.015873015873015872
