ca661103c 0.33600575215512035
examination 0.037037037037037035
scheduling 0.037037037037037035
algorithm 0.037037037037037035
286 0.037037037037037035
h 0.037037037037037035
cacm 0.037037037037037035
november 0.037037037037037035
1966 0.037037037037037035
williams 0.037037037037037035
r 0.037037037037037035
jb 0.037037037037037035
march 0.037037037037037035
23 0.037037037037037035
1978 0.037037037037037035
4 0.037037037037037035
20 0.037037037037037035
pm 0.037037037037037035
1357 0.037037037037037035
5 0.037037037037037035
