syntax-macro 0.0166767560812284
syntax-macros 0.0166767560812284
ca661102 0.0166767560812284
recognized 0.012637740314066233
alternatives 0.012267138358771126
of 0.011029411764705883
the 0.009191176470588236
and 0.007352941176470588
a 0.007352941176470588
macros 0.0055147058823529415
are 0.0055147058823529415
syntax 0.003676470588235294
extended 0.003676470588235294
translation 0.003676470588235294
described 0.003676470588235294
given 0.003676470588235294
base 0.003676470588235294
language 0.003676470588235294
by 0.003676470588235294
use 0.003676470588235294
based 0.003676470588235294
on 0.003676470588235294
approach 0.001838235294117647
is 0.001838235294117647
which 0.001838235294117647
allows 0.001838235294117647
one 0.001838235294117647
to 0.001838235294117647
semantics 0.001838235294117647
high-level 0.001838235294117647
new 0.001838235294117647
formalism 0.001838235294117647
called 0.001838235294117647
define 0.001838235294117647
string 0.001838235294117647
transformations 0.001838235294117647
syntactic 0.001838235294117647
elements 0.001838235294117647
two 0.001838235294117647
types 0.001838235294117647
discussed 0.001838235294117647
examples 0.001838235294117647
their 0.001838235294117647
conditional 0.001838235294117647
generation 0.001838235294117647
options 0.001838235294117647
scan 0.001838235294117647
also 0.001838235294117647
cacm 0.001838235294117647
november 0.001838235294117647
1966 0.001838235294117647
leavenworth 0.001838235294117647
b 0.001838235294117647
m 0.001838235294117647
jb 0.001838235294117647
march 0.001838235294117647
2 0.001838235294117647
1978 0.001838235294117647
3 0.001838235294117647
46 0.001838235294117647
pm 0.001838235294117647
1037 0.001838235294117647
4 0.001838235294117647
1358 0.001838235294117647
1086 0.001838235294117647
1132 0.001838235294117647
1234 0.001838235294117647
1263 0.001838235294117647
1265 0.001838235294117647
1270 0.001838235294117647
1323 0.001838235294117647
1379 0.001838235294117647
1380 0.001838235294117647
1453 0.001838235294117647
1464 0.001838235294117647
1484 0.001838235294117647
1491 0.001838235294117647
1498 0.001838235294117647
1565 0.001838235294117647
1613 0.001838235294117647
1614 0.001838235294117647
1665 0.001838235294117647
1781 0.001838235294117647
1787 0.001838235294117647
1788 0.001838235294117647
1825 0.001838235294117647
1860 0.001838235294117647
1989 0.001838235294117647
2083 0.001838235294117647
2112 0.001838235294117647
2178 0.001838235294117647
2179 0.001838235294117647
2252 0.001838235294117647
2325 0.001838235294117647
2341 0.001838235294117647
2534 0.001838235294117647
2541 0.001838235294117647
2546 0.001838235294117647
2645 0.001838235294117647
2652 0.001838235294117647
2684 0.001838235294117647
2698 0.001838235294117647
2733 0.001838235294117647
2820 0.001838235294117647
2842 0.001838235294117647
2929 0.001838235294117647
2934 0.001838235294117647
3069 0.001838235294117647
3073 0.001838235294117647
3155 0.001838235294117647
669 0.001838235294117647
679 0.001838235294117647
691 0.001838235294117647
761 0.001838235294117647
949 0.001838235294117647
989 0.001838235294117647
205 0.001838235294117647
5 0.001838235294117647
1460 0.001838235294117647
1541 0.001838235294117647
1824 0.001838235294117647
3184 0.001838235294117647
729 0.001838235294117647
799 0.001838235294117647
123 0.001838235294117647
6 0.001838235294117647
196 0.001838235294117647
919 0.001838235294117647
990 0.001838235294117647
1007 0.001838235294117647
1046 0.001838235294117647
1131 0.001838235294117647
1139 0.001838235294117647
1140 0.001838235294117647
1149 0.001838235294117647
1162 0.001838235294117647
1198 0.001838235294117647
1215 0.001838235294117647
1223 0.001838235294117647
1303 0.001838235294117647
1366 0.001838235294117647
1421 0.001838235294117647
1455 0.001838235294117647
1462 0.001838235294117647
1463 0.001838235294117647
1467 0.001838235294117647
1468 0.001838235294117647
1477 0.001838235294117647
1496 0.001838235294117647
1531 0.001838235294117647
1535 0.001838235294117647
1601 0.001838235294117647
1602 0.001838235294117647
1626 0.001838235294117647
1641 0.001838235294117647
224 0.001838235294117647
249 0.001838235294117647
288 0.001838235294117647
316 0.001838235294117647
381 0.001838235294117647
398 0.001838235294117647
11 0.001838235294117647
2155 0.001838235294117647
404 0.001838235294117647
410 0.001838235294117647
463 0.001838235294117647
464 0.001838235294117647
483 0.001838235294117647
3188 0.001838235294117647
584 0.001838235294117647
600 0.001838235294117647
680 0.001838235294117647
763 0.001838235294117647
