ca660909a 0.25920443737680715
linear 0.02857142857142857
equations 0.02857142857142857
exact 0.02857142857142857
solutions 0.02857142857142857
algorithm 0.02857142857142857
290 0.02857142857142857
f4 0.02857142857142857
cacm 0.02857142857142857
september 0.02857142857142857
1966 0.02857142857142857
boothroyd 0.02857142857142857
j 0.02857142857142857
jb 0.02857142857142857
march 0.02857142857142857
2 0.02857142857142857
1978 0.02857142857142857
4 0.02857142857142857
33 0.02857142857142857
pm 0.02857142857142857
1370 0.02857142857142857
5 0.02857142857142857
1813 0.02857142857142857
6 0.02857142857142857
