ca660909c 0.2326193668766218
m 0.05128205128205128
direct 0.02564102564102564
search 0.02564102564102564
algorithm 0.02564102564102564
178 0.02564102564102564
e4 0.02564102564102564
cacm 0.02564102564102564
september 0.02564102564102564
1966 0.02564102564102564
bell 0.02564102564102564
pike 0.02564102564102564
c 0.02564102564102564
jb 0.02564102564102564
march 0.02564102564102564
23 0.02564102564102564
1978 0.02564102564102564
4 0.02564102564102564
25 0.02564102564102564
pm 0.02564102564102564
1372 0.02564102564102564
5 0.02564102564102564
2190 0.02564102564102564
6 0.02564102564102564
1849 0.02564102564102564
