ca660909f 0.33600575215512035
function 0.037037037037037035
minimization 0.037037037037037035
algorithm 0.037037037037037035
251 0.037037037037037035
e4 0.037037037037037035
cacm 0.037037037037037035
september 0.037037037037037035
1966 0.037037037037037035
fletcher 0.037037037037037035
r 0.037037037037037035
jb 0.037037037037037035
march 0.037037037037037035
23 0.037037037037037035
1978 0.037037037037037035
4 0.037037037037037035
31 0.037037037037037035
pm 0.037037037037037035
1375 0.037037037037037035
5 0.037037037037037035
