ca660909h 0.33600575215512035
hansson 0.3103336343566038
pseudo-random 0.037037037037037035
numbers 0.037037037037037035
algorithm 0.037037037037037035
266 0.037037037037037035
g5 0.037037037037037035
cacm 0.037037037037037035
september 0.037037037037037035
1966 0.037037037037037035
l 0.037037037037037035
jb 0.037037037037037035
march 0.037037037037037035
23 0.037037037037037035
1978 0.037037037037037035
6 0.037037037037037035
45 0.037037037037037035
pm 0.037037037037037035
1377 0.037037037037037035
5 0.037037037037037035
