s1 0.10623132679377344
closed 0.06093987387290269
b2 0.04249253071750937
s2 0.04249253071750937
dangling 0.0392459397078609
the 0.0234192037470726
attach 0.021246265358754686
sand 0.021246265358754686
unconditional 0.021246265358754686
openness 0.021246265358754686
ca660908 0.021246265358754686
to 0.02107728337236534
and 0.01873536299765808
restrictive 0.018673402856019063
let 0.018673402856019063
abrahams 0.018673402856019063
unnecessarily 0.01799967434910623
closure 0.01799967434910623
preceded 0.01799967434910623
lies 0.017474164347432593
preserve 0.017050107351194835
ambiguous 0.016685441196473548
unnecessary 0.016685441196473548
a 0.01639344262295082
else 0.01639344262295082
restriction 0.015234968468225673
always 0.014341836017337843
statement 0.01405152224824356
in 0.0117096018735363
is 0.0117096018735363
if 0.0117096018735363
are 0.0117096018735363
statements 0.00936768149882904
be 0.00936768149882904
of 0.00702576112412178
or 0.00702576112412178
s 0.00702576112412178
syntax 0.00702576112412178
equations 0.00702576112412178
problem 0.00468384074941452
conditional 0.00468384074941452
basic 0.00468384074941452
b1 0.00468384074941452
then 0.00468384074941452
either 0.00468384074941452
open 0.00468384074941452
an 0.00468384074941452
by 0.00468384074941452
that 0.00468384074941452
final 0.00234192037470726
solution 0.00234192037470726
algol 0.00234192037470726
60 0.00234192037470726
related 0.00234192037470726
languages 0.00234192037470726
consists 0.00234192037470726
class 0.00234192037470726
potential 0.00234192037470726
ambiguities 0.00234192037470726
algol-like 0.00234192037470726
whose 0.00234192037470726
form 0.00234192037470726
where 0.00234192037470726
boolean 0.00234192037470726
expressions 0.00234192037470726
difficulty 0.00234192037470726
whether 0.00234192037470726
first 0.00234192037470726
second 0.00234192037470726
one 0.00234192037470726
existing 0.00234192037470726
solutions 0.00234192037470726
we 0.00234192037470726
define 0.00234192037470726
not 0.00234192037470726
thus 0.00234192037470726
defined 0.00234192037470726
such 0.00234192037470726
way 0.00234192037470726
as 0.00234192037470726
each 0.00234192037470726
case 0.00234192037470726
must 0.00234192037470726
it 0.00234192037470726
shown 0.00234192037470726
unambiguous 0.00234192037470726
may 0.00234192037470726
change 0.00234192037470726
types 0.00234192037470726
required 0.00234192037470726
within 0.00234192037470726
would 0.00234192037470726
lead 0.00234192037470726
ambiguity 0.00234192037470726
cacm 0.00234192037470726
september 0.00234192037470726
1966 0.00234192037470726
p 0.00234192037470726
w 0.00234192037470726
jb 0.00234192037470726
march 0.00234192037470726
2 0.00234192037470726
1978 0.00234192037470726
6 0.00234192037470726
18 0.00234192037470726
pm 0.00234192037470726
1084 0.00234192037470726
4 0.00234192037470726
1379 0.00234192037470726
1086 0.00234192037470726
1132 0.00234192037470726
1234 0.00234192037470726
1263 0.00234192037470726
1265 0.00234192037470726
1270 0.00234192037470726
1323 0.00234192037470726
1358 0.00234192037470726
1380 0.00234192037470726
1453 0.00234192037470726
1464 0.00234192037470726
1484 0.00234192037470726
1491 0.00234192037470726
1498 0.00234192037470726
1613 0.00234192037470726
1614 0.00234192037470726
1625 0.00234192037470726
1693 0.00234192037470726
1781 0.00234192037470726
1825 0.00234192037470726
1836 0.00234192037470726
1860 0.00234192037470726
1945 0.00234192037470726
2015 0.00234192037470726
2060 0.00234192037470726
2061 0.00234192037470726
2083 0.00234192037470726
2091 0.00234192037470726
2178 0.00234192037470726
2179 0.00234192037470726
2252 0.00234192037470726
2325 0.00234192037470726
2341 0.00234192037470726
2546 0.00234192037470726
2645 0.00234192037470726
2652 0.00234192037470726
2684 0.00234192037470726
2698 0.00234192037470726
2708 0.00234192037470726
2842 0.00234192037470726
2929 0.00234192037470726
2934 0.00234192037470726
3045 0.00234192037470726
3069 0.00234192037470726
669 0.00234192037470726
679 0.00234192037470726
691 0.00234192037470726
761 0.00234192037470726
949 0.00234192037470726
989 0.00234192037470726
5 0.00234192037470726
1477 0.00234192037470726
2167 0.00234192037470726
2956 0.00234192037470726
3184 0.00234192037470726
1392 0.00234192037470726
1393 0.00234192037470726
2169 0.00234192037470726
2651 0.00234192037470726
