simula 0.03675003564749255
simula-an 0.01989507743023739
dahl 0.01989507743023739
nygaard 0.01989507743023739
ca660907 0.01989507743023739
quasi-parallel 0.018375017823746276
algol-based 0.017485839955088026
analyst 0.016362868807793238
unified 0.015965780348596918
concise 0.015965780348596918
serves 0.014842809201302131
a 0.008771929824561403
language 0.006578947368421052
is 0.006578947368421052
of 0.006578947368421052
simulation 0.0043859649122807015
an 0.0043859649122807015
to 0.0043859649122807015
systems 0.0043859649122807015
concepts 0.0043859649122807015
which 0.0043859649122807015
the 0.0043859649122807015
description 0.0043859649122807015
this 0.0021929824561403508
paper 0.0021929824561403508
introduction 0.0021929824561403508
programming 0.0021929824561403508
designed 0.0021929824561403508
provide 0.0021929824561403508
with 0.0021929824561403508
facilitate 0.0021929824561403508
discrete 0.0021929824561403508
event 0.0021929824561403508
system 0.0021929824561403508
also 0.0021929824561403508
as 0.0021929824561403508
source 0.0021929824561403508
program 0.0021929824561403508
extension 0.0021929824561403508
algol 0.0021929824561403508
60 0.0021929824561403508
in 0.0021929824561403508
most 0.0021929824561403508
important 0.0021929824561403508
new 0.0021929824561403508
that 0.0021929824561403508
processing 0.0021929824561403508
cacm 0.0021929824561403508
september 0.0021929824561403508
1966 0.0021929824561403508
o 0.0021929824561403508
j 0.0021929824561403508
k 0.0021929824561403508
jb 0.0021929824561403508
march 0.0021929824561403508
2 0.0021929824561403508
1978 0.0021929824561403508
6 0.0021929824561403508
21 0.0021929824561403508
pm 0.0021929824561403508
1024 0.0021929824561403508
4 0.0021929824561403508
1380 0.0021929824561403508
1051 0.0021929824561403508
1086 0.0021929824561403508
1098 0.0021929824561403508
1132 0.0021929824561403508
1214 0.0021929824561403508
1234 0.0021929824561403508
1263 0.0021929824561403508
1265 0.0021929824561403508
1270 0.0021929824561403508
1323 0.0021929824561403508
1358 0.0021929824561403508
1379 0.0021929824561403508
1388 0.0021929824561403508
1393 0.0021929824561403508
1453 0.0021929824561403508
1464 0.0021929824561403508
1484 0.0021929824561403508
1485 0.0021929824561403508
1487 0.0021929824561403508
1491 0.0021929824561403508
1498 0.0021929824561403508
1549 0.0021929824561403508
1552 0.0021929824561403508
1570 0.0021929824561403508
1613 0.0021929824561403508
1614 0.0021929824561403508
1665 0.0021929824561403508
1693 0.0021929824561403508
1781 0.0021929824561403508
1787 0.0021929824561403508
1825 0.0021929824561403508
1854 0.0021929824561403508
1860 0.0021929824561403508
1878 0.0021929824561403508
1946 0.0021929824561403508
1957 0.0021929824561403508
1989 0.0021929824561403508
2060 0.0021929824561403508
2083 0.0021929824561403508
2112 0.0021929824561403508
2168 0.0021929824561403508
2178 0.0021929824561403508
2179 0.0021929824561403508
2252 0.0021929824561403508
2325 0.0021929824561403508
2341 0.0021929824561403508
2534 0.0021929824561403508
2541 0.0021929824561403508
2546 0.0021929824561403508
2645 0.0021929824561403508
2652 0.0021929824561403508
2684 0.0021929824561403508
2698 0.0021929824561403508
2723 0.0021929824561403508
2733 0.0021929824561403508
2820 0.0021929824561403508
2842 0.0021929824561403508
2857 0.0021929824561403508
2929 0.0021929824561403508
2934 0.0021929824561403508
557 0.0021929824561403508
3069 0.0021929824561403508
3073 0.0021929824561403508
3112 0.0021929824561403508
3155 0.0021929824561403508
669 0.0021929824561403508
679 0.0021929824561403508
691 0.0021929824561403508
761 0.0021929824561403508
949 0.0021929824561403508
989 0.0021929824561403508
5 0.0021929824561403508
1421 0.0021929824561403508
1541 0.0021929824561403508
1846 0.0021929824561403508
2218 0.0021929824561403508
3184 0.0021929824561403508
731 0.0021929824561403508
799 0.0021929824561403508
106 0.0021929824561403508
1424 0.0021929824561403508
1469 0.0021929824561403508
1477 0.0021929824561403508
1572 0.0021929824561403508
1728 0.0021929824561403508
1751 0.0021929824561403508
1752 0.0021929824561403508
1810 0.0021929824561403508
1826 0.0021929824561403508
210 0.0021929824561403508
1869 0.0021929824561403508
1879 0.0021929824561403508
1972 0.0021929824561403508
2095 0.0021929824561403508
2110 0.0021929824561403508
2438 0.0021929824561403508
2736 0.0021929824561403508
2833 0.0021929824561403508
2838 0.0021929824561403508
576 0.0021929824561403508
