expansions 0.07745468695176869
the 0.03460207612456748
automast 0.031391540858782874
ball 0.031391540858782874
ca660810 0.031391540858782874
reads 0.028993107708056413
berns 0.028993107708056413
symbolically 0.027590114254394952
non-numeric 0.026594674557329966
hence 0.02309108396945153
determined 0.020680739593150775
of 0.01730103806228374
a 0.01384083044982699
is 0.010380622837370242
in 0.010380622837370242
and 0.006920415224913495
symbolic 0.006920415224913495
procedure 0.006920415224913495
for 0.006920415224913495
on 0.006920415224913495
that 0.006920415224913495
final 0.006920415224913495
equations 0.006920415224913495
are 0.006920415224913495
any 0.006920415224913495
parameters 0.006920415224913495
automatic 0.0034602076124567475
mathematical 0.0034602076124567475
analysis 0.0034602076124567475
translation 0.0034602076124567475
numerically 0.0034602076124567475
solving 0.0034602076124567475
systems 0.0034602076124567475
ordinary 0.0034602076124567475
differential 0.0034602076124567475
equation 0.0034602076124567475
shown 0.0034602076124567475
to 0.0034602076124567475
also 0.0034602076124567475
generate 0.0034602076124567475
solutions 0.0034602076124567475
based 0.0034602076124567475
finite 0.0034602076124567475
taylor 0.0034602076124567475
series 0.0034602076124567475
expansion 0.0034602076124567475
includes 0.0034602076124567475
an 0.0034602076124567475
estimate 0.0034602076124567475
error 0.0034602076124567475
result 0.0034602076124567475
computer 0.0034602076124567475
program 0.0034602076124567475
described 0.0034602076124567475
system 0.0034602076124567475
such 0.0034602076124567475
then 0.0034602076124567475
generates 0.0034602076124567475
all 0.0034602076124567475
dependent 0.0034602076124567475
variables 0.0034602076124567475
original 0.0034602076124567475
carried 0.0034602076124567475
automatically 0.0034602076124567475
into 0.0034602076124567475
thus 0.0034602076124567475
exact 0.0034602076124567475
influence 0.0034602076124567475
problem 0.0034602076124567475
solution 0.0034602076124567475
can 0.0034602076124567475
be 0.0034602076124567475
easily 0.0034602076124567475
displayed 0.0034602076124567475
cacm 0.0034602076124567475
august 0.0034602076124567475
1966 0.0034602076124567475
w 0.0034602076124567475
e 0.0034602076124567475
r 0.0034602076124567475
i 0.0034602076124567475
jb 0.0034602076124567475
march 0.0034602076124567475
2 0.0034602076124567475
1978 0.0034602076124567475
7 0.0034602076124567475
16 0.0034602076124567475
pm 0.0034602076124567475
1024 0.0034602076124567475
4 0.0034602076124567475
1388 0.0034602076124567475
1051 0.0034602076124567475
1098 0.0034602076124567475
1214 0.0034602076124567475
1223 0.0034602076124567475
1380 0.0034602076124567475
1393 0.0034602076124567475
1485 0.0034602076124567475
1487 0.0034602076124567475
1549 0.0034602076124567475
1570 0.0034602076124567475
1878 0.0034602076124567475
1946 0.0034602076124567475
1957 0.0034602076124567475
2168 0.0034602076124567475
436 0.0034602076124567475
2723 0.0034602076124567475
2857 0.0034602076124567475
3112 0.0034602076124567475
5 0.0034602076124567475
1396 0.0034602076124567475
405 0.0034602076124567475
731 0.0034602076124567475
964 0.0034602076124567475
6 0.0034602076124567475
1028 0.0034602076124567475
1029 0.0034602076124567475
1083 0.0034602076124567475
1132 0.0034602076124567475
1278 0.0034602076124567475
1334 0.0034602076124567475
1365 0.0034602076124567475
1386 0.0034602076124567475
1387 0.0034602076124567475
1392 0.0034602076124567475
1394 0.0034602076124567475
1395 0.0034602076124567475
1397 0.0034602076124567475
1496 0.0034602076124567475
284 0.0034602076124567475
407 0.0034602076124567475
3199 0.0034602076124567475
3200 0.0034602076124567475
3201 0.0034602076124567475
3202 0.0034602076124567475
3203 0.0034602076124567475
3204 0.0034602076124567475
561 0.0034602076124567475
730 0.0034602076124567475
