quotients 0.02425709975451404
substitutions 0.02425709975451404
refco 0.02425709975451404
constituting 0.02425709975451404
alpak 0.02425709975451404
exaples 0.02425709975451404
ca660805 0.02425709975451404
divisors 0.019950449669394965
respects 0.019466299034652926
subsystem 0.019049955590626215
the 0.01871657754010695
products 0.018693755473550754
pm 0.016042780748663103
choice 0.01514288527837451
system 0.013368983957219251
for 0.013368983957219251
is 0.013368983957219251
of 0.013368983957219251
and 0.0106951871657754
in 0.008021390374331552
with 0.008021390374331552
are 0.008021390374331552
a 0.0053475935828877
polynomial 0.0053475935828877
manipulation 0.0053475935828877
an 0.0053475935828877
formal 0.0053475935828877
polynomials 0.0053475935828877
which 0.0053475935828877
common 0.0053475935828877
described 0.0053475935828877
compared 0.0053475935828877
ibm 0.00267379679144385
7094 0.00267379679144385
program 0.00267379679144385
any 0.00267379679144385
number 0.00267379679144385
variables 0.00267379679144385
integral 0.00267379679144385
coefficients 0.00267379679144385
unrestricted 0.00267379679144385
size 0.00267379679144385
some 0.00267379679144385
operations 0.00267379679144385
can 0.00267379679144385
be 0.00267379679144385
performed 0.00267379679144385
by 0.00267379679144385
sums 0.00267379679144385
differences 0.00267379679144385
derivatives 0.00267379679144385
greater 0.00267379679144385
based 0.00267379679144385
on 0.00267379679144385
iii 0.00267379679144385
list 0.00267379679144385
processing 0.00267379679144385
lisp 0.00267379679144385
slip 0.00267379679144385
systems 0.00267379679144385
subroutines 0.00267379679144385
arithmetic 0.00267379679144385
large 0.00267379679144385
integers 0.00267379679144385
as 0.00267379679144385
independently 0.00267379679144385
useful 0.00267379679144385
several 0.00267379679144385
including 0.00267379679144385
canonical 0.00267379679144385
forms 0.00267379679144385
new 0.00267379679144385
algorithm 0.00267379679144385
greatest 0.00267379679144385
divisor 0.00267379679144385
calculation 0.00267379679144385
mentioned 0.00267379679144385
included 0.00267379679144385
to 0.00267379679144385
illustrate 0.00267379679144385
its 0.00267379679144385
superiority 0.00267379679144385
cacm 0.00267379679144385
august 0.00267379679144385
1966 0.00267379679144385
collins 0.00267379679144385
g 0.00267379679144385
e 0.00267379679144385
jb 0.00267379679144385
march 0.00267379679144385
2 0.00267379679144385
1978 0.00267379679144385
7 0.00267379679144385
51 0.00267379679144385
1024 0.00267379679144385
4 0.00267379679144385
1393 0.00267379679144385
1050 0.00267379679144385
1051 0.00267379679144385
1098 0.00267379679144385
1214 0.00267379679144385
1380 0.00267379679144385
1388 0.00267379679144385
1485 0.00267379679144385
1487 0.00267379679144385
1549 0.00267379679144385
1570 0.00267379679144385
1878 0.00267379679144385
1946 0.00267379679144385
1957 0.00267379679144385
2023 0.00267379679144385
2168 0.00267379679144385
2723 0.00267379679144385
2857 0.00267379679144385
3112 0.00267379679144385
627 0.00267379679144385
106 0.00267379679144385
5 0.00267379679144385
1396 0.00267379679144385
296 0.00267379679144385
2167 0.00267379679144385
731 0.00267379679144385
878 0.00267379679144385
6 0.00267379679144385
902 0.00267379679144385
964 0.00267379679144385
1028 0.00267379679144385
1029 0.00267379679144385
1083 0.00267379679144385
1093 0.00267379679144385
1132 0.00267379679144385
1177 0.00267379679144385
1278 0.00267379679144385
1334 0.00267379679144385
1365 0.00267379679144385
1379 0.00267379679144385
1386 0.00267379679144385
1387 0.00267379679144385
1392 0.00267379679144385
1394 0.00267379679144385
1395 0.00267379679144385
1397 0.00267379679144385
1496 0.00267379679144385
284 0.00267379679144385
360 0.00267379679144385
2169 0.00267379679144385
407 0.00267379679144385
3199 0.00267379679144385
3200 0.00267379679144385
3201 0.00267379679144385
3202 0.00267379679144385
3203 0.00267379679144385
3204 0.00267379679144385
561 0.00267379679144385
730 0.00267379679144385
