ambit 0.21600369781400594
the 0.047619047619047616
christensen 0.043200739562801196
ca660803 0.043200739562801196
rationale 0.03990003870299193
of 0.0380952380952381
member 0.03796925247390543
family 0.029697342680142617
a 0.01904761904761905
for 0.01904761904761905
language 0.014285714285714285
is 0.014285714285714285
implementation 0.009523809523809525
given 0.009523809523809525
algorithm 0.009523809523809525
and 0.009523809523809525
on 0.004761904761904762
symbol 0.004761904761904762
manipulation 0.004761904761904762
brief 0.004761904761904762
description 0.004761904761904762
technique 0.004761904761904762
replacement 0.004761904761904762
rule 0.004761904761904762
programming 0.004761904761904762
scan 0.004761904761904762
an 0.004761904761904762
example 0.004761904761904762
its 0.004761904761904762
application 0.004761904761904762
are 0.004761904761904762
applicable 0.004761904761904762
to 0.004761904761904762
other 0.004761904761904762
members 0.004761904761904762
string 0.004761904761904762
transformation 0.004761904761904762
languages 0.004761904761904762
which 0.004761904761904762
it 0.004761904761904762
provides 0.004761904761904762
design 0.004761904761904762
cacm 0.004761904761904762
august 0.004761904761904762
1966 0.004761904761904762
c 0.004761904761904762
jb 0.004761904761904762
march 0.004761904761904762
2 0.004761904761904762
1978 0.004761904761904762
8 0.004761904761904762
02 0.004761904761904762
pm 0.004761904761904762
1396 0.004761904761904762
4 0.004761904761904762
1395 0.004761904761904762
1706 0.004761904761904762
1180 0.004761904761904762
5 0.004761904761904762
964 0.004761904761904762
6 0.004761904761904762
1028 0.004761904761904762
1029 0.004761904761904762
1083 0.004761904761904762
1132 0.004761904761904762
1214 0.004761904761904762
1278 0.004761904761904762
1334 0.004761904761904762
1365 0.004761904761904762
1386 0.004761904761904762
1387 0.004761904761904762
1388 0.004761904761904762
1392 0.004761904761904762
1393 0.004761904761904762
1394 0.004761904761904762
1397 0.004761904761904762
1496 0.004761904761904762
284 0.004761904761904762
407 0.004761904761904762
3199 0.004761904761904762
3200 0.004761904761904762
3201 0.004761904761904762
3202 0.004761904761904762
3203 0.004761904761904762
3204 0.004761904761904762
561 0.004761904761904762
730 0.004761904761904762
