systems-both 0.01705292351163205
online-are 0.01705292351163205
ca660802 0.01705292351163205
surveyed 0.01498786281864688
supporting 0.013392262012959032
sammet 0.013141850652458612
displays 0.012228066796865342
of 0.007518796992481203
and 0.007518796992481203
the 0.005639097744360902
formula 0.0037593984962406013
manipulation 0.0037593984962406013
to 0.0037593984962406013
specific 0.0037593984962406013
capabilities 0.0037593984962406013
survey 0.0018796992481203006
field 0.0018796992481203006
is 0.0018796992481203006
with 0.0018796992481203006
particular 0.0018796992481203006
attention 0.0018796992481203006
differentiation 0.0018796992481203006
integration 0.0018796992481203006
simplification 0.0018796992481203006
input 0.0018796992481203006
output 0.0018796992481203006
editing 0.0018796992481203006
precision 0.0018796992481203006
arithmetic 0.0018796992481203006
general 0.0018796992481203006
batch 0.0018796992481203006
described 0.0018796992481203006
finally 0.0018796992481203006
some 0.0018796992481203006
programs 0.0018796992481203006
solve 0.0018796992481203006
applications 0.0018796992481203006
are 0.0018796992481203006
discussed 0.0018796992481203006
cacm 0.0018796992481203006
august 0.0018796992481203006
1966 0.0018796992481203006
j 0.0018796992481203006
e 0.0018796992481203006
jb 0.0018796992481203006
march 0.0018796992481203006
2 0.0018796992481203006
1978 0.0018796992481203006
8 0.0018796992481203006
07 0.0018796992481203006
pm 0.0018796992481203006
1028 0.0018796992481203006
4 0.0018796992481203006
1396 0.0018796992481203006
1083 0.0018796992481203006
1214 0.0018796992481203006
1216 0.0018796992481203006
1278 0.0018796992481203006
1334 0.0018796992481203006
1347 0.0018796992481203006
1392 0.0018796992481203006
1395 0.0018796992481203006
1444 0.0018796992481203006
1536 0.0018796992481203006
1624 0.0018796992481203006
1767 0.0018796992481203006
1781 0.0018796992481203006
1787 0.0018796992481203006
1860 0.0018796992481203006
1945 0.0018796992481203006
1946 0.0018796992481203006
1988 0.0018796992481203006
2167 0.0018796992481203006
2229 0.0018796992481203006
2252 0.0018796992481203006
2857 0.0018796992481203006
679 0.0018796992481203006
964 0.0018796992481203006
5 0.0018796992481203006
1029 0.0018796992481203006
1132 0.0018796992481203006
1388 0.0018796992481203006
1393 0.0018796992481203006
1397 0.0018796992481203006
1365 0.0018796992481203006
284 0.0018796992481203006
1386 0.0018796992481203006
1387 0.0018796992481203006
1394 0.0018796992481203006
1496 0.0018796992481203006
407 0.0018796992481203006
561 0.0018796992481203006
3199 0.0018796992481203006
3200 0.0018796992481203006
3201 0.0018796992481203006
3202 0.0018796992481203006
3203 0.0018796992481203006
3204 0.0018796992481203006
730 0.0018796992481203006
823 0.0018796992481203006
6 0.0018796992481203006
914 0.0018796992481203006
915 0.0018796992481203006
917 0.0018796992481203006
984 0.0018796992481203006
989 0.0018796992481203006
990 0.0018796992481203006
1012 0.0018796992481203006
1084 0.0018796992481203006
1098 0.0018796992481203006
1122 0.0018796992481203006
1138 0.0018796992481203006
1139 0.0018796992481203006
1141 0.0018796992481203006
1200 0.0018796992481203006
1223 0.0018796992481203006
1265 0.0018796992481203006
1336 0.0018796992481203006
1455 0.0018796992481203006
1477 0.0018796992481203006
1487 0.0018796992481203006
1491 0.0018796992481203006
483 0.0018796992481203006
584 0.0018796992481203006
669 0.0018796992481203006
680 0.0018796992481203006
763 0.0018796992481203006
