ca601008 0.055657394528762276
pivoting 0.045775878382538146
crout 0.006134969325153374
with 0.006134969325153374
algorithm 0.006134969325153374
16 0.006134969325153374
cacm 0.006134969325153374
october 0.006134969325153374
1960 0.006134969325153374
forsythe 0.006134969325153374
g 0.006134969325153374
e 0.006134969325153374
jb 0.006134969325153374
march 0.006134969325153374
20 0.006134969325153374
1978 0.006134969325153374
8 0.006134969325153374
15 0.006134969325153374
pm 0.006134969325153374
249 0.006134969325153374
4 0.006134969325153374
140 0.006134969325153374
254 0.006134969325153374
272 0.006134969325153374
1102 0.006134969325153374
1109 0.006134969325153374
1140 0.006134969325153374
1188 0.006134969325153374
1306 0.006134969325153374
1319 0.006134969325153374
1464 0.006134969325153374
1491 0.006134969325153374
1767 0.006134969325153374
1781 0.006134969325153374
1787 0.006134969325153374
1949 0.006134969325153374
321 0.006134969325153374
2059 0.006134969325153374
2126 0.006134969325153374
435 0.006134969325153374
437 0.006134969325153374
454 0.006134969325153374
463 0.006134969325153374
483 0.006134969325153374
491 0.006134969325153374
2732 0.006134969325153374
560 0.006134969325153374
583 0.006134969325153374
3073 0.006134969325153374
627 0.006134969325153374
631 0.006134969325153374
632 0.006134969325153374
642 0.006134969325153374
644 0.006134969325153374
653 0.006134969325153374
680 0.006134969325153374
761 0.006134969325153374
762 0.006134969325153374
763 0.006134969325153374
123 0.006134969325153374
919 0.006134969325153374
989 0.006134969325153374
5 0.006134969325153374
152 0.006134969325153374
196 0.006134969325153374
