zh 0.10193432930548596
ca660603a 0.10193432930548596
examination 0.011235955056179775
scheduling 0.011235955056179775
algorithm 0.011235955056179775
286 0.011235955056179775
cacm 0.011235955056179775
june 0.011235955056179775
1966 0.011235955056179775
peck 0.011235955056179775
j 0.011235955056179775
e 0.011235955056179775
l 0.011235955056179775
williams 0.011235955056179775
m 0.011235955056179775
r 0.011235955056179775
jb 0.011235955056179775
march 0.011235955056179775
3 0.011235955056179775
1978 0.011235955056179775
8 0.011235955056179775
58 0.011235955056179775
am 0.011235955056179775
1418 0.011235955056179775
5 0.011235955056179775
2350 0.011235955056179775
2354 0.011235955056179775
2355 0.011235955056179775
6 0.011235955056179775
1521 0.011235955056179775
1597 0.011235955056179775
1679 0.011235955056179775
1883 0.011235955056179775
2040 0.011235955056179775
