ca660603b 0.19722076756930979
hopgood 0.18215235060061527
litherland 0.18215235060061527
chebyshev 0.021739130434782608
quadrature 0.021739130434782608
algorithm 0.021739130434782608
279 0.021739130434782608
d1 0.021739130434782608
cacm 0.021739130434782608
june 0.021739130434782608
1966 0.021739130434782608
f 0.021739130434782608
r 0.021739130434782608
a 0.021739130434782608
c 0.021739130434782608
jb 0.021739130434782608
march 0.021739130434782608
23 0.021739130434782608
1978 0.021739130434782608
7 0.021739130434782608
09 0.021739130434782608
pm 0.021739130434782608
1355 0.021739130434782608
5 0.021739130434782608
1419 0.021739130434782608
2619 0.021739130434782608
6 0.021739130434782608
1429 0.021739130434782608
