ca601006 0.10800184890700297
counting 0.0848176594154072
comments 0.011904761904761904
on 0.011904761904761904
a 0.011904761904761904
technique 0.011904761904761904
for 0.011904761904761904
ones 0.011904761904761904
cacm 0.011904761904761904
october 0.011904761904761904
1960 0.011904761904761904
sherman 0.011904761904761904
p 0.011904761904761904
m 0.011904761904761904
jb 0.011904761904761904
march 0.011904761904761904
20 0.011904761904761904
1978 0.011904761904761904
8 0.011904761904761904
18 0.011904761904761904
pm 0.011904761904761904
2952 0.011904761904761904
4 0.011904761904761904
142 0.011904761904761904
5 0.011904761904761904
162 0.011904761904761904
163 0.011904761904761904
192 0.011904761904761904
362 0.011904761904761904
6 0.011904761904761904
2185 0.011904761904761904
2727 0.011904761904761904
