motives 0.02134624778397235
visions 0.02134624778397235
ca660601 0.02134624778397235
a 0.018823529411764704
rigorous 0.017556395709067567
of 0.01647058823529412
the 0.01411764705882353
to 0.011764705882352941
language 0.011764705882352941
algol 0.007058823529411765
with 0.007058823529411765
part 0.007058823529411765
in 0.004705882352941176
is 0.004705882352941176
proposed 0.004705882352941176
contribution 0.002352941176470588
development 0.002352941176470588
programming 0.002352941176470588
similar 0.002352941176470588
many 0.002352941176470588
respects 0.002352941176470588
60 0.002352941176470588
but 0.002352941176470588
incorporating 0.002352941176470588
large 0.002352941176470588
number 0.002352941176470588
improvements 0.002352941176470588
based 0.002352941176470588
on 0.002352941176470588
six 0.002352941176470588
years 0.002352941176470588
experience 0.002352941176470588
that 0.002352941176470588
described 0.002352941176470588
detail 0.002352941176470588
i 0.002352941176470588
consists 0.002352941176470588
an 0.002352941176470588
introduction 0.002352941176470588
new 0.002352941176470588
and 0.002352941176470588
summary 0.002352941176470588
changes 0.002352941176470588
made 0.002352941176470588
together 0.002352941176470588
discussion 0.002352941176470588
behind 0.002352941176470588
there 0.002352941176470588
ii 0.002352941176470588
definition 0.002352941176470588
iii 0.002352941176470588
describes 0.002352941176470588
set 0.002352941176470588
standard 0.002352941176470588
procedures 0.002352941176470588
be 0.002352941176470588
used 0.002352941176470588
including 0.002352941176470588
facilities 0.002352941176470588
for 0.002352941176470588
input 0.002352941176470588
output 0.002352941176470588
cacm 0.002352941176470588
june 0.002352941176470588
1966 0.002352941176470588
wirth 0.002352941176470588
n 0.002352941176470588
hoare 0.002352941176470588
c 0.002352941176470588
r 0.002352941176470588
jb 0.002352941176470588
march 0.002352941176470588
3 0.002352941176470588
1978 0.002352941176470588
9 0.002352941176470588
07 0.002352941176470588
am 0.002352941176470588
1380 0.002352941176470588
5 0.002352941176470588
1421 0.002352941176470588
1552 0.002352941176470588
1693 0.002352941176470588
1781 0.002352941176470588
1854 0.002352941176470588
1860 0.002352941176470588
2060 0.002352941176470588
557 0.002352941176470588
123 0.002352941176470588
6 0.002352941176470588
196 0.002352941176470588
919 0.002352941176470588
990 0.002352941176470588
1007 0.002352941176470588
1046 0.002352941176470588
1131 0.002352941176470588
1139 0.002352941176470588
1140 0.002352941176470588
1149 0.002352941176470588
1184 0.002352941176470588
1198 0.002352941176470588
1215 0.002352941176470588
1223 0.002352941176470588
1265 0.002352941176470588
1303 0.002352941176470588
1323 0.002352941176470588
1358 0.002352941176470588
1366 0.002352941176470588
1389 0.002352941176470588
1460 0.002352941176470588
1462 0.002352941176470588
1463 0.002352941176470588
1467 0.002352941176470588
1468 0.002352941176470588
1469 0.002352941176470588
1471 0.002352941176470588
1477 0.002352941176470588
1491 0.002352941176470588
1496 0.002352941176470588
1531 0.002352941176470588
1535 0.002352941176470588
1565 0.002352941176470588
1601 0.002352941176470588
1602 0.002352941176470588
1613 0.002352941176470588
1614 0.002352941176470588
1626 0.002352941176470588
1641 0.002352941176470588
1748 0.002352941176470588
1749 0.002352941176470588
1785 0.002352941176470588
1786 0.002352941176470588
1787 0.002352941176470588
1788 0.002352941176470588
205 0.002352941176470588
210 0.002352941176470588
224 0.002352941176470588
249 0.002352941176470588
1869 0.002352941176470588
288 0.002352941176470588
316 0.002352941176470588
378 0.002352941176470588
381 0.002352941176470588
398 0.002352941176470588
2110 0.002352941176470588
11 0.002352941176470588
404 0.002352941176470588
410 0.002352941176470588
463 0.002352941176470588
464 0.002352941176470588
483 0.002352941176470588
3184 0.002352941176470588
3188 0.002352941176470588
584 0.002352941176470588
600 0.002352941176470588
680 0.002352941176470588
691 0.002352941176470588
731 0.002352941176470588
763 0.002352941176470588
799 0.002352941176470588
