ca601003 0.20160345129307225
hollingsworth 0.1862001806139623
graders 0.17718984487822534
automatic 0.022222222222222223
for 0.022222222222222223
programming 0.022222222222222223
classes 0.022222222222222223
cacm 0.022222222222222223
october 0.022222222222222223
1960 0.022222222222222223
j 0.022222222222222223
jb 0.022222222222222223
march 0.022222222222222223
20 0.022222222222222223
1978 0.022222222222222223
8 0.022222222222222223
28 0.022222222222222223
pm 0.022222222222222223
145 0.022222222222222223
5 0.022222222222222223
1270 0.022222222222222223
1902 0.022222222222222223
6 0.022222222222222223
3184 0.022222222222222223
