meta-assembler 0.09310009030698115
meta-assembly 0.03360057521551204
meta-assemblers 0.03360057521551204
ca660312 0.03360057521551204
implication 0.031033363435660384
contributed 0.02953164081303756
is 0.018518518518518517
the 0.011111111111111112
a 0.011111111111111112
evolution 0.007407407407407408
of 0.007407407407407408
program 0.007407407407407408
described 0.007407407407407408
to 0.007407407407407408
march 0.007407407407407408
generalized 0.003703703703703704
assembler 0.003703703703703704
called 0.003703703703703704
defined 0.003703703703703704
and 0.003703703703703704
factors 0.003703703703703704
which 0.003703703703703704
its 0.003703703703703704
are 0.003703703703703704
presented 0.003703703703703704
how 0.003703703703703704
made 0.003703703703703704
function 0.003703703703703704
as 0.003703703703703704
an 0.003703703703703704
assembly 0.003703703703703704
finally 0.003703703703703704
on 0.003703703703703704
compiler 0.003703703703703704
design 0.003703703703703704
discussed 0.003703703703703704
cacm 0.003703703703703704
1966 0.003703703703703704
ferguson 0.003703703703703704
d 0.003703703703703704
e 0.003703703703703704
jb 0.003703703703703704
3 0.003703703703703704
1978 0.003703703703703704
11 0.003703703703703704
56 0.003703703703703704
am 0.003703703703703704
1358 0.003703703703703704
5 0.003703703703703704
1460 0.003703703703703704
1781 0.003703703703703704
123 0.003703703703703704
6 0.003703703703703704
196 0.003703703703703704
919 0.003703703703703704
990 0.003703703703703704
1007 0.003703703703703704
1046 0.003703703703703704
1131 0.003703703703703704
1139 0.003703703703703704
1140 0.003703703703703704
1149 0.003703703703703704
1198 0.003703703703703704
1215 0.003703703703703704
1223 0.003703703703703704
1265 0.003703703703703704
1303 0.003703703703703704
1323 0.003703703703703704
1366 0.003703703703703704
1421 0.003703703703703704
1462 0.003703703703703704
1463 0.003703703703703704
1467 0.003703703703703704
1468 0.003703703703703704
1477 0.003703703703703704
1491 0.003703703703703704
1496 0.003703703703703704
1531 0.003703703703703704
1535 0.003703703703703704
1565 0.003703703703703704
1601 0.003703703703703704
1602 0.003703703703703704
1613 0.003703703703703704
1614 0.003703703703703704
1626 0.003703703703703704
1641 0.003703703703703704
1787 0.003703703703703704
1788 0.003703703703703704
205 0.003703703703703704
224 0.003703703703703704
249 0.003703703703703704
288 0.003703703703703704
316 0.003703703703703704
381 0.003703703703703704
398 0.003703703703703704
404 0.003703703703703704
410 0.003703703703703704
463 0.003703703703703704
464 0.003703703703703704
483 0.003703703703703704
3184 0.003703703703703704
3188 0.003703703703703704
584 0.003703703703703704
600 0.003703703703703704
680 0.003703703703703704
691 0.003703703703703704
729 0.003703703703703704
763 0.003703703703703704
799 0.003703703703703704
