multilevel 0.04510622288456762
leads 0.04510622288456762
well-established 0.029265017123187905
applications-no 0.029265017123187905
consuming-must 0.029265017123187905
systems-similar 0.029265017123187905
vertically 0.029265017123187905
orchard-hays 0.029265017123187905
ca660310 0.029265017123187905
horizontally 0.027029058476220332
enhancing 0.027029058476220332
naturally 0.024793099829252773
responsibility 0.024069252181786186
supervisory 0.02298284964804582
fourth 0.02298284964804582
sometimes 0.02255311144228381
implies 0.022177195905974292
built 0.020317152795316245
the 0.016129032258064516
or 0.012903225806451613
of 0.012903225806451613
operating 0.00967741935483871
systems 0.00967741935483871
to 0.00967741935483871
a 0.00967741935483871
for 0.0064516129032258064
all 0.0064516129032258064
is 0.0064516129032258064
on 0.0064516129032258064
standard 0.0064516129032258064
this 0.0064516129032258064
large 0.0064516129032258064
but 0.0064516129032258064
different 0.0064516129032258064
level 0.0064516129032258064
march 0.0064516129032258064
basic 0.0032258064516129032
software 0.0032258064516129032
newer 0.0032258064516129032
computers 0.0032258064516129032
need 0.0032258064516129032
that 0.0032258064516129032
matter 0.0032258064516129032
how 0.0032258064516129032
complex 0.0032258064516129032
time 0.0032258064516129032
operate 0.0032258064516129032
under 0.0032258064516129032
more 0.0032258064516129032
precisely 0.0032258064516129032
top 0.0032258064516129032
system 0.0032258064516129032
applications 0.0032258064516129032
require 0.0032258064516129032
monitors 0.0032258064516129032
which 0.0032258064516129032
handle 0.0032258064516129032
problems 0.0032258064516129032
similar 0.0032258064516129032
those 0.0032258064516129032
at 0.0032258064516129032
still 0.0032258064516129032
third 0.0032258064516129032
even 0.0032258064516129032
such 0.0032258064516129032
required 0.0032258064516129032
desirable 0.0032258064516129032
concept 0.0032258064516129032
proper 0.0032258064516129032
division 0.0032258064516129032
between 0.0032258064516129032
levels 0.0032258064516129032
greater 0.0032258064516129032
efficiency 0.0032258064516129032
and 0.0032258064516129032
less 0.0032258064516129032
logical 0.0032258064516129032
complexity 0.0032258064516129032
while 0.0032258064516129032
actually 0.0032258064516129032
capability 0.0032258064516129032
cacm 0.0032258064516129032
1966 0.0032258064516129032
w 0.0032258064516129032
jb 0.0032258064516129032
3 0.0032258064516129032
1978 0.0032258064516129032
1 0.0032258064516129032
31 0.0032258064516129032
pm 0.0032258064516129032
1462 0.0032258064516129032
5 0.0032258064516129032
1781 0.0032258064516129032
123 0.0032258064516129032
6 0.0032258064516129032
196 0.0032258064516129032
919 0.0032258064516129032
990 0.0032258064516129032
1007 0.0032258064516129032
1046 0.0032258064516129032
1131 0.0032258064516129032
1139 0.0032258064516129032
1140 0.0032258064516129032
1149 0.0032258064516129032
1198 0.0032258064516129032
1215 0.0032258064516129032
1223 0.0032258064516129032
1265 0.0032258064516129032
1303 0.0032258064516129032
1323 0.0032258064516129032
1358 0.0032258064516129032
1366 0.0032258064516129032
1421 0.0032258064516129032
1460 0.0032258064516129032
1463 0.0032258064516129032
1467 0.0032258064516129032
1468 0.0032258064516129032
1477 0.0032258064516129032
1491 0.0032258064516129032
1496 0.0032258064516129032
1531 0.0032258064516129032
1535 0.0032258064516129032
1565 0.0032258064516129032
1601 0.0032258064516129032
1602 0.0032258064516129032
1613 0.0032258064516129032
1614 0.0032258064516129032
1626 0.0032258064516129032
1641 0.0032258064516129032
1787 0.0032258064516129032
1788 0.0032258064516129032
205 0.0032258064516129032
224 0.0032258064516129032
249 0.0032258064516129032
288 0.0032258064516129032
316 0.0032258064516129032
381 0.0032258064516129032
398 0.0032258064516129032
11 0.0032258064516129032
404 0.0032258064516129032
410 0.0032258064516129032
463 0.0032258064516129032
464 0.0032258064516129032
483 0.0032258064516129032
3184 0.0032258064516129032
3188 0.0032258064516129032
584 0.0032258064516129032
600 0.0032258064516129032
680 0.0032258064516129032
691 0.0032258064516129032
763 0.0032258064516129032
799 0.0032258064516129032
