linkage 0.070326498132387
em 0.06457050041415124
program-to-program 0.06457050041415124
program-to-data 0.06457050041415124
extensible 0.04893189132279025
salient 0.03228525020707562
goodroe 0.03228525020707562
ca660309 0.03228525020707562
intent 0.02981853426202243
embodied 0.02981853426202243
leonard 0.02981853426202243
the 0.02491103202846975
employment 0.024086551586454702
mechanisms 0.020683930090293297
of 0.017793594306049824
and 0.014234875444839857
on 0.0071174377224199285
machines 0.0071174377224199285
is 0.0071174377224199285
g 0.0071174377224199285
paper 0.0071174377224199285
to 0.0071174377224199285
march 0.0071174377224199285
more 0.0035587188612099642
one 0.0035587188612099642
most 0.0035587188612099642
characteristics 0.0035587188612099642
facility 0.0035587188612099642
for 0.0035587188612099642
providing 0.0035587188612099642
system 0.0035587188612099642
control 0.0035587188612099642
over 0.0035587188612099642
e 0.0035587188612099642
address 0.0035587188612099642
connection 0.0035587188612099642
it 0.0035587188612099642
this 0.0035587188612099642
expand 0.0035587188612099642
clarify 0.0035587188612099642
remarks 0.0035587188612099642
concerning 0.0035587188612099642
that 0.0035587188612099642
were 0.0035587188612099642
in 0.0035587188612099642
authors 0.0035587188612099642
previous 0.0035587188612099642
concepts 0.0035587188612099642
finally 0.0035587188612099642
trace 0.0035587188612099642
through 0.0035587188612099642
various 0.0035587188612099642
levels 0.0035587188612099642
programming 0.0035587188612099642
languages 0.0035587188612099642
cacm 0.0035587188612099642
1966 0.0035587188612099642
f 0.0035587188612099642
j 0.0035587188612099642
r 0.0035587188612099642
jb 0.0035587188612099642
3 0.0035587188612099642
1978 0.0035587188612099642
1 0.0035587188612099642
34 0.0035587188612099642
pm 0.0035587188612099642
1463 0.0035587188612099642
5 0.0035587188612099642
1781 0.0035587188612099642
123 0.0035587188612099642
6 0.0035587188612099642
196 0.0035587188612099642
919 0.0035587188612099642
990 0.0035587188612099642
1007 0.0035587188612099642
1046 0.0035587188612099642
1131 0.0035587188612099642
1139 0.0035587188612099642
1140 0.0035587188612099642
1149 0.0035587188612099642
1198 0.0035587188612099642
1215 0.0035587188612099642
1223 0.0035587188612099642
1265 0.0035587188612099642
1303 0.0035587188612099642
1323 0.0035587188612099642
1358 0.0035587188612099642
1366 0.0035587188612099642
1421 0.0035587188612099642
1460 0.0035587188612099642
1462 0.0035587188612099642
1467 0.0035587188612099642
1468 0.0035587188612099642
1477 0.0035587188612099642
1491 0.0035587188612099642
1496 0.0035587188612099642
1531 0.0035587188612099642
1535 0.0035587188612099642
1565 0.0035587188612099642
1601 0.0035587188612099642
1602 0.0035587188612099642
1613 0.0035587188612099642
1614 0.0035587188612099642
1626 0.0035587188612099642
1641 0.0035587188612099642
1787 0.0035587188612099642
1788 0.0035587188612099642
205 0.0035587188612099642
224 0.0035587188612099642
249 0.0035587188612099642
288 0.0035587188612099642
316 0.0035587188612099642
381 0.0035587188612099642
398 0.0035587188612099642
11 0.0035587188612099642
404 0.0035587188612099642
410 0.0035587188612099642
463 0.0035587188612099642
464 0.0035587188612099642
483 0.0035587188612099642
3184 0.0035587188612099642
3188 0.0035587188612099642
584 0.0035587188612099642
600 0.0035587188612099642
680 0.0035587188612099642
691 0.0035587188612099642
763 0.0035587188612099642
799 0.0035587188612099642
