gets 0.024387514269323257
boussard 0.024387514269323257
ca660308 0.024387514269323257
compensating 0.02252421539685028
and 0.016129032258064516
algol 0.013440860215053764
in 0.013440860215053764
the 0.013440860215053764
an 0.008064516129032258
ibsys 0.008064516129032258
time 0.008064516129032258
operating 0.005376344086021506
system 0.005376344086021506
assembly 0.005376344086021506
of 0.005376344086021506
map 0.005376344086021506
as 0.005376344086021506
may 0.005376344086021506
be 0.005376344086021506
program 0.005376344086021506
march 0.005376344086021506
compiler 0.002688172043010753
construction 0.002688172043010753
use 0.002688172043010753
relation 0.002688172043010753
to 0.002688172043010753
elaborate 0.002688172043010753
translator 0.002688172043010753
has 0.002688172043010753
been 0.002688172043010753
prepared 0.002688172043010753
integrated 0.002688172043010753
into 0.002688172043010753
go 0.002688172043010753
features 0.002688172043010753
permit 0.002688172043010753
immediate 0.002688172043010753
execution 0.002688172043010753
with 0.002688172043010753
optional 0.002688172043010753
listings 0.002688172043010753
decks 0.002688172043010753
debugging 0.002688172043010753
information 0.002688172043010753
using 0.002688172043010753
chain 0.002688172043010753
feature 0.002688172043010753
links 0.002688172043010753
written 0.002688172043010753
or 0.002688172043010753
fortran 0.002688172043010753
well 0.002688172043010753
called 0.002688172043010753
by 0.002688172043010753
main 0.002688172043010753
addition 0.002688172043010753
procedures 0.002688172043010753
coded 0.002688172043010753
included 0.002688172043010753
any 0.002688172043010753
although 0.002688172043010753
plus 0.002688172043010753
loading 0.002688172043010753
exceeds 0.002688172043010753
compilation 0.002688172043010753
total 0.002688172043010753
is 0.002688172043010753
satisfactory 0.002688172043010753
user 0.002688172043010753
ease 0.002688172043010753
facility 0.002688172043010753
which 0.002688172043010753
are 0.002688172043010753
fully 0.002688172043010753
cacm 0.002688172043010753
1966 0.002688172043010753
j 0.002688172043010753
c 0.002688172043010753
jb 0.002688172043010753
3 0.002688172043010753
1978 0.002688172043010753
1 0.002688172043010753
41 0.002688172043010753
pm 0.002688172043010753
249 0.002688172043010753
4 0.002688172043010753
1464 0.002688172043010753
254 0.002688172043010753
272 0.002688172043010753
1086 0.002688172043010753
1102 0.002688172043010753
1109 0.002688172043010753
1132 0.002688172043010753
1140 0.002688172043010753
1188 0.002688172043010753
1234 0.002688172043010753
1263 0.002688172043010753
1265 0.002688172043010753
1270 0.002688172043010753
1306 0.002688172043010753
1323 0.002688172043010753
1358 0.002688172043010753
1379 0.002688172043010753
1380 0.002688172043010753
1453 0.002688172043010753
1484 0.002688172043010753
1491 0.002688172043010753
1498 0.002688172043010753
1613 0.002688172043010753
1614 0.002688172043010753
1767 0.002688172043010753
1781 0.002688172043010753
1787 0.002688172043010753
1825 0.002688172043010753
1860 0.002688172043010753
1949 0.002688172043010753
321 0.002688172043010753
2059 0.002688172043010753
2083 0.002688172043010753
2126 0.002688172043010753
2178 0.002688172043010753
2179 0.002688172043010753
2252 0.002688172043010753
2325 0.002688172043010753
2341 0.002688172043010753
2546 0.002688172043010753
435 0.002688172043010753
437 0.002688172043010753
463 0.002688172043010753
483 0.002688172043010753
491 0.002688172043010753
2645 0.002688172043010753
2652 0.002688172043010753
2684 0.002688172043010753
2732 0.002688172043010753
2842 0.002688172043010753
2929 0.002688172043010753
2934 0.002688172043010753
560 0.002688172043010753
583 0.002688172043010753
3069 0.002688172043010753
3073 0.002688172043010753
627 0.002688172043010753
631 0.002688172043010753
632 0.002688172043010753
642 0.002688172043010753
644 0.002688172043010753
653 0.002688172043010753
669 0.002688172043010753
679 0.002688172043010753
680 0.002688172043010753
691 0.002688172043010753
761 0.002688172043010753
762 0.002688172043010753
763 0.002688172043010753
123 0.002688172043010753
140 0.002688172043010753
919 0.002688172043010753
949 0.002688172043010753
989 0.002688172043010753
196 0.002688172043010753
5 0.002688172043010753
3184 0.002688172043010753
