servicesystem 0.03205708589465813
endeavor 0.03205708589465813
ca660305 0.03205708589465813
facilitated 0.029607802571124747
interactive 0.01800121753435371
a 0.014134275618374558
graphical 0.014134275618374558
of 0.014134275618374558
the 0.014134275618374558
as 0.01060070671378092
in 0.007067137809187279
use 0.007067137809187279
languages 0.007067137809187279
to 0.007067137809187279
march 0.007067137809187279
with 0.0035335689045936395
variable 0.0035335689045936395
syntax 0.0035335689045936395
man-machine 0.0035335689045936395
interaction 0.0035335689045936395
many 0.0035335689045936395
fields 0.0035335689045936395
should 0.0035335689045936395
be 0.0035335689045936395
greatly 0.0035335689045936395
near 0.0035335689045936395
future 0.0035335689045936395
through 0.0035335689045936395
provide 0.0035335689045936395
variety 0.0035335689045936395
display 0.0035335689045936395
scope 0.0035335689045936395
communication 0.0035335689045936395
procedures 0.0035335689045936395
graphic 0.0035335689045936395
service 0.0035335689045936395
system 0.0035335689045936395
which 0.0035335689045936395
functions 0.0035335689045936395
generalized 0.0035335689045936395
language 0.0035335689045936395
translator 0.0035335689045936395
is 0.0035335689045936395
being 0.0035335689045936395
developed 0.0035335689045936395
aid 0.0035335689045936395
definition 0.0035335689045936395
well 0.0035335689045936395
new 0.0035335689045936395
cacm 0.0035335689045936395
1966 0.0035335689045936395
roberts 0.0035335689045936395
l 0.0035335689045936395
g 0.0035335689045936395
jb 0.0035335689045936395
3 0.0035335689045936395
1978 0.0035335689045936395
1 0.0035335689045936395
49 0.0035335689045936395
pm 0.0035335689045936395
1467 0.0035335689045936395
5 0.0035335689045936395
1767 0.0035335689045936395
1781 0.0035335689045936395
123 0.0035335689045936395
6 0.0035335689045936395
196 0.0035335689045936395
919 0.0035335689045936395
990 0.0035335689045936395
1007 0.0035335689045936395
1046 0.0035335689045936395
1131 0.0035335689045936395
1139 0.0035335689045936395
1140 0.0035335689045936395
1149 0.0035335689045936395
1198 0.0035335689045936395
1215 0.0035335689045936395
1223 0.0035335689045936395
1265 0.0035335689045936395
1303 0.0035335689045936395
1323 0.0035335689045936395
1358 0.0035335689045936395
1366 0.0035335689045936395
1421 0.0035335689045936395
1460 0.0035335689045936395
1462 0.0035335689045936395
1463 0.0035335689045936395
1468 0.0035335689045936395
1477 0.0035335689045936395
1491 0.0035335689045936395
1496 0.0035335689045936395
1531 0.0035335689045936395
1535 0.0035335689045936395
1565 0.0035335689045936395
1601 0.0035335689045936395
1602 0.0035335689045936395
1613 0.0035335689045936395
1614 0.0035335689045936395
1626 0.0035335689045936395
1641 0.0035335689045936395
1787 0.0035335689045936395
1788 0.0035335689045936395
205 0.0035335689045936395
224 0.0035335689045936395
249 0.0035335689045936395
288 0.0035335689045936395
316 0.0035335689045936395
381 0.0035335689045936395
398 0.0035335689045936395
11 0.0035335689045936395
404 0.0035335689045936395
410 0.0035335689045936395
463 0.0035335689045936395
464 0.0035335689045936395
483 0.0035335689045936395
3184 0.0035335689045936395
3188 0.0035335689045936395
584 0.0035335689045936395
600 0.0035335689045936395
680 0.0035335689045936395
691 0.0035335689045936395
763 0.0035335689045936395
799 0.0035335689045936395
