chamber 0.04676368715560954
bubble 0.04319076354447579
rewritten 0.02338184357780477
narasimhan 0.02338184357780477
ca660304 0.02338184357780477
computer-generated 0.021595381772237895
ago 0.02055036860701067
worked 0.02055036860701067
handwritten 0.02055036860701067
generative 0.01980891996667103
outputs 0.01980891996667103
labeling 0.019230588083385868
considering 0.018362586059005682
embedded 0.01719928677106055
cdc 0.016395082901312953
explained 0.01565766447225213
a 0.015463917525773196
of 0.010309278350515464
pictures 0.010309278350515464
for 0.010309278350515464
the 0.010309278350515464
this 0.010309278350515464
parallel 0.007731958762886598
processing 0.007731958762886598
by 0.007731958762886598
has 0.007731958762886598
been 0.007731958762886598
in 0.007731958762886598
classes 0.005154639175257732
descriptive 0.005154639175257732
using 0.005154639175257732
to 0.005154639175257732
simulator 0.005154639175257732
system 0.005154639175257732
specific 0.005154639175257732
is 0.005154639175257732
grammar 0.005154639175257732
march 0.005154639175257732
syntax-directed 0.002577319587628866
interpretation 0.002577319587628866
scheme 0.002577319587628866
based 0.002577319587628866
on 0.002577319587628866
techniques 0.002577319587628866
algorithms 0.002577319587628866
was 0.002577319587628866
proposed 0.002577319587628866
author 0.002577319587628866
some 0.002577319587628866
years 0.002577319587628866
since 0.002577319587628866
then 0.002577319587628866
much 0.002577319587628866
work 0.002577319587628866
done 0.002577319587628866
applying 0.002577319587628866
originally 0.002577319587628866
written 0.002577319587628866
an 0.002577319587628866
ibm 0.002577319587628866
7094 0.002577319587628866
now 0.002577319587628866
3600 0.002577319587628866
paper 0.002577319587628866
models 0.002577319587628866
their 0.002577319587628866
application 0.002577319587628866
how 0.002577319587628866
description 0.002577319587628866
generated 0.002577319587628866
phase 0.002577319587628866
can 0.002577319587628866
be 0.002577319587628866
larger 0.002577319587628866
conversation 0.002577319587628866
program 0.002577319587628866
means 0.002577319587628866
certain 0.002577319587628866
example 0.002577319587628866
that 0.002577319587628866
out 0.002577319587628866
partial 0.002577319587628866
english 0.002577319587628866
letters 0.002577319587628866
given 0.002577319587628866
as 0.002577319587628866
are 0.002577319587628866
also 0.002577319587628866
few 0.002577319587628866
and 0.002577319587628866
mentioned 0.002577319587628866
earlier 0.002577319587628866
cacm 0.002577319587628866
1966 0.002577319587628866
r 0.002577319587628866
jb 0.002577319587628866
3 0.002577319587628866
1978 0.002577319587628866
1 0.002577319587628866
56 0.002577319587628866
pm 0.002577319587628866
1155 0.002577319587628866
4 0.002577319587628866
1468 0.002577319587628866
1456 0.002577319587628866
1515 0.002577319587628866
1699 0.002577319587628866
1856 0.002577319587628866
2127 0.002577319587628866
1324 0.002577319587628866
5 0.002577319587628866
1767 0.002577319587628866
1781 0.002577319587628866
2341 0.002577319587628866
123 0.002577319587628866
6 0.002577319587628866
196 0.002577319587628866
919 0.002577319587628866
990 0.002577319587628866
1007 0.002577319587628866
1046 0.002577319587628866
1131 0.002577319587628866
1139 0.002577319587628866
1140 0.002577319587628866
1149 0.002577319587628866
1198 0.002577319587628866
1215 0.002577319587628866
1223 0.002577319587628866
1265 0.002577319587628866
1303 0.002577319587628866
1323 0.002577319587628866
1358 0.002577319587628866
1366 0.002577319587628866
1421 0.002577319587628866
1460 0.002577319587628866
1462 0.002577319587628866
1463 0.002577319587628866
1467 0.002577319587628866
1466 0.002577319587628866
1477 0.002577319587628866
1491 0.002577319587628866
1496 0.002577319587628866
1531 0.002577319587628866
1535 0.002577319587628866
1565 0.002577319587628866
1601 0.002577319587628866
1602 0.002577319587628866
1613 0.002577319587628866
1614 0.002577319587628866
1626 0.002577319587628866
1641 0.002577319587628866
1787 0.002577319587628866
1788 0.002577319587628866
205 0.002577319587628866
224 0.002577319587628866
249 0.002577319587628866
288 0.002577319587628866
316 0.002577319587628866
381 0.002577319587628866
398 0.002577319587628866
11 0.002577319587628866
404 0.002577319587628866
410 0.002577319587628866
463 0.002577319587628866
464 0.002577319587628866
483 0.002577319587628866
3184 0.002577319587628866
3188 0.002577319587628866
584 0.002577319587628866
600 0.002577319587628866
680 0.002577319587628866
691 0.002577319587628866
763 0.002577319587628866
799 0.002577319587628866
