meta-instructions 0.054000924453501485
multiprogrammed 0.03748998432469069
contemplated 0.027000462226750743
midway 0.027000462226750743
vanhorn 0.027000462226750743
ca660301 0.027000462226750743
hierarchically 0.022874586151989163
sophistication 0.022874586151989163
the 0.01488095238095238
of 0.01488095238095238
and 0.008928571428571428
language 0.008928571428571428
semantics 0.005952380952380952
for 0.005952380952380952
computations 0.005952380952380952
are 0.005952380952380952
which 0.005952380952380952
to 0.005952380952380952
an 0.005952380952380952
march 0.005952380952380952
programming 0.002976190476190476
defined 0.002976190476190476
a 0.002976190476190476
number 0.002976190476190476
perform 0.002976190476190476
operation 0.002976190476190476
essential 0.002976190476190476
writing 0.002976190476190476
programs 0.002976190476190476
in 0.002976190476190476
computer 0.002976190476190476
systems 0.002976190476190476
these 0.002976190476190476
relate 0.002976190476190476
parallel 0.002976190476190476
processing 0.002976190476190476
protection 0.002976190476190476
separate 0.002976190476190476
program 0.002976190476190476
debugging 0.002976190476190476
sharing 0.002976190476190476
among 0.002976190476190476
users 0.002976190476190476
memory 0.002976190476190476
segments 0.002976190476190476
other 0.002976190476190476
computing 0.002976190476190476
objects 0.002976190476190476
names 0.002976190476190476
structured 0.002976190476190476
is 0.002976190476190476
between 0.002976190476190476
assembly 0.002976190476190476
advanced 0.002976190476190476
algebraic 0.002976190476190476
cacm 0.002976190476190476
1966 0.002976190476190476
dennis 0.002976190476190476
j 0.002976190476190476
b 0.002976190476190476
e 0.002976190476190476
c 0.002976190476190476
jb 0.002976190476190476
3 0.002976190476190476
1978 0.002976190476190476
2 0.002976190476190476
25 0.002976190476190476
pm 0.002976190476190476
1471 0.002976190476190476
4 0.002976190476190476
1774 0.002976190476190476
972 0.002976190476190476
276 0.002976190476190476
5 0.002976190476190476
1458 0.002976190476190476
1523 0.002976190476190476
1603 0.002976190476190476
1698 0.002976190476190476
1747 0.002976190476190476
1748 0.002976190476190476
1854 0.002976190476190476
1877 0.002976190476190476
1960 0.002976190476190476
2377 0.002976190476190476
2378 0.002976190476190476
2497 0.002976190476190476
2558 0.002976190476190476
2625 0.002976190476190476
2632 0.002976190476190476
2840 0.002976190476190476
2941 0.002976190476190476
3105 0.002976190476190476
3144 0.002976190476190476
800 0.002976190476190476
1421 0.002976190476190476
6 0.002976190476190476
1746 0.002976190476190476
1749 0.002976190476190476
1753 0.002976190476190476
2060 0.002976190476190476
2080 0.002976190476190476
2182 0.002976190476190476
2298 0.002976190476190476
2356 0.002976190476190476
2358 0.002976190476190476
2436 0.002976190476190476
2438 0.002976190476190476
2491 0.002976190476190476
2597 0.002976190476190476
2624 0.002976190476190476
2626 0.002976190476190476
2629 0.002976190476190476
2651 0.002976190476190476
2868 0.002976190476190476
2939 0.002976190476190476
3068 0.002976190476190476
