ca660207 0.017313273488908876
euler 0.0019083969465648854
a 0.0019083969465648854
generalization 0.0019083969465648854
of 0.0019083969465648854
algol 0.0019083969465648854
and 0.0019083969465648854
its 0.0019083969465648854
formal 0.0019083969465648854
definition 0.0019083969465648854
part 0.0019083969465648854
ii 0.0019083969465648854
cacm 0.0019083969465648854
february 0.0019083969465648854
1966 0.0019083969465648854
wirth 0.0019083969465648854
n 0.0019083969465648854
weber 0.0019083969465648854
h 0.0019083969465648854
jb 0.0019083969465648854
march 0.0019083969465648854
3 0.0019083969465648854
1978 0.0019083969465648854
10 0.0019083969465648854
pm 0.0019083969465648854
1379 0.0019083969465648854
5 0.0019083969465648854
1477 0.0019083969465648854
1693 0.0019083969465648854
1781 0.0019083969465648854
1836 0.0019083969465648854
1945 0.0019083969465648854
2015 0.0019083969465648854
2060 0.0019083969465648854
2061 0.0019083969465648854
2091 0.0019083969465648854
2179 0.0019083969465648854
2546 0.0019083969465648854
2698 0.0019083969465648854
2708 0.0019083969465648854
3045 0.0019083969465648854
823 0.0019083969465648854
6 0.0019083969465648854
123 0.0019083969465648854
196 0.0019083969465648854
914 0.0019083969465648854
915 0.0019083969465648854
917 0.0019083969465648854
919 0.0019083969465648854
984 0.0019083969465648854
989 0.0019083969465648854
990 0.0019083969465648854
1007 0.0019083969465648854
1012 0.0019083969465648854
1046 0.0019083969465648854
1084 0.0019083969465648854
1098 0.0019083969465648854
1122 0.0019083969465648854
1131 0.0019083969465648854
1138 0.0019083969465648854
1139 0.0019083969465648854
1140 0.0019083969465648854
1141 0.0019083969465648854
1149 0.0019083969465648854
1191 0.0019083969465648854
1198 0.0019083969465648854
1200 0.0019083969465648854
1215 0.0019083969465648854
1223 0.0019083969465648854
1263 0.0019083969465648854
1265 0.0019083969465648854
1303 0.0019083969465648854
1323 0.0019083969465648854
1336 0.0019083969465648854
1358 0.0019083969465648854
1366 0.0019083969465648854
1380 0.0019083969465648854
1396 0.0019083969465648854
1421 0.0019083969465648854
1455 0.0019083969465648854
1460 0.0019083969465648854
1462 0.0019083969465648854
1463 0.0019083969465648854
1467 0.0019083969465648854
1468 0.0019083969465648854
1469 0.0019083969465648854
1487 0.0019083969465648854
1491 0.0019083969465648854
1496 0.0019083969465648854
1531 0.0019083969465648854
1535 0.0019083969465648854
1565 0.0019083969465648854
1601 0.0019083969465648854
1602 0.0019083969465648854
1613 0.0019083969465648854
1614 0.0019083969465648854
1626 0.0019083969465648854
1641 0.0019083969465648854
1787 0.0019083969465648854
1788 0.0019083969465648854
205 0.0019083969465648854
1825 0.0019083969465648854
210 0.0019083969465648854
224 0.0019083969465648854
249 0.0019083969465648854
1869 0.0019083969465648854
288 0.0019083969465648854
316 0.0019083969465648854
381 0.0019083969465648854
398 0.0019083969465648854
2110 0.0019083969465648854
2111 0.0019083969465648854
11 0.0019083969465648854
2126 0.0019083969465648854
2534 0.0019083969465648854
2556 0.0019083969465648854
404 0.0019083969465648854
410 0.0019083969465648854
463 0.0019083969465648854
464 0.0019083969465648854
483 0.0019083969465648854
3184 0.0019083969465648854
3188 0.0019083969465648854
577 0.0019083969465648854
584 0.0019083969465648854
600 0.0019083969465648854
669 0.0019083969465648854
680 0.0019083969465648854
691 0.0019083969465648854
761 0.0019083969465648854
763 0.0019083969465648854
773 0.0019083969465648854
799 0.0019083969465648854
