lloyd 0.33600575215512035
ca660206d 0.33600575215512035
graph 0.037037037037037035
plotter 0.037037037037037035
algorithm 0.037037037037037035
278 0.037037037037037035
j6 0.037037037037037035
cacm 0.037037037037037035
february 0.037037037037037035
1966 0.037037037037037035
p 0.037037037037037035
jb 0.037037037037037035
march 0.037037037037037035
23 0.037037037037037035
1978 0.037037037037037035
7 0.037037037037037035
30 0.037037037037037035
pm 0.037037037037037035
1481 0.037037037037037035
5 0.037037037037037035
