synchronous 0.06378834415616112
ca660203 0.036288621232753004
started 0.033516032510513216
dialect 0.03074344378827344
the 0.028
of 0.028
parnas 0.02749972292340812
for 0.02
a 0.016
is 0.016
systems 0.012
system 0.012
be 0.012
language 0.008
describing 0.008
design 0.008
it 0.008
used 0.008
and 0.008
functions 0.004
before 0.004
exact 0.004
function 0.004
desired 0.004
should 0.004
specified 0.004
suggested 0.004
that 0.004
computer-oriented 0.004
this 0.004
purpose 0.004
inadequacies 0.004
standard 0.004
programming 0.004
languages 0.004
description 0.004
are 0.004
discussed 0.004
algol 0.004
which 0.004
suitable 0.004
introduced 0.004
these 0.004
descriptions 0.004
can 0.004
simulation 0.004
automatic 0.004
described 0.004
in 0.004
addition 0.004
to 0.004
communicating 0.004
specifications 0.004
cacm 0.004
february 0.004
1966 0.004
d 0.004
l 0.004
jb 0.004
march 0.004
3 0.004
1978 0.004
23 0.004
pm 0.004
1086 0.004
4 0.004
1484 0.004
1132 0.004
1234 0.004
1263 0.004
1265 0.004
1270 0.004
1323 0.004
1358 0.004
1379 0.004
1380 0.004
1453 0.004
1464 0.004
1491 0.004
1498 0.004
1613 0.004
1614 0.004
1781 0.004
1825 0.004
1860 0.004
2083 0.004
2178 0.004
2179 0.004
2252 0.004
2325 0.004
2341 0.004
2546 0.004
2645 0.004
2652 0.004
2684 0.004
2842 0.004
2929 0.004
2934 0.004
3069 0.004
669 0.004
679 0.004
691 0.004
761 0.004
949 0.004
989 0.004
5 0.004
1846 0.004
3184 0.004
6 0.004
1424 0.004
1572 0.004
576 0.004
