eliza 0.08810544772950431
man 0.03798304271188967
the 0.03314917127071823
of 0.027624309392265192
eliza-a 0.02506120250880732
ofnatural 0.02506120250880732
mac 0.02506120250880732
triggered 0.02506120250880732
reassembly 0.02506120250880732
scripts 0.02506120250880732
ca660108 0.02506120250880732
discovery 0.021231660074774474
psychological 0.020611790542413584
mit 0.019681445831199462
absence 0.019681445831199462
weizenbaum 0.019681445831199462
issues 0.016393574400913512
are 0.011049723756906077
and 0.008287292817679558
which 0.008287292817679558
rules 0.008287292817679558
key 0.008287292817679558
words 0.008287292817679558
computer 0.0055248618784530384
program 0.0055248618784530384
for 0.0055248618784530384
language 0.0055248618784530384
between 0.0055248618784530384
is 0.0055248618784530384
a 0.0055248618784530384
input 0.0055248618784530384
decomposition 0.0055248618784530384
by 0.0055248618784530384
in 0.0055248618784530384
responses 0.0055248618784530384
with 0.0055248618784530384
as 0.0055248618784530384
study 0.0027624309392265192
communication 0.0027624309392265192
machine 0.0027624309392265192
operating 0.0027624309392265192
within 0.0027624309392265192
time-sharing 0.0027624309392265192
system 0.0027624309392265192
at 0.0027624309392265192
makes 0.0027624309392265192
certain 0.0027624309392265192
kinds 0.0027624309392265192
natural 0.0027624309392265192
conversation 0.0027624309392265192
possible 0.0027624309392265192
sentences 0.0027624309392265192
analyzed 0.0027624309392265192
on 0.0027624309392265192
basis 0.0027624309392265192
appearing 0.0027624309392265192
text 0.0027624309392265192
generated 0.0027624309392265192
associated 0.0027624309392265192
selected 0.0027624309392265192
fundamental 0.0027624309392265192
technical 0.0027624309392265192
problems 0.0027624309392265192
concerned 0.0027624309392265192
1 0.0027624309392265192
identification 0.0027624309392265192
2 0.0027624309392265192
minimal 0.0027624309392265192
context 0.0027624309392265192
3 0.0027624309392265192
choice 0.0027624309392265192
appropriate 0.0027624309392265192
transformations 0.0027624309392265192
4 0.0027624309392265192
generation 0.0027624309392265192
5 0.0027624309392265192
provision 0.0027624309392265192
an 0.0027624309392265192
editing 0.0027624309392265192
capability 0.0027624309392265192
discussion 0.0027624309392265192
some 0.0027624309392265192
relevant 0.0027624309392265192
to 0.0027624309392265192
approach 0.0027624309392265192
well 0.0027624309392265192
future 0.0027624309392265192
developments 0.0027624309392265192
concludes 0.0027624309392265192
paper 0.0027624309392265192
cacm 0.0027624309392265192
january 0.0027624309392265192
1966 0.0027624309392265192
j 0.0027624309392265192
jb 0.0027624309392265192
march 0.0027624309392265192
1978 0.0027624309392265192
00 0.0027624309392265192
pm 0.0027624309392265192
1024 0.0027624309392265192
1487 0.0027624309392265192
1051 0.0027624309392265192
1098 0.0027624309392265192
1214 0.0027624309392265192
1380 0.0027624309392265192
1388 0.0027624309392265192
1393 0.0027624309392265192
1485 0.0027624309392265192
1549 0.0027624309392265192
1570 0.0027624309392265192
1878 0.0027624309392265192
1946 0.0027624309392265192
1957 0.0027624309392265192
2168 0.0027624309392265192
2723 0.0027624309392265192
2857 0.0027624309392265192
3112 0.0027624309392265192
1400 0.0027624309392265192
1553 0.0027624309392265192
1945 0.0027624309392265192
2127 0.0027624309392265192
2396 0.0027624309392265192
2730 0.0027624309392265192
731 0.0027624309392265192
823 0.0027624309392265192
6 0.0027624309392265192
914 0.0027624309392265192
915 0.0027624309392265192
917 0.0027624309392265192
984 0.0027624309392265192
989 0.0027624309392265192
990 0.0027624309392265192
1012 0.0027624309392265192
1084 0.0027624309392265192
1122 0.0027624309392265192
1138 0.0027624309392265192
1139 0.0027624309392265192
1141 0.0027624309392265192
1155 0.0027624309392265192
1200 0.0027624309392265192
1223 0.0027624309392265192
1265 0.0027624309392265192
1324 0.0027624309392265192
1336 0.0027624309392265192
1396 0.0027624309392265192
1455 0.0027624309392265192
1477 0.0027624309392265192
1491 0.0027624309392265192
1496 0.0027624309392265192
1527 0.0027624309392265192
1781 0.0027624309392265192
1856 0.0027624309392265192
2092 0.0027624309392265192
483 0.0027624309392265192
584 0.0027624309392265192
669 0.0027624309392265192
680 0.0027624309392265192
763 0.0027624309392265192
