a 0.010879419764279238
exerts 0.008224982147042838
constructive 0.008224982147042838
unambiguity 0.008224982147042838
block-structure 0.008224982147042838
ca660104 0.008224982147042838
of 0.008159564823209429
reductions 0.007596562219064645
decidable 0.007228960126491515
constitute 0.0069681422910864545
the 0.006346328195829556
introduces 0.006136283767718741
is 0.005439709882139619
and 0.004533091568449683
rules 0.003626473254759746
method 0.0027198549410698096
for 0.0027198549410698096
which 0.0027198549410698096
structure 0.0027198549410698096
by 0.0027198549410698096
in 0.0027198549410698096
interpretation 0.0027198549410698096
an 0.0027198549410698096
generalization 0.001813236627379873
algol 0.001813236627379873
languages 0.001813236627379873
between 0.001813236627379873
meaning 0.001813236627379873
defined 0.001813236627379873
terms 0.001813236627379873
sequence 0.001813236627379873
syntactic 0.001813236627379873
euler 9.066183136899365E-4
its 9.066183136899365E-4
formal 9.066183136899365E-4
definition 9.066183136899365E-4
part 9.066183136899365E-4
i 9.066183136899365E-4
defining 9.066183136899365E-4
programming 9.066183136899365E-4
developed 9.066183136899365E-4
rigorous 9.066183136899365E-4
relationship 9.066183136899365E-4
language 9.066183136899365E-4
phrase 9.066183136899365E-4
syntax 9.066183136899365E-4
effects 9.066183136899365E-4
execution 9.066183136899365E-4
upon 9.066183136899365E-4
fixed 9.066183136899365E-4
set 9.066183136899365E-4
variables 9.066183136899365E-4
called 9.066183136899365E-4
environment 9.066183136899365E-4
there 9.066183136899365E-4
exists 9.066183136899365E-4
one-to-one 9.066183136899365E-4
correspondence 9.066183136899365E-4
determined 9.066183136899365E-4
corresponding 9.066183136899365E-4
parse 9.066183136899365E-4
individual 9.066183136899365E-4
are 9.066183136899365E-4
explained 9.066183136899365E-4
elementary 9.066183136899365E-4
d 9.066183136899365E-4
obvious 9.066183136899365E-4
algorithmic 9.066183136899365E-4
notation 9.066183136899365E-4
evaluating 9.066183136899365E-4
text 9.066183136899365E-4
provided 9.066183136899365E-4
certain 9.066183136899365E-4
classes 9.066183136899365E-4
their 9.066183136899365E-4
proved 9.066183136899365E-4
as 9.066183136899365E-4
example 9.066183136899365E-4
described 9.066183136899365E-4
full 9.066183136899365E-4
detail 9.066183136899365E-4
to 9.066183136899365E-4
demonstrate 9.066183136899365E-4
that 9.066183136899365E-4
concepts 9.066183136899365E-4
like 9.066183136899365E-4
procedures 9.066183136899365E-4
parameters 9.066183136899365E-4
etc 9.066183136899365E-4
can 9.066183136899365E-4
be 9.066183136899365E-4
adequately 9.066183136899365E-4
precisely 9.066183136899365E-4
this 9.066183136899365E-4
cacm 9.066183136899365E-4
january 9.066183136899365E-4
1966 9.066183136899365E-4
wirth 9.066183136899365E-4
n 9.066183136899365E-4
weber 9.066183136899365E-4
h 9.066183136899365E-4
jb 9.066183136899365E-4
march 9.066183136899365E-4
3 9.066183136899365E-4
1978 9.066183136899365E-4
4 9.066183136899365E-4
22 9.066183136899365E-4
pm 9.066183136899365E-4
249 9.066183136899365E-4
1491 9.066183136899365E-4
254 9.066183136899365E-4
272 9.066183136899365E-4
1037 9.066183136899365E-4
1086 9.066183136899365E-4
1102 9.066183136899365E-4
1109 9.066183136899365E-4
1132 9.066183136899365E-4
1140 9.066183136899365E-4
1188 9.066183136899365E-4
1234 9.066183136899365E-4
1263 9.066183136899365E-4
1265 9.066183136899365E-4
1270 9.066183136899365E-4
1306 9.066183136899365E-4
1323 9.066183136899365E-4
1358 9.066183136899365E-4
1379 9.066183136899365E-4
1380 9.066183136899365E-4
1453 9.066183136899365E-4
1464 9.066183136899365E-4
1469 9.066183136899365E-4
1484 9.066183136899365E-4
1486 9.066183136899365E-4
1498 9.066183136899365E-4
1613 9.066183136899365E-4
1614 9.066183136899365E-4
1767 9.066183136899365E-4
1781 9.066183136899365E-4
1787 9.066183136899365E-4
1825 9.066183136899365E-4
1860 9.066183136899365E-4
1949 9.066183136899365E-4
321 9.066183136899365E-4
2059 9.066183136899365E-4
2061 9.066183136899365E-4
2083 9.066183136899365E-4
2126 9.066183136899365E-4
2178 9.066183136899365E-4
2179 9.066183136899365E-4
2252 9.066183136899365E-4
2325 9.066183136899365E-4
2326 9.066183136899365E-4
2341 9.066183136899365E-4
2470 9.066183136899365E-4
2546 9.066183136899365E-4
435 9.066183136899365E-4
437 9.066183136899365E-4
463 9.066183136899365E-4
483 9.066183136899365E-4
491 9.066183136899365E-4
2645 9.066183136899365E-4
2652 9.066183136899365E-4
2684 9.066183136899365E-4
2732 9.066183136899365E-4
2842 9.066183136899365E-4
2929 9.066183136899365E-4
2934 9.066183136899365E-4
560 9.066183136899365E-4
583 9.066183136899365E-4
3044 9.066183136899365E-4
3069 9.066183136899365E-4
3073 9.066183136899365E-4
627 9.066183136899365E-4
631 9.066183136899365E-4
632 9.066183136899365E-4
642 9.066183136899365E-4
644 9.066183136899365E-4
653 9.066183136899365E-4
669 9.066183136899365E-4
679 9.066183136899365E-4
680 9.066183136899365E-4
691 9.066183136899365E-4
761 9.066183136899365E-4
762 9.066183136899365E-4
763 9.066183136899365E-4
123 9.066183136899365E-4
140 9.066183136899365E-4
919 9.066183136899365E-4
949 9.066183136899365E-4
989 9.066183136899365E-4
196 9.066183136899365E-4
5 9.066183136899365E-4
1303 9.066183136899365E-4
1542 9.066183136899365E-4
1683 9.066183136899365E-4
1693 9.066183136899365E-4
1836 9.066183136899365E-4
1945 9.066183136899365E-4
2060 9.066183136899365E-4
2082 9.066183136899365E-4
2091 9.066183136899365E-4
2152 9.066183136899365E-4
2340 9.066183136899365E-4
2356 9.066183136899365E-4
2603 9.066183136899365E-4
2698 9.066183136899365E-4
2708 9.066183136899365E-4
2824 9.066183136899365E-4
2982 9.066183136899365E-4
2986 9.066183136899365E-4
3045 9.066183136899365E-4
3093 9.066183136899365E-4
3184 9.066183136899365E-4
729 9.066183136899365E-4
823 9.066183136899365E-4
6 9.066183136899365E-4
914 9.066183136899365E-4
915 9.066183136899365E-4
917 9.066183136899365E-4
970 9.066183136899365E-4
984 9.066183136899365E-4
990 9.066183136899365E-4
1007 9.066183136899365E-4
1012 9.066183136899365E-4
1046 9.066183136899365E-4
1084 9.066183136899365E-4
1098 9.066183136899365E-4
1122 9.066183136899365E-4
1131 9.066183136899365E-4
1138 9.066183136899365E-4
1139 9.066183136899365E-4
1141 9.066183136899365E-4
1149 9.066183136899365E-4
1191 9.066183136899365E-4
1198 9.066183136899365E-4
1200 9.066183136899365E-4
1215 9.066183136899365E-4
1223 9.066183136899365E-4
1336 9.066183136899365E-4
1366 9.066183136899365E-4
1396 9.066183136899365E-4
1421 9.066183136899365E-4
1455 9.066183136899365E-4
1460 9.066183136899365E-4
1462 9.066183136899365E-4
1463 9.066183136899365E-4
1467 9.066183136899365E-4
1468 9.066183136899365E-4
1477 9.066183136899365E-4
1487 9.066183136899365E-4
1496 9.066183136899365E-4
1531 9.066183136899365E-4
1535 9.066183136899365E-4
1565 9.066183136899365E-4
1601 9.066183136899365E-4
1602 9.066183136899365E-4
1626 9.066183136899365E-4
1641 9.066183136899365E-4
1788 9.066183136899365E-4
205 9.066183136899365E-4
210 9.066183136899365E-4
224 9.066183136899365E-4
1869 9.066183136899365E-4
288 9.066183136899365E-4
316 9.066183136899365E-4
381 9.066183136899365E-4
398 9.066183136899365E-4
2015 9.066183136899365E-4
2110 9.066183136899365E-4
2111 9.066183136899365E-4
11 9.066183136899365E-4
2227 9.066183136899365E-4
2534 9.066183136899365E-4
2556 9.066183136899365E-4
404 9.066183136899365E-4
410 9.066183136899365E-4
464 9.066183136899365E-4
3188 9.066183136899365E-4
3198 9.066183136899365E-4
518 9.066183136899365E-4
577 9.066183136899365E-4
584 9.066183136899365E-4
600 9.066183136899365E-4
773 9.066183136899365E-4
799 9.066183136899365E-4
