compiler-compiler 0.021888428236234117
functioning 0.013935722439613288
ca660101 0.013935722439613288
meanings 0.012870980226771586
a 0.010752688172043012
feldman 0.010739576877278006
informal 0.010396806445151724
of 0.007680491551459293
for 0.006144393241167435
the 0.006144393241167435
meta-language 0.004608294930875576
computer 0.0030721966205837174
languages 0.0030721966205837174
in 0.0030721966205837174
has 0.0030721966205837174
been 0.0030721966205837174
an 0.0030721966205837174
formal 0.0015360983102918587
semantics 0.0015360983102918587
and 0.0015360983102918587
its 0.0015360983102918587
application 0.0015360983102918587
semantic 0.0015360983102918587
developed 0.0015360983102918587
representing 0.0015360983102918587
statements 0.0015360983102918587
large 0.0015360983102918587
class 0.0015360983102918587
this 0.0015360983102918587
basis 0.0015360983102918587
construction 0.0015360983102918587
efficient 0.0015360983102918587
discussion 0.0015360983102918587
based 0.0015360983102918587
on 0.0015360983102918587
example 0.0015360983102918587
complete 0.0015360983102918587
translator 0.0015360983102918587
small 0.0015360983102918587
language 0.0015360983102918587
is 0.0015360983102918587
presented 0.0015360983102918587
cacm 0.0015360983102918587
january 0.0015360983102918587
1966 0.0015360983102918587
j 0.0015360983102918587
jb 0.0015360983102918587
march 0.0015360983102918587
3 0.0015360983102918587
1978 0.0015360983102918587
4 0.0015360983102918587
31 0.0015360983102918587
pm 0.0015360983102918587
1046 0.0015360983102918587
1496 0.0015360983102918587
1086 0.0015360983102918587
1105 0.0015360983102918587
1139 0.0015360983102918587
1140 0.0015360983102918587
1234 0.0015360983102918587
1263 0.0015360983102918587
1265 0.0015360983102918587
1683 0.0015360983102918587
1768 0.0015360983102918587
1781 0.0015360983102918587
1787 0.0015360983102918587
1824 0.0015360983102918587
1945 0.0015360983102918587
2061 0.0015360983102918587
2126 0.0015360983102918587
2546 0.0015360983102918587
464 0.0015360983102918587
584 0.0015360983102918587
631 0.0015360983102918587
653 0.0015360983102918587
680 0.0015360983102918587
763 0.0015360983102918587
795 0.0015360983102918587
799 0.0015360983102918587
945 0.0015360983102918587
1137 0.0015360983102918587
5 0.0015360983102918587
1141 0.0015360983102918587
1396 0.0015360983102918587
1767 0.0015360983102918587
1860 0.0015360983102918587
1988 0.0015360983102918587
2252 0.0015360983102918587
404 0.0015360983102918587
823 0.0015360983102918587
6 0.0015360983102918587
123 0.0015360983102918587
196 0.0015360983102918587
914 0.0015360983102918587
915 0.0015360983102918587
917 0.0015360983102918587
919 0.0015360983102918587
964 0.0015360983102918587
984 0.0015360983102918587
989 0.0015360983102918587
990 0.0015360983102918587
1007 0.0015360983102918587
1012 0.0015360983102918587
1028 0.0015360983102918587
1029 0.0015360983102918587
1083 0.0015360983102918587
1084 0.0015360983102918587
1098 0.0015360983102918587
1122 0.0015360983102918587
1131 0.0015360983102918587
1132 0.0015360983102918587
1138 0.0015360983102918587
1149 0.0015360983102918587
1198 0.0015360983102918587
1200 0.0015360983102918587
1214 0.0015360983102918587
1215 0.0015360983102918587
1223 0.0015360983102918587
1278 0.0015360983102918587
1303 0.0015360983102918587
1323 0.0015360983102918587
1334 0.0015360983102918587
1336 0.0015360983102918587
1358 0.0015360983102918587
1365 0.0015360983102918587
1366 0.0015360983102918587
1386 0.0015360983102918587
1387 0.0015360983102918587
1388 0.0015360983102918587
1389 0.0015360983102918587
1392 0.0015360983102918587
1393 0.0015360983102918587
1394 0.0015360983102918587
1395 0.0015360983102918587
1397 0.0015360983102918587
1421 0.0015360983102918587
1455 0.0015360983102918587
1460 0.0015360983102918587
1462 0.0015360983102918587
1463 0.0015360983102918587
1467 0.0015360983102918587
1468 0.0015360983102918587
1477 0.0015360983102918587
1487 0.0015360983102918587
1491 0.0015360983102918587
1531 0.0015360983102918587
1535 0.0015360983102918587
1565 0.0015360983102918587
1601 0.0015360983102918587
1602 0.0015360983102918587
1613 0.0015360983102918587
1614 0.0015360983102918587
1626 0.0015360983102918587
1641 0.0015360983102918587
1785 0.0015360983102918587
1786 0.0015360983102918587
1788 0.0015360983102918587
205 0.0015360983102918587
224 0.0015360983102918587
249 0.0015360983102918587
284 0.0015360983102918587
288 0.0015360983102918587
316 0.0015360983102918587
378 0.0015360983102918587
381 0.0015360983102918587
398 0.0015360983102918587
11 0.0015360983102918587
14 0.0015360983102918587
2155 0.0015360983102918587
407 0.0015360983102918587
410 0.0015360983102918587
463 0.0015360983102918587
483 0.0015360983102918587
3184 0.0015360983102918587
3188 0.0015360983102918587
3199 0.0015360983102918587
3200 0.0015360983102918587
3201 0.0015360983102918587
3202 0.0015360983102918587
3203 0.0015360983102918587
3204 0.0015360983102918587
561 0.0015360983102918587
600 0.0015360983102918587
669 0.0015360983102918587
691 0.0015360983102918587
730 0.0015360983102918587
