ca671209 0.04513510103576244
mortem 0.04168660760014081
intelligible 0.04168660760014081
unsuccessful 0.04168660760014081
the 0.009950248756218905
dump 0.009950248756218905
technique 0.009950248756218905
in 0.009950248756218905
an 0.009950248756218905
of 0.009950248756218905
r 0.009950248756218905
alcor 0.004975124378109453
illinois 0.004975124378109453
7090 0.004975124378109453
7094 0.004975124378109453
post 0.004975124378109453
a 0.004975124378109453
for 0.004975124378109453
programs 0.004975124378109453
written 0.004975124378109453
algol 0.004975124378109453
60 0.004975124378109453
is 0.004975124378109453
described 0.004975124378109453
this 0.004975124378109453
provides 0.004975124378109453
analysis 0.004975124378109453
computation 0.004975124378109453
process 0.004975124378109453
terms 0.004975124378109453
original 0.004975124378109453
source 0.004975124378109453
program 0.004975124378109453
cacm 0.004975124378109453
december 0.004975124378109453
1967 0.004975124378109453
bayer 0.004975124378109453
gries 0.004975124378109453
d 0.004975124378109453
paul 0.004975124378109453
m 0.004975124378109453
wiehle 0.004975124378109453
h 0.004975124378109453
jb 0.004975124378109453
february 0.004975124378109453
26 0.004975124378109453
1978 0.004975124378109453
2 0.004975124378109453
18 0.004975124378109453
pm 0.004975124378109453
1086 0.004975124378109453
4 0.004975124378109453
1498 0.004975124378109453
1132 0.004975124378109453
1234 0.004975124378109453
1263 0.004975124378109453
1265 0.004975124378109453
1270 0.004975124378109453
1323 0.004975124378109453
1358 0.004975124378109453
1379 0.004975124378109453
1380 0.004975124378109453
1453 0.004975124378109453
1464 0.004975124378109453
1484 0.004975124378109453
1491 0.004975124378109453
1613 0.004975124378109453
1614 0.004975124378109453
1781 0.004975124378109453
1787 0.004975124378109453
1825 0.004975124378109453
1860 0.004975124378109453
2083 0.004975124378109453
2178 0.004975124378109453
2179 0.004975124378109453
2252 0.004975124378109453
2325 0.004975124378109453
2341 0.004975124378109453
2546 0.004975124378109453
2645 0.004975124378109453
2652 0.004975124378109453
2684 0.004975124378109453
2842 0.004975124378109453
2929 0.004975124378109453
2934 0.004975124378109453
3069 0.004975124378109453
669 0.004975124378109453
679 0.004975124378109453
691 0.004975124378109453
761 0.004975124378109453
949 0.004975124378109453
989 0.004975124378109453
1215 0.004975124378109453
5 0.004975124378109453
3184 0.004975124378109453
