giblin 0.25920443737680715
ca580803 0.25920443737680715
recursive 0.02857142857142857
curve 0.02857142857142857
fitting 0.02857142857142857
technique 0.02857142857142857
cacm 0.02857142857142857
august 0.02857142857142857
1958 0.02857142857142857
j 0.02857142857142857
jb 0.02857142857142857
march 0.02857142857142857
22 0.02857142857142857
1978 0.02857142857142857
9 0.02857142857142857
02 0.02857142857142857
pm 0.02857142857142857
15 0.02857142857142857
5 0.02857142857142857
75 0.02857142857142857
6 0.02857142857142857
94 0.02857142857142857
