ca671208b 0.33600575215512035
chebyschev 0.037037037037037035
curve-fit 0.037037037037037035
algorithm 0.037037037037037035
91 0.037037037037037035
e2 0.037037037037037035
cacm 0.037037037037037035
december 0.037037037037037035
1967 0.037037037037037035
boothroyd 0.037037037037037035
j 0.037037037037037035
jb 0.037037037037037035
march 0.037037037037037035
23 0.037037037037037035
1978 0.037037037037037035
2 0.037037037037037035
11 0.037037037037037035
pm 0.037037037037037035
1500 0.037037037037037035
5 0.037037037037037035
