trdiag 0.33600575215512035
ca600906 0.33600575215512035
sprague 0.3103336343566038
algorithm 0.037037037037037035
17 0.037037037037037035
cacm 0.037037037037037035
september 0.037037037037037035
1960 0.037037037037037035
iii 0.037037037037037035
c 0.037037037037037035
d 0.037037037037037035
jb 0.037037037037037035
march 0.037037037037037035
20 0.037037037037037035
1978 0.037037037037037035
8 0.037037037037037035
45 0.037037037037037035
pm 0.037037037037037035
151 0.037037037037037035
5 0.037037037037037035
