ca671107d 0.33600575215512035
permutation 0.037037037037037035
algorithm 0.037037037037037035
317 0.037037037037037035
g6 0.037037037037037035
cacm 0.037037037037037035
november 0.037037037037037035
1967 0.037037037037037035
robinson 0.037037037037037035
c 0.037037037037037035
l 0.037037037037037035
jb 0.037037037037037035
march 0.037037037037037035
23 0.037037037037037035
1978 0.037037037037037035
2 0.037037037037037035
21 0.037037037037037035
pm 0.037037037037037035
1513 0.037037037037037035
5 0.037037037037037035
