ca600905 0.16494827833069545
crout 0.01818181818181818
with 0.01818181818181818
pivoting 0.01818181818181818
algorithm 0.01818181818181818
16 0.01818181818181818
cacm 0.01818181818181818
september 0.01818181818181818
1960 0.01818181818181818
forsythe 0.01818181818181818
g 0.01818181818181818
e 0.01818181818181818
jb 0.01818181818181818
march 0.01818181818181818
20 0.01818181818181818
1978 0.01818181818181818
8 0.01818181818181818
47 0.01818181818181818
pm 0.01818181818181818
140 0.01818181818181818
5 0.01818181818181818
152 0.01818181818181818
1319 0.01818181818181818
454 0.01818181818181818
6 0.01818181818181818
196 0.01818181818181818
1128 0.01818181818181818
586 0.01818181818181818
