ca671012b 0.11782019880763962
multi-dimensional 0.10355250674701481
bratley 0.09690218410848984
partition 0.012987012987012988
generator 0.012987012987012988
algorithm 0.012987012987012988
313 0.012987012987012988
a1 0.012987012987012988
cacm 0.012987012987012988
october 0.012987012987012988
1967 0.012987012987012988
p 0.012987012987012988
mckay 0.012987012987012988
j 0.012987012987012988
k 0.012987012987012988
s 0.012987012987012988
jb 0.012987012987012988
march 0.012987012987012988
23 0.012987012987012988
1978 0.012987012987012988
2 0.012987012987012988
26 0.012987012987012988
pm 0.012987012987012988
1521 0.012987012987012988
5 0.012987012987012988
2354 0.012987012987012988
2355 0.012987012987012988
1418 0.012987012987012988
6 0.012987012987012988
1597 0.012987012987012988
1679 0.012987012987012988
1883 0.012987012987012988
2040 0.012987012987012988
2350 0.012987012987012988
