ca671012c 0.33600575215512035
chebyschev 0.037037037037037035
quadrature 0.037037037037037035
algorithm 0.037037037037037035
279 0.037037037037037035
d1 0.037037037037037035
cacm 0.037037037037037035
october 0.037037037037037035
1967 0.037037037037037035
hillstrom 0.037037037037037035
k 0.037037037037037035
jb 0.037037037037037035
march 0.037037037037037035
23 0.037037037037037035
1978 0.037037037037037035
2 0.037037037037037035
31 0.037037037037037035
pm 0.037037037037037035
1522 0.037037037037037035
5 0.037037037037037035
