noticed 0.033725484417056695
ca671002 0.033725484417056695
spots 0.031148729098989972
publication 0.02648581186206024
the 0.01858736059479554
in 0.011152416356877323
algol 0.011152416356877323
remaining 0.007434944237918215
trouble 0.0037174721189591076
60 0.0037174721189591076
this 0.0037174721189591076
paper 0.0037174721189591076
lists 0.0037174721189591076
ambiguities 0.0037174721189591076
language 0.0037174721189591076
which 0.0037174721189591076
have 0.0037174721189591076
been 0.0037174721189591076
since 0.0037174721189591076
of 0.0037174721189591076
revised 0.0037174721189591076
report 0.0037174721189591076
1963 0.0037174721189591076
cacm 0.0037174721189591076
october 0.0037174721189591076
1967 0.0037174721189591076
knuth 0.0037174721189591076
d 0.0037174721189591076
e 0.0037174721189591076
jb 0.0037174721189591076
february 0.0037174721189591076
27 0.0037174721189591076
1978 0.0037174721189591076
2 0.0037174721189591076
40 0.0037174721189591076
pm 0.0037174721189591076
1530 0.0037174721189591076
4 0.0037174721189591076
1531 0.0037174721189591076
1565 0.0037174721189591076
1703 0.0037174721189591076
1945 0.0037174721189591076
2036 0.0037174721189591076
2707 0.0037174721189591076
2753 0.0037174721189591076
1185 0.0037174721189591076
5 0.0037174721189591076
1455 0.0037174721189591076
1781 0.0037174721189591076
123 0.0037174721189591076
6 0.0037174721189591076
196 0.0037174721189591076
919 0.0037174721189591076
990 0.0037174721189591076
1007 0.0037174721189591076
1046 0.0037174721189591076
1131 0.0037174721189591076
1139 0.0037174721189591076
1140 0.0037174721189591076
1149 0.0037174721189591076
1198 0.0037174721189591076
1215 0.0037174721189591076
1223 0.0037174721189591076
1265 0.0037174721189591076
1303 0.0037174721189591076
1323 0.0037174721189591076
1358 0.0037174721189591076
1366 0.0037174721189591076
1421 0.0037174721189591076
1460 0.0037174721189591076
1462 0.0037174721189591076
1463 0.0037174721189591076
1467 0.0037174721189591076
1468 0.0037174721189591076
1477 0.0037174721189591076
1491 0.0037174721189591076
1496 0.0037174721189591076
1535 0.0037174721189591076
1601 0.0037174721189591076
1602 0.0037174721189591076
1613 0.0037174721189591076
1614 0.0037174721189591076
1626 0.0037174721189591076
1641 0.0037174721189591076
1787 0.0037174721189591076
1788 0.0037174721189591076
205 0.0037174721189591076
224 0.0037174721189591076
249 0.0037174721189591076
288 0.0037174721189591076
316 0.0037174721189591076
381 0.0037174721189591076
398 0.0037174721189591076
11 0.0037174721189591076
404 0.0037174721189591076
410 0.0037174721189591076
463 0.0037174721189591076
464 0.0037174721189591076
483 0.0037174721189591076
3184 0.0037174721189591076
3188 0.0037174721189591076
584 0.0037174721189591076
600 0.0037174721189591076
680 0.0037174721189591076
691 0.0037174721189591076
763 0.0037174721189591076
799 0.0037174721189591076
