straight-line 0.030040249364861757
ca670909 0.030040249364861757
loaded 0.027745060025259283
luccio 0.02544987068565682
portions 0.02470684826607191
the 0.023178807947019868
enumeration 0.021812081650331952
comment 0.01950446731199256
optimal 0.015607854525510953
a 0.013245033112582781
index 0.009933774834437087
register 0.009933774834437087
allocation 0.009933774834437087
is 0.009933774834437087
of 0.009933774834437087
which 0.009933774834437087
on 0.006622516556291391
technique 0.006622516556291391
to 0.006622516556291391
required 0.006622516556291391
procedure 0.006622516556291391
in 0.006622516556291391
this 0.006622516556291391
diagram 0.006622516556291391
at 0.006622516556291391
be 0.006622516556291391
into 0.006622516556291391
program 0.006622516556291391
presented 0.0033112582781456954
reduce 0.0033112582781456954
by 0.0033112582781456954
known 0.0033112582781456954
for 0.0033112582781456954
programs 0.0033112582781456954
based 0.0033112582781456954
construction 0.0033112582781456954
link 0.0033112582781456954
shows 0.0033112582781456954
any 0.0033112582781456954
step 0.0033112582781456954
future 0.0033112582781456954
occurrences 0.0033112582781456954
indexes 0.0033112582781456954
must 0.0033112582781456954
registers 0.0033112582781456954
determines 0.0033112582781456954
advance 0.0033112582781456954
configuration 0.0033112582781456954
certain 0.0033112582781456954
steps 0.0033112582781456954
so 0.0033112582781456954
that 0.0033112582781456954
subdivided 0.0033112582781456954
separate 0.0033112582781456954
may 0.0033112582781456954
applied 0.0033112582781456954
independently 0.0033112582781456954
cacm 0.0033112582781456954
september 0.0033112582781456954
1967 0.0033112582781456954
f 0.0033112582781456954
jb 0.0033112582781456954
february 0.0033112582781456954
27 0.0033112582781456954
1978 0.0033112582781456954
3 0.0033112582781456954
06 0.0033112582781456954
pm 0.0033112582781456954
1535 0.0033112582781456954
5 0.0033112582781456954
1781 0.0033112582781456954
2579 0.0033112582781456954
123 0.0033112582781456954
6 0.0033112582781456954
196 0.0033112582781456954
919 0.0033112582781456954
990 0.0033112582781456954
1007 0.0033112582781456954
1046 0.0033112582781456954
1131 0.0033112582781456954
1139 0.0033112582781456954
1140 0.0033112582781456954
1149 0.0033112582781456954
1198 0.0033112582781456954
1215 0.0033112582781456954
1223 0.0033112582781456954
1265 0.0033112582781456954
1303 0.0033112582781456954
1323 0.0033112582781456954
1358 0.0033112582781456954
1366 0.0033112582781456954
1421 0.0033112582781456954
1460 0.0033112582781456954
1462 0.0033112582781456954
1463 0.0033112582781456954
1467 0.0033112582781456954
1468 0.0033112582781456954
1477 0.0033112582781456954
1491 0.0033112582781456954
1496 0.0033112582781456954
1531 0.0033112582781456954
1565 0.0033112582781456954
1601 0.0033112582781456954
1602 0.0033112582781456954
1613 0.0033112582781456954
1614 0.0033112582781456954
1626 0.0033112582781456954
1641 0.0033112582781456954
1787 0.0033112582781456954
1788 0.0033112582781456954
1807 0.0033112582781456954
205 0.0033112582781456954
224 0.0033112582781456954
249 0.0033112582781456954
288 0.0033112582781456954
1947 0.0033112582781456954
316 0.0033112582781456954
381 0.0033112582781456954
398 0.0033112582781456954
11 0.0033112582781456954
404 0.0033112582781456954
410 0.0033112582781456954
463 0.0033112582781456954
464 0.0033112582781456954
483 0.0033112582781456954
3184 0.0033112582781456954
3188 0.0033112582781456954
584 0.0033112582781456954
600 0.0033112582781456954
680 0.0033112582781456954
691 0.0033112582781456954
763 0.0033112582781456954
799 0.0033112582781456954
