ca670907a 0.15120258846980417
chartres 0.132892383658669
prime 0.016666666666666666
number 0.016666666666666666
generator 0.016666666666666666
1 0.016666666666666666
algorithm 0.016666666666666666
310 0.016666666666666666
a1 0.016666666666666666
cacm 0.016666666666666666
september 0.016666666666666666
1967 0.016666666666666666
b 0.016666666666666666
a 0.016666666666666666
jb 0.016666666666666666
february 0.016666666666666666
27 0.016666666666666666
1978 0.016666666666666666
3 0.016666666666666666
12 0.016666666666666666
pm 0.016666666666666666
1537 0.016666666666666666
5 0.016666666666666666
2120 0.016666666666666666
2927 0.016666666666666666
6 0.016666666666666666
1539 0.016666666666666666
1538 0.016666666666666666
1840 0.016666666666666666
1841 0.016666666666666666
377 0.016666666666666666
