ca670907b 0.1890032355872552
prime 0.020833333333333332
number 0.020833333333333332
generator 0.020833333333333332
2 0.020833333333333332
algorithm 0.020833333333333332
311 0.020833333333333332
a1 0.020833333333333332
cacm 0.020833333333333332
september 0.020833333333333332
1967 0.020833333333333332
chartres 0.020833333333333332
b 0.020833333333333332
a 0.020833333333333332
jb 0.020833333333333332
march 0.020833333333333332
23 0.020833333333333332
1978 0.020833333333333332
34 0.020833333333333332
pm 0.020833333333333332
1538 0.020833333333333332
5 0.020833333333333332
2927 0.020833333333333332
1537 0.020833333333333332
6 0.020833333333333332
1539 0.020833333333333332
1840 0.020833333333333332
1841 0.020833333333333332
