ca670907c 0.09969401437569507
algorithm 0.03296703296703297
a1 0.03296703296703297
prime 0.02197802197802198
number 0.02197802197802198
generator 0.02197802197802198
1 0.01098901098901099
2 0.01098901098901099
35 0.01098901098901099
310 0.01098901098901099
311 0.01098901098901099
cacm 0.01098901098901099
september 0.01098901098901099
1967 0.01098901098901099
chartres 0.01098901098901099
b 0.01098901098901099
a 0.01098901098901099
jb 0.01098901098901099
march 0.01098901098901099
23 0.01098901098901099
1978 0.01098901098901099
37 0.01098901098901099
pm 0.01098901098901099
1539 0.01098901098901099
5 0.01098901098901099
1841 0.01098901098901099
2120 0.01098901098901099
2927 0.01098901098901099
1537 0.01098901098901099
6 0.01098901098901099
1538 0.01098901098901099
1840 0.01098901098901099
377 0.01098901098901099
