returning 0.0201156436988653
insuring 0.0201156436988653
schorr 0.0201156436988653
ca670806 0.0201156436988653
machine-independent 0.01614278456532194
the 0.015521064301552107
offers 0.015243748848895854
of 0.013303769401330377
garbage 0.013060641082531604
list 0.011086474501108648
in 0.008869179600886918
a 0.008869179600886918
is 0.008869179600886918
for 0.0066518847006651885
to 0.0066518847006651885
algorithm 0.0066518847006651885
an 0.004434589800443459
structures 0.004434589800443459
this 0.004434589800443459
and 0.004434589800443459
which 0.004434589800443459
be 0.004434589800443459
efficient 0.0022172949002217295
procedure 0.0022172949002217295
collection 0.0022172949002217295
various 0.0022172949002217295
method 0.0022172949002217295
registers 0.0022172949002217295
free 0.0022172949002217295
essential 0.0022172949002217295
part 0.0022172949002217295
any 0.0022172949002217295
processing 0.0022172949002217295
system 0.0022172949002217295
paper 0.0022172949002217295
past 0.0022172949002217295
solutions 0.0022172949002217295
recovery 0.0022172949002217295
problem 0.0022172949002217295
are 0.0022172949002217295
reviewed 0.0022172949002217295
compared 0.0022172949002217295
new 0.0022172949002217295
presented 0.0022172949002217295
significant 0.0022172949002217295
advantages 0.0022172949002217295
speed 0.0022172949002217295
storage 0.0022172949002217295
utilization 0.0022172949002217295
routine 0.0022172949002217295
implementing 0.0022172949002217295
can 0.0022172949002217295
written 0.0022172949002217295
language 0.0022172949002217295
with 0.0022172949002217295
it 0.0022172949002217295
used 0.0022172949002217295
thus 0.0022172949002217295
degree 0.0022172949002217295
machine 0.0022172949002217295
independence 0.0022172949002217295
finally 0.0022172949002217295
application 0.0022172949002217295
number 0.0022172949002217295
different 0.0022172949002217295
appearing 0.0022172949002217295
literature 0.0022172949002217295
indicated 0.0022172949002217295
cacm 0.0022172949002217295
august 0.0022172949002217295
1967 0.0022172949002217295
h 0.0022172949002217295
waite 0.0022172949002217295
w 0.0022172949002217295
m 0.0022172949002217295
jb 0.0022172949002217295
february 0.0022172949002217295
27 0.0022172949002217295
1978 0.0022172949002217295
4 0.0022172949002217295
28 0.0022172949002217295
pm 0.0022172949002217295
1024 0.0022172949002217295
1549 0.0022172949002217295
1050 0.0022172949002217295
1051 0.0022172949002217295
1098 0.0022172949002217295
1102 0.0022172949002217295
1132 0.0022172949002217295
1211 0.0022172949002217295
1214 0.0022172949002217295
1237 0.0022172949002217295
1380 0.0022172949002217295
1388 0.0022172949002217295
1390 0.0022172949002217295
1393 0.0022172949002217295
1485 0.0022172949002217295
1486 0.0022172949002217295
1487 0.0022172949002217295
1564 0.0022172949002217295
1570 0.0022172949002217295
1706 0.0022172949002217295
1826 0.0022172949002217295
1878 0.0022172949002217295
1906 0.0022172949002217295
1946 0.0022172949002217295
1957 0.0022172949002217295
378 0.0022172949002217295
2023 0.0022172949002217295
2060 0.0022172949002217295
2155 0.0022172949002217295
2168 0.0022172949002217295
2453 0.0022172949002217295
2719 0.0022172949002217295
2723 0.0022172949002217295
2838 0.0022172949002217295
2842 0.0022172949002217295
2855 0.0022172949002217295
2857 0.0022172949002217295
2879 0.0022172949002217295
2882 0.0022172949002217295
2902 0.0022172949002217295
3077 0.0022172949002217295
3080 0.0022172949002217295
3106 0.0022172949002217295
3112 0.0022172949002217295
627 0.0022172949002217295
731 0.0022172949002217295
793 0.0022172949002217295
106 0.0022172949002217295
5 0.0022172949002217295
210 0.0022172949002217295
1869 0.0022172949002217295
2513 0.0022172949002217295
2665 0.0022172949002217295
406 0.0022172949002217295
753 0.0022172949002217295
1383 0.0022172949002217295
6 0.0022172949002217295
1749 0.0022172949002217295
1972 0.0022172949002217295
2651 0.0022172949002217295
2766 0.0022172949002217295
2833 0.0022172949002217295
2954 0.0022172949002217295
2998 0.0022172949002217295
