fredkin 0.20160345129307225
ca600902 0.20160345129307225
trie 0.17718984487822534
memory 0.022222222222222223
cacm 0.022222222222222223
september 0.022222222222222223
1960 0.022222222222222223
e 0.022222222222222223
jb 0.022222222222222223
march 0.022222222222222223
20 0.022222222222222223
1978 0.022222222222222223
8 0.022222222222222223
50 0.022222222222222223
pm 0.022222222222222223
155 0.022222222222222223
5 0.022222222222222223
944 0.022222222222222223
2846 0.022222222222222223
849 0.022222222222222223
6 0.022222222222222223
615 0.022222222222222223
