ca670711d 0.19722076756930979
pseudo-lexicographic 0.18215235060061527
ord-smith 0.16708393363192087
generation 0.021739130434782608
of 0.021739130434782608
permutations 0.021739130434782608
in 0.021739130434782608
order 0.021739130434782608
algorithm 0.021739130434782608
g6 0.021739130434782608
cacm 0.021739130434782608
july 0.021739130434782608
1967 0.021739130434782608
r 0.021739130434782608
j 0.021739130434782608
jb 0.021739130434782608
march 0.021739130434782608
23 0.021739130434782608
1978 0.021739130434782608
3 0.021739130434782608
16 0.021739130434782608
pm 0.021739130434782608
1558 0.021739130434782608
5 0.021739130434782608
2044 0.021739130434782608
996 0.021739130434782608
6 0.021739130434782608
2230 0.021739130434782608
521 0.021739130434782608
