lexicographical 0.2368720055985307
ca670711e 0.1440024652093373
permute 0.12199779281060888
algorithm 0.06349206349206349
g6 0.06349206349206349
permutation 0.031746031746031744
in 0.031746031746031744
order 0.031746031746031744
generator 0.015873015873015872
generation 0.015873015873015872
of 0.015873015873015872
permutations 0.015873015873015872
87 0.015873015873015872
102 0.015873015873015872
130 0.015873015873015872
202 0.015873015873015872
cacm 0.015873015873015872
july 0.015873015873015872
1967 0.015873015873015872
ord-smith 0.015873015873015872
r 0.015873015873015872
j 0.015873015873015872
jb 0.015873015873015872
march 0.015873015873015872
23 0.015873015873015872
1978 0.015873015873015872
3 0.015873015873015872
19 0.015873015873015872
pm 0.015873015873015872
1559 0.015873015873015872
5 0.015873015873015872
1567 0.015873015873015872
1948 0.015873015873015872
1391 0.015873015873015872
6 0.015873015873015872
