ca670711g 0.19302458102528192
h 0.0425531914893617
the 0.02127659574468085
mutual 0.02127659574468085
primal-dual 0.02127659574468085
method 0.02127659574468085
algorithm 0.02127659574468085
285 0.02127659574468085
cacm 0.02127659574468085
july 0.02127659574468085
1967 0.02127659574468085
spath 0.02127659574468085
jb 0.02127659574468085
march 0.02127659574468085
23 0.02127659574468085
1978 0.02127659574468085
3 0.02127659574468085
21 0.02127659574468085
pm 0.02127659574468085
1561 0.02127659574468085
5 0.02127659574468085
1987 0.02127659574468085
6 0.02127659574468085
1581 0.02127659574468085
1779 0.02127659574468085
1944 0.02127659574468085
714 0.02127659574468085
