sydney 0.050541255198820335
language-independent 0.025270627599410168
basser 0.025270627599410168
australia 0.025270627599410168
ca670708 0.025270627599410168
department 0.018348882056825208
the 0.011142061281337047
a 0.008356545961002786
macro 0.008356545961002786
processor 0.005571030640668524
is 0.005571030640668524
used 0.005571030640668524
with 0.005571030640668524
to 0.005571030640668524
of 0.005571030640668524
described 0.002785515320334262
which 0.002785515320334262
can 0.002785515320334262
be 0.002785515320334262
almost 0.002785515320334262
any 0.002785515320334262
source 0.002785515320334262
language 0.002785515320334262
it 0.002785515320334262
provides 0.002785515320334262
all 0.002785515320334262
features 0.002785515320334262
normally 0.002785515320334262
associated 0.002785515320334262
facility 0.002785515320334262
plus 0.002785515320334262
ability 0.002785515320334262
make 0.002785515320334262
arbitrary 0.002785515320334262
transformations 0.002785515320334262
argument 0.002785515320334262
strings 0.002785515320334262
program 0.002785515320334262
at 0.002785515320334262
computing 0.002785515320334262
university 0.002785515320334262
process 0.002785515320334262
text 0.002785515320334262
for 0.002785515320334262
eight 0.002785515320334262
different 0.002785515320334262
compilers 0.002785515320334262
cacm 0.002785515320334262
july 0.002785515320334262
1967 0.002785515320334262
waite 0.002785515320334262
w 0.002785515320334262
m 0.002785515320334262
jb 0.002785515320334262
february 0.002785515320334262
28 0.002785515320334262
1978 0.002785515320334262
8 0.002785515320334262
35 0.002785515320334262
am 0.002785515320334262
1358 0.002785515320334262
4 0.002785515320334262
1565 0.002785515320334262
1530 0.002785515320334262
1531 0.002785515320334262
1541 0.002785515320334262
1703 0.002785515320334262
1781 0.002785515320334262
1788 0.002785515320334262
1824 0.002785515320334262
1945 0.002785515320334262
2036 0.002785515320334262
2252 0.002785515320334262
1162 0.002785515320334262
5 0.002785515320334262
205 0.002785515320334262
1455 0.002785515320334262
1852 0.002785515320334262
2034 0.002785515320334262
123 0.002785515320334262
6 0.002785515320334262
196 0.002785515320334262
919 0.002785515320334262
984 0.002785515320334262
990 0.002785515320334262
1007 0.002785515320334262
1046 0.002785515320334262
1131 0.002785515320334262
1139 0.002785515320334262
1140 0.002785515320334262
1149 0.002785515320334262
1198 0.002785515320334262
1215 0.002785515320334262
1223 0.002785515320334262
1231 0.002785515320334262
1265 0.002785515320334262
1303 0.002785515320334262
1323 0.002785515320334262
1366 0.002785515320334262
1421 0.002785515320334262
1460 0.002785515320334262
1462 0.002785515320334262
1463 0.002785515320334262
1467 0.002785515320334262
1468 0.002785515320334262
1477 0.002785515320334262
1491 0.002785515320334262
1496 0.002785515320334262
1535 0.002785515320334262
1601 0.002785515320334262
1602 0.002785515320334262
1613 0.002785515320334262
1614 0.002785515320334262
1626 0.002785515320334262
1641 0.002785515320334262
1787 0.002785515320334262
224 0.002785515320334262
249 0.002785515320334262
288 0.002785515320334262
1926 0.002785515320334262
1947 0.002785515320334262
316 0.002785515320334262
381 0.002785515320334262
398 0.002785515320334262
11 0.002785515320334262
404 0.002785515320334262
410 0.002785515320334262
463 0.002785515320334262
464 0.002785515320334262
483 0.002785515320334262
3184 0.002785515320334262
3188 0.002785515320334262
584 0.002785515320334262
600 0.002785515320334262
680 0.002785515320334262
691 0.002785515320334262
763 0.002785515320334262
799 0.002785515320334262
