ca670607a 0.1374568986089129
gallaher 0.12695466860042884
an 0.015151515151515152
adaptive 0.015151515151515152
quadrature 0.015151515151515152
procedure 0.015151515151515152
with 0.015151515151515152
random 0.015151515151515152
panel 0.015151515151515152
sizes 0.015151515151515152
algorithm 0.015151515151515152
d1 0.015151515151515152
cacm 0.015151515151515152
june 0.015151515151515152
1967 0.015151515151515152
l 0.015151515151515152
j 0.015151515151515152
jb 0.015151515151515152
february 0.015151515151515152
28 0.015151515151515152
1978 0.015151515151515152
9 0.015151515151515152
17 0.015151515151515152
am 0.015151515151515152
1573 0.015151515151515152
5 0.015151515151515152
2093 0.015151515151515152
2550 0.015151515151515152
834 0.015151515151515152
6 0.015151515151515152
872 0.015151515151515152
1092 0.015151515151515152
1298 0.015151515151515152
2074 0.015151515151515152
429 0.015151515151515152
