ca670607i 0.15120258846980417
complementary 0.11652440911846636
error 0.016666666666666666
function-large 0.016666666666666666
x 0.016666666666666666
algorithm 0.016666666666666666
181 0.016666666666666666
s15 0.016666666666666666
cacm 0.016666666666666666
june 0.016666666666666666
1967 0.016666666666666666
hill 0.016666666666666666
i 0.016666666666666666
d 0.016666666666666666
joyce 0.016666666666666666
s 0.016666666666666666
a 0.016666666666666666
jb 0.016666666666666666
march 0.016666666666666666
23 0.016666666666666666
1978 0.016666666666666666
3 0.016666666666666666
37 0.016666666666666666
pm 0.016666666666666666
1581 0.016666666666666666
5 0.016666666666666666
1987 0.016666666666666666
2427 0.016666666666666666
1561 0.016666666666666666
6 0.016666666666666666
1636 0.016666666666666666
1779 0.016666666666666666
1944 0.016666666666666666
714 0.016666666666666666
