ca670607k 0.16200277336050448
normal 0.017857142857142856
distribution 0.017857142857142856
function 0.017857142857142856
algorithm 0.017857142857142856
226 0.017857142857142856
s15 0.017857142857142856
cacm 0.017857142857142856
june 0.017857142857142856
1967 0.017857142857142856
hill 0.017857142857142856
i 0.017857142857142856
d 0.017857142857142856
joyce 0.017857142857142856
s 0.017857142857142856
a 0.017857142857142856
jb 0.017857142857142856
march 0.017857142857142856
23 0.017857142857142856
1978 0.017857142857142856
3 0.017857142857142856
39 0.017857142857142856
pm 0.017857142857142856
1583 0.017857142857142856
4 0.017857142857142856
967 0.017857142857142856
5 0.017857142857142856
1126 0.017857142857142856
707 0.017857142857142856
831 0.017857142857142856
