ca600807 0.33600575215512035
rootfinder 0.037037037037037035
algorithm 0.037037037037037035
2 0.037037037037037035
cacm 0.037037037037037035
august 0.037037037037037035
1960 0.037037037037037035
thacher 0.037037037037037035
jr 0.037037037037037035
h 0.037037037037037035
c 0.037037037037037035
jb 0.037037037037037035
march 0.037037037037037035
20 0.037037037037037035
1978 0.037037037037037035
8 0.037037037037037035
56 0.037037037037037035
pm 0.037037037037037035
159 0.037037037037037035
5 0.037037037037037035
