ca670506b 0.12259669335389528
transpose 0.09838372755351615
vector 0.013513513513513514
stored 0.013513513513513514
array 0.013513513513513514
algorithm 0.013513513513513514
302 0.013513513513513514
k2 0.013513513513513514
cacm 0.013513513513513514
may 0.013513513513513514
1967 0.013513513513513514
boothroyd 0.013513513513513514
j 0.013513513513513514
jb 0.013513513513513514
march 0.013513513513513514
23 0.013513513513513514
1978 0.013513513513513514
4 0.013513513513513514
00 0.013513513513513514
pm 0.013513513513513514
1597 0.013513513513513514
5 0.013513513513513514
2354 0.013513513513513514
2355 0.013513513513513514
1418 0.013513513513513514
6 0.013513513513513514
1521 0.013513513513513514
1679 0.013513513513513514
1883 0.013513513513513514
2040 0.013513513513513514
2350 0.013513513513513514
