ca670506e 0.1440024652093373
chebyshev 0.015873015873015872
quadrature 0.015873015873015872
algorithm 0.015873015873015872
279 0.015873015873015872
d1 0.015873015873015872
cacm 0.015873015873015872
may 0.015873015873015872
1967 0.015873015873015872
hillstrom 0.015873015873015872
k 0.015873015873015872
jb 0.015873015873015872
march 0.015873015873015872
23 0.015873015873015872
1978 0.015873015873015872
4 0.015873015873015872
04 0.015873015873015872
pm 0.015873015873015872
1600 0.015873015873015872
5 0.015873015873015872
2057 0.015873015873015872
2058 0.015873015873015872
2392 0.015873015873015872
2416 0.015873015873015872
6 0.015873015873015872
1894 0.015873015873015872
2055 0.015873015873015872
