the 0.029940119760479042
s8everal 0.027162141641282188
insured 0.027162141641282188
ca670505 0.027162141641282188
of 0.023952095808383235
extracting 0.023011559721761558
families 0.023011559721761558
shedler 0.023011559721761558
interpreted 0.020583624942670752
classical 0.019722301372455838
a 0.017964071856287425
in 0.017964071856287425
procedures 0.014970059880239521
are 0.014970059880239521
parallel 0.011976047904191617
numerical 0.011976047904191617
environment 0.011976047904191617
for 0.008982035928143712
solution 0.008982035928143712
at 0.008982035928143712
each 0.008982035928143712
to 0.008982035928143712
processing 0.008982035928143712
methods 0.005988023952095809
equations 0.005988023952095809
provide 0.005988023952095809
stage 0.005988023952095809
technique 0.005988023952095809
is 0.005988023952095809
which 0.005988023952095809
several 0.005988023952095809
approximations 0.005988023952095809
an 0.005988023952095809
obtained 0.005988023952095809
iteration 0.005988023952095809
measurements 0.005988023952095809
these 0.005988023952095809
iterative 0.0029940119760479044
single 0.0029940119760479044
new 0.0029940119760479044
approximation 0.0029940119760479044
root 0.0029940119760479044
question 0.0029940119760479044
given 0.0029940119760479044
development 0.0029940119760479044
equation 0.0029940119760479044
any 0.0029940119760479044
computationally 0.0029940119760479044
independent 0.0029940119760479044
making 0.0029940119760479044
interest 0.0029940119760479044
convergence 0.0029940119760479044
by 0.0029940119760479044
best 0.0029940119760479044
information 0.0029940119760479044
use 0.0029940119760479044
developed 0.0029940119760479044
and 0.0029940119760479044
statistics 0.0029940119760479044
reported 0.0029940119760479044
such 0.0029940119760479044
superior 0.0029940119760479044
standard 0.0029940119760479044
algorithms 0.0029940119760479044
cacm 0.0029940119760479044
may 0.0029940119760479044
1967 0.0029940119760479044
g 0.0029940119760479044
s 0.0029940119760479044
jb 0.0029940119760479044
february 0.0029940119760479044
28 0.0029940119760479044
1978 0.0029940119760479044
10 0.0029940119760479044
44 0.0029940119760479044
am 0.0029940119760479044
1601 0.0029940119760479044
5 0.0029940119760479044
1781 0.0029940119760479044
123 0.0029940119760479044
6 0.0029940119760479044
196 0.0029940119760479044
919 0.0029940119760479044
990 0.0029940119760479044
1007 0.0029940119760479044
1046 0.0029940119760479044
1131 0.0029940119760479044
1139 0.0029940119760479044
1140 0.0029940119760479044
1149 0.0029940119760479044
1198 0.0029940119760479044
1215 0.0029940119760479044
1223 0.0029940119760479044
1265 0.0029940119760479044
1303 0.0029940119760479044
1323 0.0029940119760479044
1358 0.0029940119760479044
1366 0.0029940119760479044
1421 0.0029940119760479044
1460 0.0029940119760479044
1462 0.0029940119760479044
1463 0.0029940119760479044
1467 0.0029940119760479044
1468 0.0029940119760479044
1477 0.0029940119760479044
1491 0.0029940119760479044
1496 0.0029940119760479044
1531 0.0029940119760479044
1535 0.0029940119760479044
1565 0.0029940119760479044
1602 0.0029940119760479044
1613 0.0029940119760479044
1614 0.0029940119760479044
1626 0.0029940119760479044
1641 0.0029940119760479044
1787 0.0029940119760479044
1788 0.0029940119760479044
205 0.0029940119760479044
224 0.0029940119760479044
249 0.0029940119760479044
288 0.0029940119760479044
316 0.0029940119760479044
381 0.0029940119760479044
398 0.0029940119760479044
11 0.0029940119760479044
404 0.0029940119760479044
410 0.0029940119760479044
463 0.0029940119760479044
464 0.0029940119760479044
483 0.0029940119760479044
3184 0.0029940119760479044
3188 0.0029940119760479044
584 0.0029940119760479044
600 0.0029940119760479044
680 0.0029940119760479044
691 0.0029940119760479044
763 0.0029940119760479044
799 0.0029940119760479044
