pose 0.1089748385367958
posing 0.02724370963419895
drastic 0.02724370963419895
equation-like 0.02724370963419895
clerical 0.02724370963419895
ca670504 0.02724370963419895
the 0.02702702702702703
departure 0.025162186569454365
intricacies 0.025162186569454365
schlesinger 0.025162186569454365
vi 0.023944573632192614
utilize 0.022406811340401553
a 0.018018018018018018
language 0.012012012012012012
fortran 0.012012012012012012
of 0.012012012012012012
computer 0.009009009009009009
is 0.009009009009009009
with 0.009009009009009009
in 0.009009009009009009
for 0.006006006006006006
problems 0.006006006006006006
to 0.006006006006006006
from 0.006006006006006006
and 0.006006006006006006
logic 0.006006006006006006
user 0.006006006006006006
need 0.006006006006006006
form 0.006006006006006006
solution 0.006006006006006006
equation 0.006006006006006006
described 0.003003003003003003
which 0.003003003003003003
algol 0.003003003003003003
type 0.003003003003003003
though 0.003003003003003003
it 0.003003003003003003
does 0.003003003003003003
formula 0.003003003003003003
representations 0.003003003003003003
actually 0.003003003003003003
contains 0.003003003003003003
as 0.003003003003003003
subset 0.003003003003003003
new 0.003003003003003003
only 0.003003003003003003
describe 0.003003003003003003
his 0.003003003003003003
problem 0.003003003003003003
method 0.003003003003003003
automatically 0.003003003003003003
provided 0.003003003003003003
conjunction 0.003003003003003003
translation 0.003003003003003003
instruction 0.003003003003003003
this 0.003003003003003003
way 0.003003003003003003
can 0.003003003003003003
solve 0.003003003003003003
difficult 0.003003003003003003
computational 0.003003003003003003
like 0.003003003003003003
differential 0.003003003003003003
without 0.003003003003003003
requiring 0.003003003003003003
knowledge 0.003003003003003003
numerical 0.003003003003003003
methods 0.003003003003003003
or 0.003003003003003003
subroutine 0.003003003003003003
essentially 0.003003003003003003
all 0.003003003003003003
operations 0.003003003003003003
now 0.003003003003003003
required 0.003003003003003003
programming 0.003003003003003003
have 0.003003003003003003
been 0.003003003003003003
automated 0.003003003003003003
so 0.003003003003003003
that 0.003003003003003003
programmer 0.003003003003003003
not 0.003003003003003003
be 0.003003003003003003
concerned 0.003003003003003003
these 0.003003003003003003
details 0.003003003003003003
cacm 0.003003003003003003
may 0.003003003003003003
1967 0.003003003003003003
s 0.003003003003003003
sashkin 0.003003003003003003
l 0.003003003003003003
jb 0.003003003003003003
february 0.003003003003003003
28 0.003003003003003003
1978 0.003003003003003003
10 0.003003003003003003
53 0.003003003003003003
am 0.003003003003003003
1602 0.003003003003003003
5 0.003003003003003003
1781 0.003003003003003003
123 0.003003003003003003
6 0.003003003003003003
196 0.003003003003003003
919 0.003003003003003003
990 0.003003003003003003
1007 0.003003003003003003
1046 0.003003003003003003
1131 0.003003003003003003
1139 0.003003003003003003
1140 0.003003003003003003
1149 0.003003003003003003
1198 0.003003003003003003
1215 0.003003003003003003
1223 0.003003003003003003
1265 0.003003003003003003
1303 0.003003003003003003
1323 0.003003003003003003
1358 0.003003003003003003
1366 0.003003003003003003
1421 0.003003003003003003
1460 0.003003003003003003
1462 0.003003003003003003
1463 0.003003003003003003
1467 0.003003003003003003
1468 0.003003003003003003
1477 0.003003003003003003
1491 0.003003003003003003
1496 0.003003003003003003
1531 0.003003003003003003
1535 0.003003003003003003
1565 0.003003003003003003
1601 0.003003003003003003
1613 0.003003003003003003
1614 0.003003003003003003
1626 0.003003003003003003
1641 0.003003003003003003
1787 0.003003003003003003
1788 0.003003003003003003
205 0.003003003003003003
224 0.003003003003003003
249 0.003003003003003003
288 0.003003003003003003
316 0.003003003003003003
381 0.003003003003003003
398 0.003003003003003003
11 0.003003003003003003
404 0.003003003003003003
410 0.003003003003003003
463 0.003003003003003003
464 0.003003003003003003
483 0.003003003003003003
3184 0.003003003003003003
3188 0.003003003003003003
584 0.003003003003003003
600 0.003003003003003003
680 0.003003003003003003
691 0.003003003003003003
763 0.003003003003003003
799 0.003003003003003003
