ca670408a 0.21098035600437792
chi-squared 0.19486065413089076
integral 0.023255813953488372
algorithm 0.023255813953488372
299 0.023255813953488372
s15 0.023255813953488372
cacm 0.023255813953488372
april 0.023255813953488372
1967 0.023255813953488372
hill 0.023255813953488372
i 0.023255813953488372
d 0.023255813953488372
pike 0.023255813953488372
m 0.023255813953488372
c 0.023255813953488372
jb 0.023255813953488372
february 0.023255813953488372
28 0.023255813953488372
1978 0.023255813953488372
11 0.023255813953488372
10 0.023255813953488372
am 0.023255813953488372
1606 0.023255813953488372
5 0.023255813953488372
2467 0.023255813953488372
2793 0.023255813953488372
6 0.023255813953488372
