parallelism 0.027457691666506173
ca670402 0.018401937744803754
a 0.018255578093306288
multiplicity 0.01699595969092962
of 0.016227180527383367
one-pass 0.015589981637055496
so-called 0.01476753719870222
top-down 0.013945092760348946
the 0.010141987829614604
for 0.008113590263691683
processor 0.008113590263691683
arithmetic 0.006085192697768763
that 0.006085192697768763
compilation 0.004056795131845842
expressions 0.004056795131845842
such 0.004056795131845842
produce 0.004056795131845842
structures 0.004056795131845842
be 0.004056795131845842
evaluated 0.004056795131845842
technique 0.004056795131845842
is 0.004056795131845842
parallel 0.002028397565922921
under 0.002028397565922921
assumption 0.002028397565922921
may 0.002028397565922921
have 0.002028397565922921
units 0.002028397565922921
compiler 0.002028397565922921
should 0.002028397565922921
object 0.002028397565922921
code 0.002028397565922921
to 0.002028397565922921
take 0.002028397565922921
advantage 0.002028397565922921
possible 0.002028397565922921
operation 0.002028397565922921
most 0.002028397565922921
presently 0.002028397565922921
known 0.002028397565922921
techniques 0.002028397565922921
are 0.002028397565922921
inadequate 0.002028397565922921
because 0.002028397565922921
they 0.002028397565922921
expression 0.002028397565922921
must 0.002028397565922921
serially 0.002028397565922921
presented 0.002028397565922921
here 0.002028397565922921
compiling 0.002028397565922921
into 0.002028397565922921
can 0.002028397565922921
with 0.002028397565922921
high 0.002028397565922921
degree 0.002028397565922921
algorithm 0.002028397565922921
variant 0.002028397565922921
analysis 0.002028397565922921
and 0.002028397565922921
requires 0.002028397565922921
only 0.002028397565922921
one 0.002028397565922921
pass 0.002028397565922921
input 0.002028397565922921
text 0.002028397565922921
cacm 0.002028397565922921
april 0.002028397565922921
1967 0.002028397565922921
stone 0.002028397565922921
h 0.002028397565922921
s 0.002028397565922921
jb 0.002028397565922921
february 0.002028397565922921
28 0.002028397565922921
1978 0.002028397565922921
11 0.002028397565922921
36 0.002028397565922921
am 0.002028397565922921
1086 0.002028397565922921
4 0.002028397565922921
1613 0.002028397565922921
1132 0.002028397565922921
1234 0.002028397565922921
1263 0.002028397565922921
1265 0.002028397565922921
1270 0.002028397565922921
1323 0.002028397565922921
1358 0.002028397565922921
1379 0.002028397565922921
1380 0.002028397565922921
1453 0.002028397565922921
1464 0.002028397565922921
1484 0.002028397565922921
1491 0.002028397565922921
1498 0.002028397565922921
1614 0.002028397565922921
1646 0.002028397565922921
1781 0.002028397565922921
1825 0.002028397565922921
1860 0.002028397565922921
1900 0.002028397565922921
1947 0.002028397565922921
1955 0.002028397565922921
2025 0.002028397565922921
2083 0.002028397565922921
2154 0.002028397565922921
2178 0.002028397565922921
2179 0.002028397565922921
2252 0.002028397565922921
2325 0.002028397565922921
2341 0.002028397565922921
2365 0.002028397565922921
2506 0.002028397565922921
2546 0.002028397565922921
2645 0.002028397565922921
2652 0.002028397565922921
2684 0.002028397565922921
2842 0.002028397565922921
2929 0.002028397565922921
2934 0.002028397565922921
3060 0.002028397565922921
3069 0.002028397565922921
669 0.002028397565922921
679 0.002028397565922921
691 0.002028397565922921
761 0.002028397565922921
949 0.002028397565922921
989 0.002028397565922921
987 0.002028397565922921
5 0.002028397565922921
1134 0.002028397565922921
2175 0.002028397565922921
3184 0.002028397565922921
123 0.002028397565922921
6 0.002028397565922921
196 0.002028397565922921
919 0.002028397565922921
990 0.002028397565922921
1007 0.002028397565922921
1046 0.002028397565922921
1131 0.002028397565922921
1139 0.002028397565922921
1140 0.002028397565922921
1149 0.002028397565922921
1198 0.002028397565922921
1215 0.002028397565922921
1223 0.002028397565922921
1303 0.002028397565922921
1366 0.002028397565922921
1421 0.002028397565922921
1460 0.002028397565922921
1462 0.002028397565922921
1463 0.002028397565922921
1467 0.002028397565922921
1468 0.002028397565922921
1477 0.002028397565922921
1496 0.002028397565922921
1531 0.002028397565922921
1535 0.002028397565922921
1551 0.002028397565922921
1565 0.002028397565922921
1601 0.002028397565922921
1602 0.002028397565922921
1626 0.002028397565922921
1641 0.002028397565922921
1787 0.002028397565922921
1788 0.002028397565922921
205 0.002028397565922921
224 0.002028397565922921
249 0.002028397565922921
1886 0.002028397565922921
288 0.002028397565922921
316 0.002028397565922921
381 0.002028397565922921
398 0.002028397565922921
404 0.002028397565922921
410 0.002028397565922921
463 0.002028397565922921
464 0.002028397565922921
483 0.002028397565922921
3188 0.002028397565922921
584 0.002028397565922921
600 0.002028397565922921
680 0.002028397565922921
763 0.002028397565922921
799 0.002028397565922921
