ca670401 0.018327586481188384
heading 0.016927289146723846
redefined 0.016927289146723846
and 0.012121212121212121
the 0.012121212121212121
a 0.00808080808080808
of 0.00808080808080808
for 0.006060606060606061
in 0.006060606060606061
are 0.006060606060606061
definitions 0.00404040404040404
algol 0.00404040404040404
an 0.00404040404040404
to 0.00404040404040404
operators 0.00404040404040404
language 0.00404040404040404
may 0.00404040404040404
block 0.00404040404040404
processing 0.00404040404040404
complex 0.00404040404040404
proposal 0.00202020202020202
extension 0.00202020202020202
is 0.00202020202020202
proposed 0.00202020202020202
adding 0.00202020202020202
new 0.00202020202020202
data 0.00202020202020202
types 0.00202020202020202
occur 0.00202020202020202
any 0.00202020202020202
terminate 0.00202020202020202
with 0.00202020202020202
they 0.00202020202020202
integral 0.00202020202020202
part 0.00202020202020202
program 0.00202020202020202
not 0.00202020202020202
fixed 0.00202020202020202
even 0.00202020202020202
behavior 0.00202020202020202
existing 0.00202020202020202
be 0.00202020202020202
text 0.00202020202020202
containing 0.00202020202020202
defined 0.00202020202020202
contexts 0.00202020202020202
features 0.00202020202020202
replacement 0.00202020202020202
rule 0.00202020202020202
that 0.00202020202020202
eliminates 0.00202020202020202
unnecessary 0.00202020202020202
iterations 0.00202020202020202
temporary 0.00202020202020202
storage 0.00202020202020202
examples 0.00202020202020202
definition 0.00202020202020202
sets 0.00202020202020202
given 0.00202020202020202
real 0.00202020202020202
matrices 0.00202020202020202
numbers 0.00202020202020202
file 0.00202020202020202
list 0.00202020202020202
manipulation 0.00202020202020202
cacm 0.00202020202020202
april 0.00202020202020202
1967 0.00202020202020202
galler 0.00202020202020202
b 0.00202020202020202
perlis 0.00202020202020202
j 0.00202020202020202
jb 0.00202020202020202
february 0.00202020202020202
28 0.00202020202020202
1978 0.00202020202020202
11 0.00202020202020202
43 0.00202020202020202
am 0.00202020202020202
1086 0.00202020202020202
4 0.00202020202020202
1614 0.00202020202020202
1132 0.00202020202020202
1234 0.00202020202020202
1263 0.00202020202020202
1265 0.00202020202020202
1270 0.00202020202020202
1323 0.00202020202020202
1358 0.00202020202020202
1379 0.00202020202020202
1380 0.00202020202020202
1453 0.00202020202020202
1464 0.00202020202020202
1484 0.00202020202020202
1491 0.00202020202020202
1498 0.00202020202020202
1613 0.00202020202020202
1781 0.00202020202020202
1825 0.00202020202020202
1860 0.00202020202020202
2083 0.00202020202020202
2178 0.00202020202020202
2179 0.00202020202020202
2252 0.00202020202020202
2253 0.00202020202020202
2325 0.00202020202020202
2341 0.00202020202020202
2546 0.00202020202020202
2557 0.00202020202020202
2645 0.00202020202020202
2652 0.00202020202020202
2684 0.00202020202020202
2842 0.00202020202020202
2929 0.00202020202020202
2934 0.00202020202020202
3069 0.00202020202020202
669 0.00202020202020202
679 0.00202020202020202
691 0.00202020202020202
761 0.00202020202020202
949 0.00202020202020202
989 0.00202020202020202
5 0.00202020202020202
1693 0.00202020202020202
1824 0.00202020202020202
1861 0.00202020202020202
2126 0.00202020202020202
437 0.00202020202020202
3184 0.00202020202020202
823 0.00202020202020202
6 0.00202020202020202
123 0.00202020202020202
196 0.00202020202020202
919 0.00202020202020202
990 0.00202020202020202
1007 0.00202020202020202
1046 0.00202020202020202
1131 0.00202020202020202
1139 0.00202020202020202
1140 0.00202020202020202
1149 0.00202020202020202
1198 0.00202020202020202
1215 0.00202020202020202
1223 0.00202020202020202
1303 0.00202020202020202
1366 0.00202020202020202
1421 0.00202020202020202
1460 0.00202020202020202
1462 0.00202020202020202
1463 0.00202020202020202
1467 0.00202020202020202
1468 0.00202020202020202
1477 0.00202020202020202
1496 0.00202020202020202
1531 0.00202020202020202
1535 0.00202020202020202
1565 0.00202020202020202
1601 0.00202020202020202
1602 0.00202020202020202
1626 0.00202020202020202
1641 0.00202020202020202
1787 0.00202020202020202
1788 0.00202020202020202
205 0.00202020202020202
224 0.00202020202020202
249 0.00202020202020202
288 0.00202020202020202
316 0.00202020202020202
381 0.00202020202020202
398 0.00202020202020202
404 0.00202020202020202
408 0.00202020202020202
410 0.00202020202020202
463 0.00202020202020202
464 0.00202020202020202
483 0.00202020202020202
3188 0.00202020202020202
584 0.00202020202020202
600 0.00202020202020202
680 0.00202020202020202
763 0.00202020202020202
799 0.00202020202020202
