frieden 0.1487238575112828
ca600804 0.1487238575112828
a 0.01639344262295082
variant 0.01639344262295082
technique 0.01639344262295082
for 0.01639344262295082
counting 0.01639344262295082
ones 0.01639344262295082
cacm 0.01639344262295082
august 0.01639344262295082
1960 0.01639344262295082
h 0.01639344262295082
jb 0.01639344262295082
march 0.01639344262295082
20 0.01639344262295082
1978 0.01639344262295082
9 0.01639344262295082
00 0.01639344262295082
pm 0.01639344262295082
142 0.01639344262295082
5 0.01639344262295082
162 0.01639344262295082
2952 0.01639344262295082
6 0.01639344262295082
163 0.01639344262295082
192 0.01639344262295082
2185 0.01639344262295082
2727 0.01639344262295082
