linearized 0.018036094052064116
ca670303 0.018036094052064116
penalty 0.0166580678481676
murphy 0.015851974193877016
careful 0.01483393275617041
two-level 0.014473947989980505
surprisingly 0.014473947989980505
binding 0.014473947989980505
a 0.013916500994035786
for 0.011928429423459244
of 0.009940357852882704
system 0.007952286282306162
and 0.007952286282306162
storage 0.005964214711729622
in 0.005964214711729622
to 0.005964214711729622
programs 0.005964214711729622
this 0.005964214711729622
lisp 0.003976143141153081
memory 0.003976143141153081
the 0.003976143141153081
described 0.003976143141153081
techniques 0.003976143141153081
with 0.003976143141153081
special 0.003976143141153081
is 0.003976143141153081
d 0.003976143141153081
structure 0.0019880715705765406
using 0.0019880715705765406
an 0.0019880715705765406
ideal 0.0019880715705765406
list-processing 0.0019880715705765406
there 0.0019880715705765406
would 0.0019880715705765406
be 0.0019880715705765406
enough 0.0019880715705765406
core 0.0019880715705765406
contain 0.0019880715705765406
all 0.0019880715705765406
data 0.0019880715705765406
paper 0.0019880715705765406
are 0.0019880715705765406
number 0.0019880715705765406
that 0.0019880715705765406
have 0.0019880715705765406
been 0.0019880715705765406
used 0.0019880715705765406
build 0.0019880715705765406
utilizing 0.0019880715705765406
drum 0.0019880715705765406
its 0.0019880715705765406
principal 0.0019880715705765406
medium 0.0019880715705765406
low 0.0019880715705765406
time 0.0019880715705765406
use 0.0019880715705765406
slow 0.0019880715705765406
device 0.0019880715705765406
include 0.0019880715705765406
segmentation 0.0019880715705765406
allocation 0.0019880715705765406
virtual 0.0019880715705765406
allow 0.0019880715705765406
address 0.0019880715705765406
arithmetic 0.0019880715705765406
type 0.0019880715705765406
determination 0.0019880715705765406
algorithm 0.0019880715705765406
building 0.0019880715705765406
reasonably 0.0019880715705765406
lists 0.0019880715705765406
scheme 0.0019880715705765406
variables 0.0019880715705765406
which 0.0019880715705765406
good 0.0019880715705765406
environment 0.0019880715705765406
allows 0.0019880715705765406
complete 0.0019880715705765406
compatibility 0.0019880715705765406
between 0.0019880715705765406
compiled 0.0019880715705765406
interpreted 0.0019880715705765406
no 0.0019880715705765406
declarations 0.0019880715705765406
cacm 0.0019880715705765406
march 0.0019880715705765406
1967 0.0019880715705765406
bobrow 0.0019880715705765406
g 0.0019880715705765406
l 0.0019880715705765406
jb 0.0019880715705765406
february 0.0019880715705765406
28 0.0019880715705765406
1978 0.0019880715705765406
1 0.0019880715705765406
39 0.0019880715705765406
pm 0.0019880715705765406
1626 0.0019880715705765406
4 0.0019880715705765406
1708 0.0019880715705765406
1781 0.0019880715705765406
1860 0.0019880715705765406
2299 0.0019880715705765406
5 0.0019880715705765406
1641 0.0019880715705765406
1826 0.0019880715705765406
2156 0.0019880715705765406
2168 0.0019880715705765406
2249 0.0019880715705765406
2314 0.0019880715705765406
2719 0.0019880715705765406
2736 0.0019880715705765406
2833 0.0019880715705765406
123 0.0019880715705765406
6 0.0019880715705765406
196 0.0019880715705765406
919 0.0019880715705765406
990 0.0019880715705765406
1007 0.0019880715705765406
1046 0.0019880715705765406
1098 0.0019880715705765406
1131 0.0019880715705765406
1139 0.0019880715705765406
1140 0.0019880715705765406
1149 0.0019880715705765406
1198 0.0019880715705765406
1215 0.0019880715705765406
1223 0.0019880715705765406
1265 0.0019880715705765406
1303 0.0019880715705765406
1323 0.0019880715705765406
1358 0.0019880715705765406
1366 0.0019880715705765406
1389 0.0019880715705765406
1421 0.0019880715705765406
1460 0.0019880715705765406
1462 0.0019880715705765406
1463 0.0019880715705765406
1467 0.0019880715705765406
1468 0.0019880715705765406
1477 0.0019880715705765406
1491 0.0019880715705765406
1496 0.0019880715705765406
1531 0.0019880715705765406
1535 0.0019880715705765406
1565 0.0019880715705765406
1601 0.0019880715705765406
1602 0.0019880715705765406
1613 0.0019880715705765406
1614 0.0019880715705765406
1785 0.0019880715705765406
1786 0.0019880715705765406
1787 0.0019880715705765406
1788 0.0019880715705765406
205 0.0019880715705765406
210 0.0019880715705765406
224 0.0019880715705765406
1853 0.0019880715705765406
249 0.0019880715705765406
1878 0.0019880715705765406
288 0.0019880715705765406
1972 0.0019880715705765406
316 0.0019880715705765406
378 0.0019880715705765406
381 0.0019880715705765406
398 0.0019880715705765406
2082 0.0019880715705765406
11 0.0019880715705765406
2148 0.0019880715705765406
2151 0.0019880715705765406
2167 0.0019880715705765406
2210 0.0019880715705765406
2645 0.0019880715705765406
2657 0.0019880715705765406
404 0.0019880715705765406
410 0.0019880715705765406
463 0.0019880715705765406
464 0.0019880715705765406
483 0.0019880715705765406
3184 0.0019880715705765406
3188 0.0019880715705765406
584 0.0019880715705765406
600 0.0019880715705765406
680 0.0019880715705765406
691 0.0019880715705765406
731 0.0019880715705765406
763 0.0019880715705765406
799 0.0019880715705765406
