kutler 0.14632508561593952
ca600803 0.14632508561593952
s 0.03225806451612903
counting 0.016129032258064516
ones 0.016129032258064516
on 0.016129032258064516
the 0.016129032258064516
ibm 0.016129032258064516
7090 0.016129032258064516
cacm 0.016129032258064516
august 0.016129032258064516
1960 0.016129032258064516
jb 0.016129032258064516
march 0.016129032258064516
20 0.016129032258064516
1978 0.016129032258064516
9 0.016129032258064516
01 0.016129032258064516
pm 0.016129032258064516
142 0.016129032258064516
5 0.016129032258064516
163 0.016129032258064516
2952 0.016129032258064516
6 0.016129032258064516
162 0.016129032258064516
192 0.016129032258064516
2185 0.016129032258064516
2727 0.016129032258064516
