ca670203a 0.19722076756930979
february 0.043478260869565216
exponential 0.021739130434782608
curve 0.021739130434782608
fit 0.021739130434782608
algorithm 0.021739130434782608
295 0.021739130434782608
e2 0.021739130434782608
cacm 0.021739130434782608
1967 0.021739130434782608
spath 0.021739130434782608
h 0.021739130434782608
jb 0.021739130434782608
28 0.021739130434782608
1978 0.021739130434782608
3 0.021739130434782608
57 0.021739130434782608
pm 0.021739130434782608
1639 0.021739130434782608
4 0.021739130434782608
1480 0.021739130434782608
5 0.021739130434782608
2101 0.021739130434782608
2102 0.021739130434782608
6 0.021739130434782608
