ca600802 0.1440024652093373
short 0.0999732915325085
a 0.015873015873015872
study 0.015873015873015872
of 0.015873015873015872
notation 0.015873015873015872
efficiency 0.015873015873015872
cacm 0.015873015873015872
august 0.015873015873015872
1960 0.015873015873015872
smith 0.015873015873015872
jr 0.015873015873015872
h 0.015873015873015872
j 0.015873015873015872
jb 0.015873015873015872
march 0.015873015873015872
20 0.015873015873015872
1978 0.015873015873015872
9 0.015873015873015872
02 0.015873015873015872
pm 0.015873015873015872
205 0.015873015873015872
4 0.015873015873015872
164 0.015873015873015872
210 0.015873015873015872
214 0.015873015873015872
1982 0.015873015873015872
398 0.015873015873015872
642 0.015873015873015872
669 0.015873015873015872
100 0.015873015873015872
123 0.015873015873015872
5 0.015873015873015872
1 0.015873015873015872
