pages 0.04239128986123807
disks 0.03200173995147339
the 0.03076923076923077
in 0.02197802197802198
nonhomogeneous 0.019938802875139012
inactivity 0.019938802875139012
100-fold 0.019938802875139012
happens 0.019938802875139012
ca670202 0.019938802875139012
a 0.01978021978021978
one-level 0.01689200208146892
longest 0.01689200208146892
embedding 0.016000869975736694
of 0.015384615384615385
varied 0.015109737870004462
permitting 0.014875430759986312
slow 0.013186813186813187
is 0.013186813186813187
memory 0.013186813186813187
to 0.01098901098901099
store 0.01098901098901099
fast 0.008791208791208791
space 0.008791208791208791
core 0.008791208791208791
and 0.006593406593406593
memories 0.004395604395604396
scheme 0.004395604395604396
which 0.004395604395604396
available 0.004395604395604396
into 0.004395604395604396
number 0.004395604395604396
often 0.004395604395604396
page 0.004395604395604396
from 0.004395604395604396
with 0.004395604395604396
an 0.004395604395604396
time 0.004395604395604396
february 0.004395604395604396
use 0.002197802197802198
list-processing 0.002197802197802198
languages 0.002197802197802198
described 0.002197802197802198
substantial 0.002197802197802198
increase 0.002197802197802198
utilized 0.002197802197802198
list-structured 0.002197802197802198
data 0.002197802197802198
it 0.002197802197802198
consists 0.002197802197802198
reducing 0.002197802197802198
one 0.002197802197802198
level 0.002197802197802198
composed 0.002197802197802198
disk 0.002197802197802198
or 0.002197802197802198
drum 0.002197802197802198
divided 0.002197802197802198
each 0.002197802197802198
containing 0.002197802197802198
given 0.002197802197802198
machine 0.002197802197802198
words 0.002197802197802198
reduction 0.002197802197802198
performed 0.002197802197802198
by 0.002197802197802198
program 0.002197802197802198
leaves 0.002197802197802198
most 0.002197802197802198
called 0.002197802197802198
when 0.002197802197802198
new 0.002197802197802198
requested 0.002197802197802198
having 0.002197802197802198
period 0.002197802197802198
transferred 0.002197802197802198
back 0.002197802197802198
complete 0.002197802197802198
has 0.002197802197802198
been 0.002197802197802198
implemented 0.002197802197802198
connection 0.002197802197802198
lisp 0.002197802197802198
algol 0.002197802197802198
using 0.002197802197802198
ibm 0.002197802197802198
7044 0.002197802197802198
32k 0.002197802197802198
gains 0.002197802197802198
were 0.002197802197802198
about 0.002197802197802198
as 0.002197802197802198
programming 0.002197802197802198
applications 0.002197802197802198
price 0.002197802197802198
additional 0.002197802197802198
computer 0.002197802197802198
although 0.002197802197802198
have 0.002197802197802198
access 0.002197802197802198
10 0.002197802197802198
4 0.002197802197802198
times 0.002197802197802198
slower 0.002197802197802198
than 0.002197802197802198
tests 0.002197802197802198
indicate 0.002197802197802198
that 0.002197802197802198
actual 0.002197802197802198
down 0.002197802197802198
3 0.002197802197802198
depending 0.002197802197802198
on 0.002197802197802198
cacm 0.002197802197802198
1967 0.002197802197802198
cohen 0.002197802197802198
j 0.002197802197802198
jb 0.002197802197802198
28 0.002197802197802198
1978 0.002197802197802198
06 0.002197802197802198
pm 0.002197802197802198
1626 0.002197802197802198
5 0.002197802197802198
1641 0.002197802197802198
1708 0.002197802197802198
1781 0.002197802197802198
1860 0.002197802197802198
2299 0.002197802197802198
123 0.002197802197802198
6 0.002197802197802198
196 0.002197802197802198
919 0.002197802197802198
990 0.002197802197802198
1007 0.002197802197802198
1046 0.002197802197802198
1131 0.002197802197802198
1139 0.002197802197802198
1140 0.002197802197802198
1149 0.002197802197802198
1198 0.002197802197802198
1215 0.002197802197802198
1223 0.002197802197802198
1265 0.002197802197802198
1303 0.002197802197802198
1323 0.002197802197802198
1358 0.002197802197802198
1366 0.002197802197802198
1389 0.002197802197802198
1421 0.002197802197802198
1460 0.002197802197802198
1462 0.002197802197802198
1463 0.002197802197802198
1467 0.002197802197802198
1468 0.002197802197802198
1477 0.002197802197802198
1491 0.002197802197802198
1496 0.002197802197802198
1502 0.002197802197802198
1531 0.002197802197802198
1535 0.002197802197802198
1565 0.002197802197802198
1601 0.002197802197802198
1602 0.002197802197802198
1613 0.002197802197802198
1614 0.002197802197802198
1785 0.002197802197802198
1786 0.002197802197802198
1787 0.002197802197802198
1788 0.002197802197802198
205 0.002197802197802198
224 0.002197802197802198
249 0.002197802197802198
288 0.002197802197802198
316 0.002197802197802198
378 0.002197802197802198
381 0.002197802197802198
398 0.002197802197802198
11 0.002197802197802198
404 0.002197802197802198
410 0.002197802197802198
463 0.002197802197802198
464 0.002197802197802198
483 0.002197802197802198
3184 0.002197802197802198
3188 0.002197802197802198
584 0.002197802197802198
600 0.002197802197802198
680 0.002197802197802198
691 0.002197802197802198
763 0.002197802197802198
799 0.002197802197802198
