neliac-a 0.17788539819976962
ca600801 0.17788539819976962
huskey 0.1507031558248698
halstead 0.1463032975755631
h 0.0392156862745098
dialect 0.0196078431372549
of 0.0196078431372549
algol 0.0196078431372549
cacm 0.0196078431372549
august 0.0196078431372549
1960 0.0196078431372549
d 0.0196078431372549
m 0.0196078431372549
jb 0.0196078431372549
march 0.0196078431372549
20 0.0196078431372549
1978 0.0196078431372549
9 0.0196078431372549
03 0.0196078431372549
pm 0.0196078431372549
123 0.0196078431372549
5 0.0196078431372549
165 0.0196078431372549
637 0.0196078431372549
1 0.0196078431372549
6 0.0196078431372549
196 0.0196078431372549
