shift 0.16975137607042048
ca681211 0.11200191738504012
3.54 0.10344454478553461
3.55 0.09488717218602913
3.56 0.09488717218602913
3.82 0.09211689106609527
3.83 0.08795905420857043
1.0 0.0863143771247899
5.0 0.0863143771247899
3.52 0.08487568803521024
3.53 0.08487568803521024
3.57 0.08487568803521024
6.22 0.08487568803521024
3.75 0.08132405751111418
5.1 0.08031273501151065
2.43 0.07937463739449926
2.0 0.07853447118159784
3.20 0.07853447118159784
6.2 0.07631831543570475
3.24 0.07560449357287974
3.71 0.07560449357287974
3.80 0.07378683632617992
6.21 0.0732651102855641
3.51 0.07124302005513167
3.72 0.06919963192577891
3.81 0.06803530254959074
3.50 0.06514402616069204
3.70 0.0630972081996705
code 0.06172839506172839
3.73 0.05623886495665942
3.74 0.05303502303709048
standard 0.037037037037037035
extension 0.024691358024691357
procedures 0.024691358024691357
information 0.024691358024691357
interchange 0.024691358024691357
escape 0.024691358024691357
for 0.012345679012345678
proposed 0.012345679012345678
usa 0.012345679012345678
cacm 0.012345679012345678
december 0.012345679012345678
1968 0.012345679012345678
characters 0.012345679012345678
out 0.012345679012345678
in 0.012345679012345678
data 0.012345679012345678
link 0.012345679012345678
control 0.012345679012345678
functions 0.012345679012345678
table 0.012345679012345678
bit 0.012345679012345678
pattern 0.012345679012345678
jb 0.012345679012345678
february 0.012345679012345678
21 0.012345679012345678
1978 0.012345679012345678
12 0.012345679012345678
16 0.012345679012345678
pm 0.012345679012345678
1655 0.012345679012345678
5 0.012345679012345678
