linguistics 0.26348994633601
bibliography 0.06831876397394097
ca681207 0.04032069025861445
3.43 0.03724003612279246
computational 0.035555555555555556
appended 0.03543796897564507
graduate 0.02747459355685371
a 0.02666666666666667
3.42 0.02504323994768727
1.52 0.02369214817905036
in 0.022222222222222223
computer 0.017777777777777778
science 0.013333333333333334
program 0.013333333333333334
curriculum 0.013333333333333334
ph 0.008888888888888889
course 0.008888888888888889
areas 0.008888888888888889
is 0.008888888888888889
and 0.008888888888888889
language 0.008888888888888889
this 0.0044444444444444444
report 0.0044444444444444444
contains 0.0044444444444444444
recommendations 0.0044444444444444444
for 0.0044444444444444444
on 0.0044444444444444444
classification 0.0044444444444444444
of 0.0044444444444444444
the 0.0044444444444444444
subject 0.0044444444444444444
contained 0.0044444444444444444
presented 0.0044444444444444444
ten 0.0044444444444444444
courses 0.0044444444444444444
these 0.0044444444444444444
are 0.0044444444444444444
described 0.0044444444444444444
basic 0.0044444444444444444
cacm 0.0044444444444444444
december 0.0044444444444444444
1968 0.0044444444444444444
kuno 0.0044444444444444444
s 0.0044444444444444444
oettinger 0.0044444444444444444
g 0.0044444444444444444
mathematical 0.0044444444444444444
data 0.0044444444444444444
processing 0.0044444444444444444
jb 0.0044444444444444444
february 0.0044444444444444444
21 0.0044444444444444444
1978 0.0044444444444444444
1 0.0044444444444444444
37 0.0044444444444444444
pm 0.0044444444444444444
1350 0.0044444444444444444
4 0.0044444444444444444
1659 0.0044444444444444444
1399 0.0044444444444444444
1768 0.0044444444444444444
1781 0.0044444444444444444
1856 0.0044444444444444444
1945 0.0044444444444444444
2050 0.0044444444444444444
2110 0.0044444444444444444
3094 0.0044444444444444444
1225 0.0044444444444444444
5 0.0044444444444444444
1265 0.0044444444444444444
1671 0.0044444444444444444
1697 0.0044444444444444444
1927 0.0044444444444444444
3003 0.0044444444444444444
6 0.0044444444444444444
1678 0.0044444444444444444
1771 0.0044444444444444444
2097 0.0044444444444444444
2147 0.0044444444444444444
2163 0.0044444444444444444
2187 0.0044444444444444444
2329 0.0044444444444444444
2345 0.0044444444444444444
2367 0.0044444444444444444
2407 0.0044444444444444444
2478 0.0044444444444444444
2479 0.0044444444444444444
2480 0.0044444444444444444
2538 0.0044444444444444444
