poisson 0.20220384502505973
snow 0.1334140486498272
ca681203 0.1334140486498272
5.12 0.07163530898393956
5.5 0.06699041266896195
generator 0.029411764705882353
random 0.029411764705882353
distribution 0.029411764705882353
of 0.014705882352941176
numbers 0.014705882352941176
satisfying 0.014705882352941176
the 0.014705882352941176
g5 0.014705882352941176
cacm 0.014705882352941176
december 0.014705882352941176
1968 0.014705882352941176
r 0.014705882352941176
h 0.014705882352941176
number 0.014705882352941176
monte 0.014705882352941176
carlo 0.014705882352941176
jb 0.014705882352941176
february 0.014705882352941176
21 0.014705882352941176
1978 0.014705882352941176
1 0.014705882352941176
45 0.014705882352941176
pm 0.014705882352941176
1663 0.014705882352941176
4 0.014705882352941176
2195 0.014705882352941176
2349 0.014705882352941176
2679 0.014705882352941176
1190 0.014705882352941176
5 0.014705882352941176
1648 0.014705882352941176
2123 0.014705882352941176
6 0.014705882352941176
