hole-patterns 0.22956186651036445
usasi 0.1242761001121678
ca681109 0.1242761001121678
correspondences 0.11478093325518222
1.4 0.10922661670575534
3.31 0.10922661670575534
1.1 0.1052857663981967
3.30 0.09973144984876979
3.10 0.09271672596977769
2.44 0.09023628299178424
4.1 0.08807322779389645
2.12 0.08714098857136199
4.40 0.08714098857136199
4.20 0.07001197074210015
4.0 0.06955530745076328
card 0.0547945205479452
punched 0.0410958904109589
standard 0.0273972602739726
code 0.0273972602739726
of 0.0136986301369863
8-bit 0.0136986301369863
and 0.0136986301369863
hollerith 0.0136986301369863
codes 0.0136986301369863
for 0.0136986301369863
computer 0.0136986301369863
environments 0.0136986301369863
a 0.0136986301369863
tutorial 0.0136986301369863
cacm 0.0136986301369863
november 0.0136986301369863
1968 0.0136986301369863
usa 0.0136986301369863
assignment 0.0136986301369863
systems 0.0136986301369863
2.0 0.0136986301369863
2.43 0.0136986301369863
3.20 0.0136986301369863
3.42 0.0136986301369863
3.50 0.0136986301369863
3.56 0.0136986301369863
3.70 0.0136986301369863
3.72 0.0136986301369863
3.73 0.0136986301369863
3.74 0.0136986301369863
3.80 0.0136986301369863
3.81 0.0136986301369863
4.2 0.0136986301369863
5.0 0.0136986301369863
jb 0.0136986301369863
february 0.0136986301369863
21 0.0136986301369863
1978 0.0136986301369863
2 0.0136986301369863
33 0.0136986301369863
pm 0.0136986301369863
1670 0.0136986301369863
5 0.0136986301369863
