ca600705 0.11063604034375915
multiprogram 0.09099351434577704
codd 0.09099351434577704
scheduling 0.024390243902439025
and 0.024390243902439025
parts 0.012195121951219513
3 0.012195121951219513
4 0.012195121951219513
algorithm 0.012195121951219513
external 0.012195121951219513
constraints 0.012195121951219513
cacm 0.012195121951219513
july 0.012195121951219513
1960 0.012195121951219513
e 0.012195121951219513
f 0.012195121951219513
jb 0.012195121951219513
march 0.012195121951219513
20 0.012195121951219513
1978 0.012195121951219513
9 0.012195121951219513
16 0.012195121951219513
pm 0.012195121951219513
491 0.012195121951219513
168 0.012195121951219513
5 0.012195121951219513
1713 0.012195121951219513
1901 0.012195121951219513
46 0.012195121951219513
6 0.012195121951219513
185 0.012195121951219513
196 0.012195121951219513
1751 0.012195121951219513
1754 0.012195121951219513
