incremental 0.07990245196694837
braden 0.05184088747536143
ca681005 0.05184088747536143
b5500 0.045563102968686514
mixture 0.0439192054118192
wulf 0.0439192054118192
interpreters 0.03813327581240853
a 0.02857142857142857
the 0.022857142857142857
of 0.022857142857142857
implementation 0.017142857142857144
system 0.017142857142857144
multiprogramming 0.017142857142857144
basic 0.011428571428571429
an 0.011428571428571429
in 0.005714285714285714
environment 0.005714285714285714
remote 0.005714285714285714
terminal 0.005714285714285714
within 0.005714285714285714
context 0.005714285714285714
existing 0.005714285714285714
computer 0.005714285714285714
burroughs 0.005714285714285714
is 0.005714285714285714
described 0.005714285714285714
this 0.005714285714285714
combines 0.005714285714285714
unique 0.005714285714285714
machine 0.005714285714285714
language 0.005714285714285714
and 0.005714285714285714
interpretive 0.005714285714285714
techniques 0.005714285714285714
with 0.005714285714285714
compiler 0.005714285714285714
cacm 0.005714285714285714
october 0.005714285714285714
1968 0.005714285714285714
h 0.005714285714285714
v 0.005714285714285714
w 0.005714285714285714
compilation 0.005714285714285714
compilers 0.005714285714285714
4.1 0.005714285714285714
4.12 0.005714285714285714
4.2 0.005714285714285714
4.22 0.005714285714285714
4.3 0.005714285714285714
4.32 0.005714285714285714
jb 0.005714285714285714
february 0.005714285714285714
21 0.005714285714285714
1978 0.005714285714285714
4 0.005714285714285714
04 0.005714285714285714
pm 0.005714285714285714
1215 0.005714285714285714
1682 0.005714285714285714
1676 0.005714285714285714
1728 0.005714285714285714
1860 0.005714285714285714
1973 0.005714285714285714
2018 0.005714285714285714
2032 0.005714285714285714
2033 0.005714285714285714
2107 0.005714285714285714
2109 0.005714285714285714
2203 0.005714285714285714
2251 0.005714285714285714
2359 0.005714285714285714
2524 0.005714285714285714
2543 0.005714285714285714
2552 0.005714285714285714
2559 0.005714285714285714
2991 0.005714285714285714
3053 0.005714285714285714
1025 0.005714285714285714
5 0.005714285714285714
1785 0.005714285714285714
2874 0.005714285714285714
6 0.005714285714285714
2227 0.005714285714285714
2317 0.005714285714285714
2683 0.005714285714285714
2871 0.005714285714285714
521 0.005714285714285714
