ca681004 0.036878680114586386
bounded-context 0.034061008648895545
precedence 0.024390243902439025
5.23 0.020971069444551512
simple 0.016260162601626018
grammar 0.016260162601626018
boolean 0.012195121951219513
of 0.012195121951219513
a 0.012195121951219513
procedure 0.012195121951219513
is 0.012195121951219513
operator 0.012195121951219513
analysis 0.012195121951219513
for 0.008130081300813009
the 0.008130081300813009
grammars 0.008130081300813009
given 0.008130081300813009
matrices 0.008130081300813009
matrix 0.0040650406504065045
methods 0.0040650406504065045
detection 0.0040650406504065045
mechanical 0.0040650406504065045
derived 0.0040650406504065045
determining 0.0040650406504065045
whether 0.0040650406504065045
context-free 0.0040650406504065045
phrase 0.0040650406504065045
structure 0.0040650406504065045
this 0.0040650406504065045
consists 0.0040650406504065045
elementary 0.0040650406504065045
operations 0.0040650406504065045
on 0.0040650406504065045
suitably 0.0040650406504065045
defined 0.0040650406504065045
application 0.0040650406504065045
to 0.0040650406504065045
also 0.0040650406504065045
cacm 0.0040650406504065045
october 0.0040650406504065045
1968 0.0040650406504065045
martin 0.0040650406504065045
d 0.0040650406504065045
f 0.0040650406504065045
syntax 0.0040650406504065045
language 0.0040650406504065045
compilers 0.0040650406504065045
syntactic 0.0040650406504065045
relations 0.0040650406504065045
4.12 0.0040650406504065045
jb 0.0040650406504065045
february 0.0040650406504065045
21 0.0040650406504065045
1978 0.0040650406504065045
4 0.0040650406504065045
09 0.0040650406504065045
pm 0.0040650406504065045
1496 0.0040650406504065045
1683 0.0040650406504065045
1542 0.0040650406504065045
1693 0.0040650406504065045
1768 0.0040650406504065045
1781 0.0040650406504065045
1787 0.0040650406504065045
1836 0.0040650406504065045
1945 0.0040650406504065045
2060 0.0040650406504065045
2061 0.0040650406504065045
2082 0.0040650406504065045
2091 0.0040650406504065045
2152 0.0040650406504065045
2179 0.0040650406504065045
2340 0.0040650406504065045
2356 0.0040650406504065045
2546 0.0040650406504065045
2603 0.0040650406504065045
2698 0.0040650406504065045
2708 0.0040650406504065045
2824 0.0040650406504065045
2982 0.0040650406504065045
2986 0.0040650406504065045
3045 0.0040650406504065045
3093 0.0040650406504065045
1141 0.0040650406504065045
5 0.0040650406504065045
1491 0.0040650406504065045
2221 0.0040650406504065045
1191 0.0040650406504065045
6 0.0040650406504065045
2053 0.0040650406504065045
