gpl 0.05111073413063803
for-statements 0.025555367065319017
if-statements 0.025555367065319017
underlined 0.025555367065319017
self-extending 0.025555367065319017
ca680908 0.025555367065319017
definable 0.023602839796136067
generality 0.01969426632988164
the 0.016901408450704224
are 0.016901408450704224
language 0.014084507042253521
as 0.014084507042253521
in 0.014084507042253521
words 0.011267605633802818
general 0.008450704225352112
purpose 0.008450704225352112
basic 0.008450704225352112
algol 0.008450704225352112
a 0.005633802816901409
truly 0.005633802816901409
programming 0.005633802816901409
is 0.005633802816901409
facilities 0.005633802816901409
for 0.005633802816901409
new 0.005633802816901409
types 0.005633802816901409
full 0.005633802816901409
described 0.0028169014084507044
which 0.0028169014084507044
contains 0.0028169014084507044
constructing 0.0028169014084507044
within 0.0028169014084507044
data 0.0028169014084507044
well 0.0028169014084507044
operations 0.0028169014084507044
performed 0.0028169014084507044
upon 0.0028169014084507044
them 0.0028169014084507044
minimal 0.0028169014084507044
sense 0.0028169014084507044
that 0.0028169014084507044
no 0.0028169014084507044
element 0.0028169014084507044
can 0.0028169014084507044
be 0.0028169014084507044
derived 0.0028169014084507044
from 0.0028169014084507044
others 0.0028169014084507044
with 0.0028169014084507044
high 0.0028169014084507044
efficiency 0.0028169014084507044
object 0.0028169014084507044
programs 0.0028169014084507044
constructs 0.0028169014084507044
like 0.0028169014084507044
60 0.0028169014084507044
and 0.0028169014084507044
not 0.0028169014084507044
they 0.0028169014084507044
special 0.0028169014084507044
of 0.0028169014084507044
procedures 0.0028169014084507044
symbols 0.0028169014084507044
implicitly 0.0028169014084507044
defined 0.0028169014084507044
by 0.0028169014084507044
usage 0.0028169014084507044
other 0.0028169014084507044
declarations 0.0028169014084507044
part 0.0028169014084507044
packed 0.0028169014084507044
handled 0.0028169014084507044
easily 0.0028169014084507044
address 0.0028169014084507044
variables 0.0028169014084507044
pointers 0.0028169014084507044
included 0.0028169014084507044
cacm 0.0028169014084507044
september 0.0028169014084507044
1968 0.0028169014084507044
garwick 0.0028169014084507044
j 0.0028169014084507044
v 0.0028169014084507044
macro 0.0028169014084507044
4.20 0.0028169014084507044
jb 0.0028169014084507044
february 0.0028169014084507044
22 0.0028169014084507044
1978 0.0028169014084507044
8 0.0028169014084507044
40 0.0028169014084507044
am 0.0028169014084507044
1379 0.0028169014084507044
4 0.0028169014084507044
1693 0.0028169014084507044
1380 0.0028169014084507044
1542 0.0028169014084507044
1552 0.0028169014084507044
1683 0.0028169014084507044
1781 0.0028169014084507044
1787 0.0028169014084507044
1824 0.0028169014084507044
1836 0.0028169014084507044
1854 0.0028169014084507044
1860 0.0028169014084507044
1861 0.0028169014084507044
1945 0.0028169014084507044
2015 0.0028169014084507044
2060 0.0028169014084507044
2061 0.0028169014084507044
2082 0.0028169014084507044
2091 0.0028169014084507044
2126 0.0028169014084507044
2152 0.0028169014084507044
2179 0.0028169014084507044
2340 0.0028169014084507044
2356 0.0028169014084507044
2546 0.0028169014084507044
2603 0.0028169014084507044
2698 0.0028169014084507044
2708 0.0028169014084507044
2824 0.0028169014084507044
2982 0.0028169014084507044
2986 0.0028169014084507044
557 0.0028169014084507044
3045 0.0028169014084507044
3093 0.0028169014084507044
1421 0.0028169014084507044
5 0.0028169014084507044
1477 0.0028169014084507044
1491 0.0028169014084507044
1614 0.0028169014084507044
2317 0.0028169014084507044
823 0.0028169014084507044
6 0.0028169014084507044
196 0.0028169014084507044
1198 0.0028169014084507044
1572 0.0028169014084507044
1749 0.0028169014084507044
1753 0.0028169014084507044
2148 0.0028169014084507044
404 0.0028169014084507044
