ca580801 0.19722076756930979
ershov 0.18215235060061527
on 0.021739130434782608
programming 0.021739130434782608
of 0.021739130434782608
arithmetic 0.021739130434782608
operations 0.021739130434782608
cacm 0.021739130434782608
august 0.021739130434782608
1958 0.021739130434782608
a 0.021739130434782608
p 0.021739130434782608
jb 0.021739130434782608
march 0.021739130434782608
22 0.021739130434782608
1978 0.021739130434782608
9 0.021739130434782608
04 0.021739130434782608
pm 0.021739130434782608
1134 0.021739130434782608
5 0.021739130434782608
17 0.021739130434782608
83 0.021739130434782608
6 0.021739130434782608
77 0.021739130434782608
408 0.021739130434782608
