deviates 0.18121688680727593
ca680713 0.10309267395668467
random 0.045454545454545456
normal 0.03409090909090909
distribution 0.03409090909090909
number 0.022727272727272728
algorithm 0.011363636363636364
334 0.011363636363636364
g5 0.011363636363636364
cacm 0.011363636363636364
july 0.011363636363636364
1968 0.011363636363636364
bell 0.011363636363636364
j 0.011363636363636364
r 0.011363636363636364
generator 0.011363636363636364
simulation 0.011363636363636364
probability 0.011363636363636364
frequency 0.011363636363636364
5.5 0.011363636363636364
5.13 0.011363636363636364
jb 0.011363636363636364
february 0.011363636363636364
22 0.011363636363636364
1978 0.011363636363636364
11 0.011363636363636364
26 0.011363636363636364
am 0.011363636363636364
1716 0.011363636363636364
4 0.011363636363636364
1189 0.011363636363636364
5 0.011363636363636364
2349 0.011363636363636364
2565 0.011363636363636364
1648 0.011363636363636364
6 0.011363636363636364
1794 0.011363636363636364
1894 0.011363636363636364
2043 0.011363636363636364
2276 0.011363636363636364
501 0.011363636363636364
613 0.011363636363636364
774 0.011363636363636364
