beam 0.33600575215512035
ca600701 0.33600575215512035
complex 0.037037037037037035
exponential 0.037037037037037035
integral 0.037037037037037035
algorithm 0.037037037037037035
13 0.037037037037037035
cacm 0.037037037037037035
july 0.037037037037037035
1960 0.037037037037037035
a 0.037037037037037035
jb 0.037037037037037035
march 0.037037037037037035
20 0.037037037037037035
1978 0.037037037037037035
9 0.037037037037037035
21 0.037037037037037035
pm 0.037037037037037035
172 0.037037037037037035
5 0.037037037037037035
