of 0.02481389578163772
assessing 0.022511551633221466
varian 0.022511551633221466
ca680701 0.022511551633221466
the 0.022332506203473945
instants 0.02079158344324641
single-level 0.02079158344324641
collected 0.01851480937060476
faults 0.01851480937060476
in 0.01240694789081886
program 0.01240694789081886
data 0.009925558312655087
behavior 0.009925558312655087
programs 0.009925558312655087
are 0.009925558312655087
systems 0.009925558312655087
a 0.007444168734491315
paging 0.007444168734491315
operating 0.007444168734491315
page 0.007444168734491315
storage 0.007444168734491315
on 0.004962779156327543
from 0.004962779156327543
an 0.004962779156327543
at 0.004962779156327543
those 0.004962779156327543
which 0.004962779156327543
used 0.004962779156327543
to 0.004962779156327543
frequency 0.004962779156327543
e 0.004962779156327543
executing 0.004962779156327543
memory 0.004962779156327543
for 0.004962779156327543
simulation 0.004962779156327543
further 0.0024813895781637717
experimental 0.0024813895781637717
environment 0.0024813895781637717
results 0.0024813895781637717
summarized 0.0024813895781637717
empirical 0.0024813895781637717
study 0.0024813895781637717
directed 0.0024813895781637717
measurement 0.0024813895781637717
multiprogramming 0.0024813895781637717
organized 0.0024813895781637717
into 0.0024813895781637717
fixed 0.0024813895781637717
length 0.0024813895781637717
pages 0.0024813895781637717
interpretive 0.0024813895781637717
execution 0.0024813895781637717
number 0.0024813895781637717
paged 0.0024813895781637717
describe 0.0024813895781637717
i 0.0024813895781637717
requires 0.0024813895781637717
or 0.0024813895781637717
instructions 0.0024813895781637717
not 0.0024813895781637717
main 0.0024813895781637717
core 0.0024813895781637717
these 0.0024813895781637717
also 0.0024813895781637717
evaluation 0.0024813895781637717
replacement 0.0024813895781637717
algorithms 0.0024813895781637717
and 0.0024813895781637717
effects 0.0024813895781637717
performance 0.0024813895781637717
changes 0.0024813895781637717
amount 0.0024813895781637717
allocated 0.0024813895781637717
cacm 0.0024813895781637717
july 0.0024813895781637717
1968 0.0024813895781637717
coffman 0.0024813895781637717
g 0.0024813895781637717
l 0.0024813895781637717
c 0.0024813895781637717
dynamic 0.0024813895781637717
virtual 0.0024813895781637717
one-level 0.0024813895781637717
system 0.0024813895781637717
supervisor 0.0024813895781637717
machine 0.0024813895781637717
language 0.0024813895781637717
interpretation 0.0024813895781637717
4.13 0.0024813895781637717
4.32 0.0024813895781637717
4.39 0.0024813895781637717
4.9 0.0024813895781637717
jb 0.0024813895781637717
february 0.0024813895781637717
22 0.0024813895781637717
1978 0.0024813895781637717
3 0.0024813895781637717
13 0.0024813895781637717
pm 0.0024813895781637717
1646 0.0024813895781637717
4 0.0024813895781637717
1728 0.0024813895781637717
1668 0.0024813895781637717
1669 0.0024813895781637717
1676 0.0024813895781637717
1679 0.0024813895781637717
1682 0.0024813895781637717
1860 0.0024813895781637717
1973 0.0024813895781637717
2018 0.0024813895781637717
2032 0.0024813895781637717
2033 0.0024813895781637717
2107 0.0024813895781637717
2109 0.0024813895781637717
2203 0.0024813895781637717
2251 0.0024813895781637717
2359 0.0024813895781637717
2524 0.0024813895781637717
2543 0.0024813895781637717
2552 0.0024813895781637717
2559 0.0024813895781637717
2859 0.0024813895781637717
2991 0.0024813895781637717
3053 0.0024813895781637717
1525 0.0024813895781637717
5 0.0024813895781637717
1647 0.0024813895781637717
1785 0.0024813895781637717
1892 0.0024813895781637717
1924 0.0024813895781637717
2095 0.0024813895781637717
2218 0.0024813895781637717
2297 0.0024813895781637717
2374 0.0024813895781637717
2526 0.0024813895781637717
2667 0.0024813895781637717
2668 0.0024813895781637717
2862 0.0024813895781637717
2863 0.0024813895781637717
1380 0.0024813895781637717
6 0.0024813895781637717
1526 0.0024813895781637717
1572 0.0024813895781637717
1604 0.0024813895781637717
1751 0.0024813895781637717
1754 0.0024813895781637717
1752 0.0024813895781637717
1761 0.0024813895781637717
1810 0.0024813895781637717
1827 0.0024813895781637717
1879 0.0024813895781637717
1901 0.0024813895781637717
2373 0.0024813895781637717
2677 0.0024813895781637717
