verification 0.025955649087757902
-multiprogramming 0.020525238253819574
soundness 0.020525238253819574
ca680507 0.020525238253819574
the 0.01809954751131222
vital 0.01647148379855248
cooperating 0.01647148379855248
synchronizing 0.016119193192068337
system 0.01583710407239819
abstractions 0.015817793093004486
of 0.013574660633484163
correctness 0.012232396487023199
structure 0.006787330316742082
multiprogramming 0.006787330316742082
sequential 0.006787330316742082
processes 0.006787330316742082
a 0.004524886877828055
in 0.004524886877828055
which 0.004524886877828055
are 0.004524886877828055
hierarchical 0.004524886877828055
levels 0.004524886877828055
is 0.0022624434389140274
described 0.0022624434389140274
all 0.0022624434389140274
activities 0.0022624434389140274
divided 0.0022624434389140274
over 0.0022624434389140274
number 0.0022624434389140274
these 0.0022624434389140274
placed 0.0022624434389140274
at 0.0022624434389140274
various 0.0022624434389140274
each 0.0022624434389140274
one 0.0022624434389140274
or 0.0022624434389140274
more 0.0022624434389140274
independent 0.0022624434389140274
have 0.0022624434389140274
been 0.0022624434389140274
implemented 0.0022624434389140274
proved 0.0022624434389140274
to 0.0022624434389140274
be 0.0022624434389140274
for 0.0022624434389140274
logical 0.0022624434389140274
design 0.0022624434389140274
and 0.0022624434389140274
its 0.0022624434389140274
implementation 0.0022624434389140274
cacm 0.0022624434389140274
may 0.0022624434389140274
1968 0.0022624434389140274
dijkstra 0.0022624434389140274
e 0.0022624434389140274
w 0.0022624434389140274
operating 0.0022624434389140274
hierarchy 0.0022624434389140274
real-time 0.0022624434389140274
debugging 0.0022624434389140274
program 0.0022624434389140274
primitives 0.0022624434389140274
input-output 0.0022624434389140274
buffering 0.0022624434389140274
processor 0.0022624434389140274
sharing 0.0022624434389140274
multiprocessing 0.0022624434389140274
4.30 0.0022624434389140274
4.32 0.0022624434389140274
jb 0.0022624434389140274
february 0.0022624434389140274
23 0.0022624434389140274
1978 0.0022624434389140274
9 0.0022624434389140274
20 0.0022624434389140274
am 0.0022624434389140274
1749 0.0022624434389140274
5 0.0022624434389140274
1828 0.0022624434389140274
1854 0.0022624434389140274
1877 0.0022624434389140274
1960 0.0022624434389140274
2150 0.0022624434389140274
2317 0.0022624434389140274
2319 0.0022624434389140274
2342 0.0022624434389140274
2376 0.0022624434389140274
2377 0.0022624434389140274
2379 0.0022624434389140274
2424 0.0022624434389140274
2482 0.0022624434389140274
2618 0.0022624434389140274
2632 0.0022624434389140274
2704 0.0022624434389140274
2723 0.0022624434389140274
2738 0.0022624434389140274
2740 0.0022624434389140274
2741 0.0022624434389140274
2867 0.0022624434389140274
3184 0.0022624434389140274
1198 0.0022624434389140274
6 0.0022624434389140274
1247 0.0022624434389140274
1338 0.0022624434389140274
1408 0.0022624434389140274
1421 0.0022624434389140274
1471 0.0022624434389140274
1526 0.0022624434389140274
1549 0.0022624434389140274
1552 0.0022624434389140274
1572 0.0022624434389140274
1693 0.0022624434389140274
1719 0.0022624434389140274
1746 0.0022624434389140274
1748 0.0022624434389140274
1751 0.0022624434389140274
1753 0.0022624434389140274
1781 0.0022624434389140274
1826 0.0022624434389140274
210 0.0022624434389140274
2016 0.0022624434389140274
2017 0.0022624434389140274
2080 0.0022624434389140274
2126 0.0022624434389140274
2148 0.0022624434389140274
2188 0.0022624434389140274
2203 0.0022624434389140274
2204 0.0022624434389140274
2228 0.0022624434389140274
2247 0.0022624434389140274
2256 0.0022624434389140274
2356 0.0022624434389140274
2358 0.0022624434389140274
2454 0.0022624434389140274
2651 0.0022624434389140274
2673 0.0022624434389140274
2777 0.0022624434389140274
557 0.0022624434389140274
627 0.0022624434389140274
731 0.0022624434389140274
