manifestations 0.017964663976610395
ca680505 0.017964663976610395
the 0.01782178217821782
ongoing 0.015789194098059685
balancing 0.014108283942364764
of 0.013861386138613862
working 0.007920792079207921
set 0.007920792079207921
model 0.007920792079207921
program 0.007920792079207921
allocation 0.007920792079207921
behavior 0.005940594059405941
a 0.005940594059405941
resource 0.005940594059405941
is 0.005940594059405941
to 0.005940594059405941
and 0.005940594059405941
for 0.0039603960396039604
most 0.0039603960396039604
general 0.0039603960396039604
in 0.0039603960396039604
systems 0.0039603960396039604
pages 0.0039603960396039604
process 0.0039603960396039604
defined 0.0039603960396039604
be 0.0039603960396039604
are 0.0039603960396039604
demand 0.0039603960396039604
operating 0.0039603960396039604
probably 0.0019801980198019802
basic 0.0019801980198019802
reason 0.0019801980198019802
behind 0.0019801980198019802
absence 0.0019801980198019802
treatment 0.0019801980198019802
modern 0.0019801980198019802
computer 0.0019801980198019802
an 0.0019801980198019802
adequate 0.0019801980198019802
this 0.0019801980198019802
paper 0.0019801980198019802
new 0.0019801980198019802
developed 0.0019801980198019802
associated 0.0019801980198019802
with 0.0019801980198019802
collection 0.0019801980198019802
its 0.0019801980198019802
recently 0.0019801980198019802
used 0.0019801980198019802
provides 0.0019801980198019802
knowledge 0.0019801980198019802
vital 0.0019801980198019802
dynamic 0.0019801980198019802
management 0.0019801980198019802
paged 0.0019801980198019802
memories 0.0019801980198019802
shown 0.0019801980198019802
same 0.0019801980198019802
computational 0.0019801980198019802
activity 0.0019801980198019802
then 0.0019801980198019802
processor 0.0019801980198019802
memory 0.0019801980198019802
formulated 0.0019801980198019802
as 0.0019801980198019802
problem 0.0019801980198019802
demands 0.0019801980198019802
against 0.0019801980198019802
available 0.0019801980198019802
equipment 0.0019801980198019802
cacm 0.0019801980198019802
may 0.0019801980198019802
1968 0.0019801980198019802
denning 0.0019801980198019802
p 0.0019801980198019802
j 0.0019801980198019802
system 0.0019801980198019802
concepts 0.0019801980198019802
multiprocessing 0.0019801980198019802
multiprogramming 0.0019801980198019802
models 0.0019801980198019802
scheduling 0.0019801980198019802
storage 0.0019801980198019802
4.30 0.0019801980198019802
4.32 0.0019801980198019802
jb 0.0019801980198019802
february 0.0019801980198019802
23 0.0019801980198019802
1978 0.0019801980198019802
9 0.0019801980198019802
33 0.0019801980198019802
am 0.0019801980198019802
1751 0.0019801980198019802
4 0.0019801980198019802
1892 0.0019801980198019802
2128 0.0019801980198019802
2218 0.0019801980198019802
5 0.0019801980198019802
1752 0.0019801980198019802
1901 0.0019801980198019802
2085 0.0019801980198019802
2095 0.0019801980198019802
2277 0.0019801980198019802
2319 0.0019801980198019802
2329 0.0019801980198019802
2358 0.0019801980198019802
2373 0.0019801980198019802
2380 0.0019801980198019802
2434 0.0019801980198019802
2499 0.0019801980198019802
2501 0.0019801980198019802
2582 0.0019801980198019802
2669 0.0019801980198019802
2828 0.0019801980198019802
2863 0.0019801980198019802
2881 0.0019801980198019802
2928 0.0019801980198019802
2996 0.0019801980198019802
3006 0.0019801980198019802
3067 0.0019801980198019802
168 0.0019801980198019802
6 0.0019801980198019802
185 0.0019801980198019802
1380 0.0019801980198019802
1408 0.0019801980198019802
1410 0.0019801980198019802
1502 0.0019801980198019802
1526 0.0019801980198019802
1572 0.0019801980198019802
1719 0.0019801980198019802
1728 0.0019801980198019802
1746 0.0019801980198019802
1749 0.0019801980198019802
1753 0.0019801980198019802
1754 0.0019801980198019802
1810 0.0019801980198019802
1879 0.0019801980198019802
1884 0.0019801980198019802
274 0.0019801980198019802
1924 0.0019801980198019802
1951 0.0019801980198019802
2004 0.0019801980198019802
2016 0.0019801980198019802
2017 0.0019801980198019802
2080 0.0019801980198019802
2130 0.0019801980198019802
2188 0.0019801980198019802
2203 0.0019801980198019802
2204 0.0019801980198019802
2374 0.0019801980198019802
2522 0.0019801980198019802
2569 0.0019801980198019802
2595 0.0019801980198019802
2682 0.0019801980198019802
2751 0.0019801980198019802
2841 0.0019801980198019802
2864 0.0019801980198019802
