ca680414 0.15916061944189913
card 0.08771929824561403
punched 0.07017543859649122
code 0.05263157894736842
usa 0.03508771929824561
standard 0.03508771929824561
hole-patterns 0.03508771929824561
hollerith 0.017543859649122806
proposed 0.017543859649122806
cacm 0.017543859649122806
april 0.017543859649122806
1968 0.017543859649122806
assignment 0.017543859649122806
systems 0.017543859649122806
1.4 0.017543859649122806
2.0 0.017543859649122806
2.2 0.017543859649122806
2.43 0.017543859649122806
2.9 0.017543859649122806
3.15 0.017543859649122806
3.24 0.017543859649122806
3.50 0.017543859649122806
3.57 0.017543859649122806
3.7 0.017543859649122806
3.80 0.017543859649122806
3.81 0.017543859649122806
3.82 0.017543859649122806
4.11 0.017543859649122806
4.12 0.017543859649122806
jb 0.017543859649122806
february 0.017543859649122806
23 0.017543859649122806
1978 0.017543859649122806
10 0.017543859649122806
14 0.017543859649122806
am 0.017543859649122806
1756 0.017543859649122806
5 0.017543859649122806
