calendar 0.3033057675375896
machine-to-machine 0.2464414155184795
ca680413 0.1334140486498272
recording 0.10972747318167231
2.49 0.10972747318167231
2.19 0.1070646446905911
data 0.07352941176470588
date 0.04411764705882353
code 0.029411764705882353
for 0.029411764705882353
interchange 0.029411764705882353
usa 0.029411764705882353
standard 0.029411764705882353
proposed 0.014705882352941176
cacm 0.014705882352941176
april 0.014705882352941176
1968 0.014705882352941176
group 0.014705882352941176
identifier 0.014705882352941176
2.0 0.014705882352941176
2.11 0.014705882352941176
2.3 0.014705882352941176
2.40 0.014705882352941176
2.43 0.014705882352941176
3.50 0.014705882352941176
3.52 0.014705882352941176
3.53 0.014705882352941176
3.55 0.014705882352941176
3.56 0.014705882352941176
3.59 0.014705882352941176
3.70 0.014705882352941176
3.71 0.014705882352941176
3.73 0.014705882352941176
3.74 0.014705882352941176
3.79 0.014705882352941176
3.81 0.014705882352941176
4.1 0.014705882352941176
4.9 0.014705882352941176
jb 0.014705882352941176
february 0.014705882352941176
23 0.014705882352941176
1978 0.014705882352941176
10 0.014705882352941176
18 0.014705882352941176
am 0.014705882352941176
1757 0.014705882352941176
5 0.014705882352941176
