ca680410 0.21600369781400594
normal 0.047619047619047616
curve 0.047619047619047616
integral 0.047619047619047616
algorithm 0.023809523809523808
304 0.023809523809523808
s15 0.023809523809523808
cacm 0.023809523809523808
april 0.023809523809523808
1968 0.023809523809523808
bergson 0.023809523809523808
a 0.023809523809523808
probability 0.023809523809523808
special 0.023809523809523808
functions 0.023809523809523808
5.5 0.023809523809523808
5.12 0.023809523809523808
jb 0.023809523809523808
february 0.023809523809523808
23 0.023809523809523808
1978 0.023809523809523808
10 0.023809523809523808
22 0.023809523809523808
am 0.023809523809523808
1760 0.023809523809523808
5 0.023809523809523808
1838 0.023809523809523808
6 0.023809523809523808
