brien 0.16200277336050448
ca680409 0.16200277336050448
chi-squared 0.03571428571428571
integral 0.03571428571428571
algorithm 0.017857142857142856
299 0.017857142857142856
s15 0.017857142857142856
cacm 0.017857142857142856
april 0.017857142857142856
1968 0.017857142857142856
o 0.017857142857142856
w 0.017857142857142856
m 0.017857142857142856
wood 0.017857142857142856
j 0.017857142857142856
probability 0.017857142857142856
special 0.017857142857142856
functions 0.017857142857142856
5.5 0.017857142857142856
5.12 0.017857142857142856
jb 0.017857142857142856
february 0.017857142857142856
23 0.017857142857142856
1978 0.017857142857142856
10 0.017857142857142856
24 0.017857142857142856
am 0.017857142857142856
1761 0.017857142857142856
5 0.017857142857142856
2668 0.017857142857142856
1604 0.017857142857142856
6 0.017857142857142856
1728 0.017857142857142856
1827 0.017857142857142856
2677 0.017857142857142856
