expedient 0.029077420859577725
cheaply 0.029077420859577725
ca680403 0.029077420859577725
kulsrud 0.026855795280859945
metacompiler 0.026855795280859945
a 0.022435897435897436
language 0.022435897435897436
graphic 0.019230769230769232
to 0.01282051282051282
of 0.009615384615384616
is 0.009615384615384616
general 0.00641025641025641
purpose 0.00641025641025641
interactive 0.00641025641025641
with 0.00641025641025641
system 0.00641025641025641
has 0.00641025641025641
been 0.00641025641025641
use 0.003205128205128205
computers 0.003205128205128205
terminals 0.003205128205128205
will 0.003205128205128205
permit 0.003205128205128205
many 0.003205128205128205
new 0.003205128205128205
problems 0.003205128205128205
be 0.003205128205128205
solved 0.003205128205128205
using 0.003205128205128205
machines 0.003205128205128205
in 0.003205128205128205
order 0.003205128205128205
handle 0.003205128205128205
variety 0.003205128205128205
applications 0.003205128205128205
it 0.003205128205128205
develop 0.003205128205128205
that 0.003205128205128205
useful 0.003205128205128205
on 0.003205128205128205
number 0.003205128205128205
devices 0.003205128205128205
designed 0.003205128205128205
produce 0.003205128205128205
such 0.003205128205128205
quickly 0.003205128205128205
and 0.003205128205128205
model 0.003205128205128205
which 0.003205128205128205
developed 0.003205128205128205
the 0.003205128205128205
presented 0.003205128205128205
cacm 0.003205128205128205
april 0.003205128205128205
1968 0.003205128205128205
h 0.003205128205128205
e 0.003205128205128205
incremental 0.003205128205128205
compilation 0.003205128205128205
design 0.003205128205128205
syntax 0.003205128205128205
specified 0.003205128205128205
4.12 0.003205128205128205
4.22 0.003205128205128205
jb 0.003205128205128205
february 0.003205128205128205
23 0.003205128205128205
1978 0.003205128205128205
11 0.003205128205128205
17 0.003205128205128205
am 0.003205128205128205
249 0.003205128205128205
4 0.003205128205128205
1767 0.003205128205128205
254 0.003205128205128205
272 0.003205128205128205
1102 0.003205128205128205
1109 0.003205128205128205
1140 0.003205128205128205
1188 0.003205128205128205
1306 0.003205128205128205
1396 0.003205128205128205
1464 0.003205128205128205
1491 0.003205128205128205
1781 0.003205128205128205
1787 0.003205128205128205
1860 0.003205128205128205
1945 0.003205128205128205
1949 0.003205128205128205
1988 0.003205128205128205
321 0.003205128205128205
2059 0.003205128205128205
2126 0.003205128205128205
2252 0.003205128205128205
2341 0.003205128205128205
435 0.003205128205128205
437 0.003205128205128205
463 0.003205128205128205
483 0.003205128205128205
491 0.003205128205128205
2732 0.003205128205128205
560 0.003205128205128205
583 0.003205128205128205
3073 0.003205128205128205
627 0.003205128205128205
631 0.003205128205128205
632 0.003205128205128205
642 0.003205128205128205
644 0.003205128205128205
653 0.003205128205128205
680 0.003205128205128205
761 0.003205128205128205
762 0.003205128205128205
763 0.003205128205128205
123 0.003205128205128205
140 0.003205128205128205
919 0.003205128205128205
989 0.003205128205128205
196 0.003205128205128205
5 0.003205128205128205
1468 0.003205128205128205
1467 0.003205128205128205
1496 0.003205128205128205
2002 0.003205128205128205
2003 0.003205128205128205
2152 0.003205128205128205
6 0.003205128205128205
1710 0.003205128205128205
1937 0.003205128205128205
2105 0.003205128205128205
