f-distribution 0.3659933784318266
ca680204 0.21600369781400594
t-distribution 0.1696353188308144
february 0.047619047619047616
s 0.047619047619047616
algorithm 0.023809523809523808
322 0.023809523809523808
s14 0.023809523809523808
cacm 0.023809523809523808
1968 0.023809523809523808
dorrer 0.023809523809523808
e 0.023809523809523808
fisher 0.023809523809523808
student 0.023809523809523808
5.5 0.023809523809523808
jb 0.023809523809523808
23 0.023809523809523808
1978 0.023809523809523808
12 0.023809523809523808
06 0.023809523809523808
pm 0.023809523809523808
1778 0.023809523809523808
5 0.023809523809523808
1920 0.023809523809523808
6 0.023809523809523808
714 0.023809523809523808
