t-test 0.19687760542025037
ca680203 0.11200191738504012
t-statistic 0.09488717218602913
february 0.024691358024691357
probabilities 0.012345679012345678
algorithm 0.012345679012345678
s14 0.012345679012345678
cacm 0.012345679012345678
1968 0.012345679012345678
morris 0.012345679012345678
j 0.012345679012345678
student 0.012345679012345678
s 0.012345679012345678
distribution 0.012345679012345678
function 0.012345679012345678
5.5 0.012345679012345678
jb 0.012345679012345678
23 0.012345679012345678
1978 0.012345679012345678
1 0.012345679012345678
33 0.012345679012345678
pm 0.012345679012345678
1157 0.012345679012345678
4 0.012345679012345678
1779 0.012345679012345678
1920 0.012345679012345678
1944 0.012345679012345678
1987 0.012345679012345678
2548 0.012345679012345678
5 0.012345679012345678
714 0.012345679012345678
1561 0.012345679012345678
6 0.012345679012345678
1581 0.012345679012345678
