ca600612 0.23874092916284867
rootfinder 0.02631578947368421
algorithm 0.02631578947368421
cacm 0.02631578947368421
june 0.02631578947368421
1960 0.02631578947368421
thacher 0.02631578947368421
jr 0.02631578947368421
h 0.02631578947368421
c 0.02631578947368421
jb 0.02631578947368421
march 0.02631578947368421
20 0.02631578947368421
1978 0.02631578947368421
9 0.02631578947368421
32 0.02631578947368421
pm 0.02631578947368421
178 0.02631578947368421
5 0.02631578947368421
1667 0.02631578947368421
6 0.02631578947368421
1242 0.02631578947368421
327 0.02631578947368421
