macroprocessor 0.005826689343730411
ca680201 0.005826689343730411
4.10 0.004005421941445054
translator 0.0032113037893384713
writing 0.0032113037893384713
of 0.0032113037893384713
to 0.0019267822736030828
the 0.0019267822736030828
in 0.0019267822736030828
section 0.0019267822736030828
systems 0.0012845215157353885
syntax 0.0012845215157353885
and 0.0012845215157353885
are 0.0012845215157353885
discussed 0.0012845215157353885
syntactic 0.0012845215157353885
february 0.0012845215157353885
a 6.422607578676942E-4
critical 6.422607578676942E-4
review 6.422607578676942E-4
recent 6.422607578676942E-4
efforts 6.422607578676942E-4
automate 6.422607578676942E-4
translators 6.422607578676942E-4
programming 6.422607578676942E-4
languages 6.422607578676942E-4
is 6.422607578676942E-4
presented 6.422607578676942E-4
formal 6.422607578676942E-4
study 6.422607578676942E-4
its 6.422607578676942E-4
application 6.422607578676942E-4
ii 6.422607578676942E-4
various 6.422607578676942E-4
approaches 6.422607578676942E-4
automating 6.422607578676942E-4
post 6.422607578676942E-4
semantic 6.422607578676942E-4
aspects 6.422607578676942E-4
iii 6.422607578676942E-4
several 6.422607578676942E-4
related 6.422607578676942E-4
topics 6.422607578676942E-4
iv 6.422607578676942E-4
cacm 6.422607578676942E-4
1968 6.422607578676942E-4
feldman 6.422607578676942E-4
j 6.422607578676942E-4
gries 6.422607578676942E-4
d 6.422607578676942E-4
compiler 6.422607578676942E-4
compiler-compiler 6.422607578676942E-4
metacompiler 6.422607578676942E-4
semantics 6.422607578676942E-4
syntax-directed 6.422607578676942E-4
meta-assembler 6.422607578676942E-4
parser 6.422607578676942E-4
analysis 6.422607578676942E-4
generator 6.422607578676942E-4
4.1 6.422607578676942E-4
4.12 6.422607578676942E-4
4.22 6.422607578676942E-4
5.23 6.422607578676942E-4
jb 6.422607578676942E-4
23 6.422607578676942E-4
1978 6.422607578676942E-4
2 6.422607578676942E-4
02 6.422607578676942E-4
pm 6.422607578676942E-4
249 6.422607578676942E-4
4 6.422607578676942E-4
1781 6.422607578676942E-4
254 6.422607578676942E-4
267 6.422607578676942E-4
272 6.422607578676942E-4
1046 6.422607578676942E-4
1062 6.422607578676942E-4
1072 6.422607578676942E-4
1086 6.422607578676942E-4
1102 6.422607578676942E-4
1105 6.422607578676942E-4
1109 6.422607578676942E-4
1121 6.422607578676942E-4
1132 6.422607578676942E-4
1139 6.422607578676942E-4
1140 6.422607578676942E-4
1141 6.422607578676942E-4
1142 6.422607578676942E-4
1188 6.422607578676942E-4
1215 6.422607578676942E-4
1223 6.422607578676942E-4
1225 6.422607578676942E-4
1234 6.422607578676942E-4
1263 6.422607578676942E-4
1265 6.422607578676942E-4
1270 6.422607578676942E-4
1306 6.422607578676942E-4
1323 6.422607578676942E-4
1350 6.422607578676942E-4
1358 6.422607578676942E-4
1379 6.422607578676942E-4
1380 6.422607578676942E-4
1396 6.422607578676942E-4
1399 6.422607578676942E-4
1425 6.422607578676942E-4
1453 6.422607578676942E-4
1464 6.422607578676942E-4
1469 6.422607578676942E-4
1484 6.422607578676942E-4
1486 6.422607578676942E-4
1491 6.422607578676942E-4
1496 6.422607578676942E-4
1498 6.422607578676942E-4
1503 6.422607578676942E-4
1530 6.422607578676942E-4
1541 6.422607578676942E-4
1542 6.422607578676942E-4
1552 6.422607578676942E-4
1565 6.422607578676942E-4
1612 6.422607578676942E-4
1613 6.422607578676942E-4
1614 6.422607578676942E-4
1626 6.422607578676942E-4
1646 6.422607578676942E-4
1647 6.422607578676942E-4
1659 6.422607578676942E-4
1665 6.422607578676942E-4
1683 6.422607578676942E-4
1693 6.422607578676942E-4
1708 6.422607578676942E-4
1767 6.422607578676942E-4
1768 6.422607578676942E-4
1787 6.422607578676942E-4
1788 6.422607578676942E-4
1792 6.422607578676942E-4
1807 6.422607578676942E-4
1824 6.422607578676942E-4
1825 6.422607578676942E-4
1826 6.422607578676942E-4
1836 6.422607578676942E-4
1852 6.422607578676942E-4
1854 6.422607578676942E-4
1860 6.422607578676942E-4
1861 6.422607578676942E-4
1945 6.422607578676942E-4
1947 6.422607578676942E-4
1949 6.422607578676942E-4
1988 6.422607578676942E-4
1989 6.422607578676942E-4
321 6.422607578676942E-4
364 6.422607578676942E-4
2015 6.422607578676942E-4
2034 6.422607578676942E-4
2059 6.422607578676942E-4
2060 6.422607578676942E-4
2061 6.422607578676942E-4
2083 6.422607578676942E-4
2082 6.422607578676942E-4
2091 6.422607578676942E-4
2110 6.422607578676942E-4
2112 6.422607578676942E-4
2126 6.422607578676942E-4
2150 6.422607578676942E-4
2152 6.422607578676942E-4
2156 6.422607578676942E-4
2168 6.422607578676942E-4
2175 6.422607578676942E-4
2178 6.422607578676942E-4
2179 6.422607578676942E-4
2228 6.422607578676942E-4
2249 6.422607578676942E-4
2252 6.422607578676942E-4
2256 6.422607578676942E-4
2299 6.422607578676942E-4
2314 6.422607578676942E-4
2317 6.422607578676942E-4
2325 6.422607578676942E-4
2326 6.422607578676942E-4
2341 6.422607578676942E-4
2340 6.422607578676942E-4
2356 6.422607578676942E-4
2342 6.422607578676942E-4
2376 6.422607578676942E-4
2470 6.422607578676942E-4
2534 6.422607578676942E-4
405 6.422607578676942E-4
2541 6.422607578676942E-4
2546 6.422607578676942E-4
435 6.422607578676942E-4
437 6.422607578676942E-4
438 6.422607578676942E-4
2579 6.422607578676942E-4
463 6.422607578676942E-4
464 6.422607578676942E-4
483 6.422607578676942E-4
491 6.422607578676942E-4
2603 6.422607578676942E-4
2618 6.422607578676942E-4
2645 6.422607578676942E-4
2650 6.422607578676942E-4
2652 6.422607578676942E-4
2684 6.422607578676942E-4
2698 6.422607578676942E-4
2708 6.422607578676942E-4
2719 6.422607578676942E-4
2732 6.422607578676942E-4
2733 6.422607578676942E-4
2736 6.422607578676942E-4
2820 6.422607578676942E-4
2824 6.422607578676942E-4
2833 6.422607578676942E-4
2842 6.422607578676942E-4
2929 6.422607578676942E-4
2934 6.422607578676942E-4
2982 6.422607578676942E-4
2986 6.422607578676942E-4
557 6.422607578676942E-4
560 6.422607578676942E-4
583 6.422607578676942E-4
584 6.422607578676942E-4
3044 6.422607578676942E-4
3045 6.422607578676942E-4
3069 6.422607578676942E-4
3073 6.422607578676942E-4
3093 6.422607578676942E-4
3094 6.422607578676942E-4
3155 6.422607578676942E-4
3184 6.422607578676942E-4
627 6.422607578676942E-4
631 6.422607578676942E-4
632 6.422607578676942E-4
637 6.422607578676942E-4
642 6.422607578676942E-4
644 6.422607578676942E-4
653 6.422607578676942E-4
669 6.422607578676942E-4
679 6.422607578676942E-4
680 6.422607578676942E-4
691 6.422607578676942E-4
720 6.422607578676942E-4
729 6.422607578676942E-4
759 6.422607578676942E-4
761 6.422607578676942E-4
762 6.422607578676942E-4
763 6.422607578676942E-4
795 6.422607578676942E-4
799 6.422607578676942E-4
123 6.422607578676942E-4
140 6.422607578676942E-4
919 6.422607578676942E-4
945 6.422607578676942E-4
949 6.422607578676942E-4
989 6.422607578676942E-4
5 6.422607578676942E-4
196 6.422607578676942E-4
990 6.422607578676942E-4
1007 6.422607578676942E-4
1131 6.422607578676942E-4
1149 6.422607578676942E-4
1198 6.422607578676942E-4
1303 6.422607578676942E-4
205 6.422607578676942E-4
224 6.422607578676942E-4
1366 6.422607578676942E-4
288 6.422607578676942E-4
1421 6.422607578676942E-4
1460 6.422607578676942E-4
1462 6.422607578676942E-4
1463 6.422607578676942E-4
1468 6.422607578676942E-4
1467 6.422607578676942E-4
1477 6.422607578676942E-4
1531 6.422607578676942E-4
1535 6.422607578676942E-4
1601 6.422607578676942E-4
1602 6.422607578676942E-4
1641 6.422607578676942E-4
316 6.422607578676942E-4
381 6.422607578676942E-4
398 6.422607578676942E-4
2127 6.422607578676942E-4
2187 6.422607578676942E-4
2545 6.422607578676942E-4
404 6.422607578676942E-4
410 6.422607578676942E-4
11 6.422607578676942E-4
3188 6.422607578676942E-4
600 6.422607578676942E-4
6 6.422607578676942E-4
1155 6.422607578676942E-4
1191 6.422607578676942E-4
1324 6.422607578676942E-4
1487 6.422607578676942E-4
1527 6.422607578676942E-4
1572 6.422607578676942E-4
1739 6.422607578676942E-4
1748 6.422607578676942E-4
1749 6.422607578676942E-4
1753 6.422607578676942E-4
1856 6.422607578676942E-4
378 6.422607578676942E-4
2148 6.422607578676942E-4
2423 6.422607578676942E-4
2556 6.422607578676942E-4
2786 6.422607578676942E-4
408 6.422607578676942E-4
577 6.422607578676942E-4
