ca680109 0.02256755051788122
documented 0.020843303800070406
hash 0.014180299417394071
of 0.012437810945273632
storage 0.009950248756218905
scatter 0.007462686567164179
techniques 0.007462686567164179
the 0.007462686567164179
are 0.007462686567164179
a 0.004975124378109453
and 0.004975124378109453
addressing 0.004975124378109453
searching 0.004975124378109453
file 0.004975124378109453
as 0.0024875621890547263
method 0.0024875621890547263
for 0.0024875621890547263
implementing 0.0024875621890547263
symbol 0.0024875621890547263
tables 0.0024875621890547263
assemblers 0.0024875621890547263
compilers 0.0024875621890547263
reviewed 0.0024875621890547263
number 0.0024875621890547263
ways 0.0024875621890547263
using 0.0024875621890547263
them 0.0024875621890547263
more 0.0024875621890547263
effectively 0.0024875621890547263
presented 0.0024875621890547263
many 0.0024875621890547263
most 0.0024875621890547263
useful 0.0024875621890547263
variants 0.0024875621890547263
cacm 0.0024875621890547263
january 0.0024875621890547263
1968 0.0024875621890547263
morris 0.0024875621890547263
r 0.0024875621890547263
layout 0.0024875621890547263
3.73 0.0024875621890547263
3.74 0.0024875621890547263
jb 0.0024875621890547263
february 0.0024875621890547263
23 0.0024875621890547263
1978 0.0024875621890547263
2 0.0024875621890547263
26 0.0024875621890547263
pm 0.0024875621890547263
1271 0.0024875621890547263
4 0.0024875621890547263
1785 0.0024875621890547263
2203 0.0024875621890547263
2543 0.0024875621890547263
2552 0.0024875621890547263
2860 0.0024875621890547263
911 0.0024875621890547263
5 0.0024875621890547263
1676 0.0024875621890547263
1682 0.0024875621890547263
1728 0.0024875621890547263
1860 0.0024875621890547263
1973 0.0024875621890547263
332 0.0024875621890547263
2018 0.0024875621890547263
2032 0.0024875621890547263
2033 0.0024875621890547263
2107 0.0024875621890547263
2109 0.0024875621890547263
2251 0.0024875621890547263
2359 0.0024875621890547263
2524 0.0024875621890547263
2559 0.0024875621890547263
2991 0.0024875621890547263
492 0.0024875621890547263
3053 0.0024875621890547263
849 0.0024875621890547263
6 0.0024875621890547263
1025 0.0024875621890547263
1314 0.0024875621890547263
1329 0.0024875621890547263
1366 0.0024875621890547263
1389 0.0024875621890547263
1421 0.0024875621890547263
1496 0.0024875621890547263
1525 0.0024875621890547263
1626 0.0024875621890547263
1641 0.0024875621890547263
1647 0.0024875621890547263
1786 0.0024875621890547263
1992 0.0024875621890547263
378 0.0024875621890547263
2412 0.0024875621890547263
2673 0.0024875621890547263
2707 0.0024875621890547263
2770 0.0024875621890547263
3184 0.0024875621890547263
