left-right 0.012292893371528795
ca680107 0.012292893371528795
besides 0.011353669549631847
bnf 0.009865035012141185
of 0.005420054200542005
a 0.005420054200542005
transition 0.0040650406504065045
the 0.0040650406504065045
language 0.0040650406504065045
matrices 0.0027100271002710027
in 0.0027100271002710027
an 0.0027100271002710027
grammar 0.0027100271002710027
recognizer 0.0027100271002710027
for 0.0027100271002710027
used 0.0027100271002710027
with 0.0027100271002710027
use 0.0013550135501355014
compiling 0.0013550135501355014
algorithms 0.0013550135501355014
is 0.0013550135501355014
described 0.0013550135501355014
which 0.0013550135501355014
constructs 0.0013550135501355014
from 0.0013550135501355014
suitable 0.0013550135501355014
efficient 0.0013550135501355014
sentences 0.0013550135501355014
corresponding 0.0013550135501355014
type 0.0013550135501355014
number 0.0013550135501355014
compilers 0.0013550135501355014
operates 0.0013550135501355014
pushdown 0.0013550135501355014
stack 0.0013550135501355014
and 0.0013550135501355014
matrix 0.0013550135501355014
two 0.0013550135501355014
examples 0.0013550135501355014
illustrate 0.0013550135501355014
how 0.0013550135501355014
such 0.0013550135501355014
recognizers 0.0013550135501355014
may 0.0013550135501355014
be 0.0013550135501355014
effectively 0.0013550135501355014
other 0.0013550135501355014
purposes 0.0013550135501355014
usual 0.0013550135501355014
syntax 0.0013550135501355014
checking 0.0013550135501355014
cacm 0.0013550135501355014
january 0.0013550135501355014
1968 0.0013550135501355014
gries 0.0013550135501355014
d 0.0013550135501355014
compilation 0.0013550135501355014
translation 0.0013550135501355014
context-free 0.0013550135501355014
formal 0.0013550135501355014
parsing 0.0013550135501355014
4.12 0.0013550135501355014
5.23 0.0013550135501355014
jb 0.0013550135501355014
february 0.0013550135501355014
23 0.0013550135501355014
1978 0.0013550135501355014
2 0.0013550135501355014
35 0.0013550135501355014
pm 0.0013550135501355014
249 0.0013550135501355014
4 0.0013550135501355014
1787 0.0013550135501355014
254 0.0013550135501355014
267 0.0013550135501355014
272 0.0013550135501355014
1102 0.0013550135501355014
1109 0.0013550135501355014
1139 0.0013550135501355014
1140 0.0013550135501355014
1141 0.0013550135501355014
1188 0.0013550135501355014
1215 0.0013550135501355014
1223 0.0013550135501355014
1306 0.0013550135501355014
1323 0.0013550135501355014
1358 0.0013550135501355014
1380 0.0013550135501355014
1396 0.0013550135501355014
1464 0.0013550135501355014
1491 0.0013550135501355014
1496 0.0013550135501355014
1498 0.0013550135501355014
1542 0.0013550135501355014
1647 0.0013550135501355014
1665 0.0013550135501355014
1683 0.0013550135501355014
1693 0.0013550135501355014
1767 0.0013550135501355014
1768 0.0013550135501355014
1781 0.0013550135501355014
1792 0.0013550135501355014
1824 0.0013550135501355014
1825 0.0013550135501355014
1836 0.0013550135501355014
1860 0.0013550135501355014
1861 0.0013550135501355014
1945 0.0013550135501355014
1949 0.0013550135501355014
1988 0.0013550135501355014
1989 0.0013550135501355014
321 0.0013550135501355014
364 0.0013550135501355014
2015 0.0013550135501355014
2059 0.0013550135501355014
2060 0.0013550135501355014
2061 0.0013550135501355014
2082 0.0013550135501355014
2091 0.0013550135501355014
2110 0.0013550135501355014
2112 0.0013550135501355014
2126 0.0013550135501355014
2127 0.0013550135501355014
2152 0.0013550135501355014
2179 0.0013550135501355014
2187 0.0013550135501355014
2252 0.0013550135501355014
2317 0.0013550135501355014
2340 0.0013550135501355014
2356 0.0013550135501355014
2534 0.0013550135501355014
405 0.0013550135501355014
2541 0.0013550135501355014
2545 0.0013550135501355014
2546 0.0013550135501355014
435 0.0013550135501355014
437 0.0013550135501355014
438 0.0013550135501355014
463 0.0013550135501355014
483 0.0013550135501355014
491 0.0013550135501355014
2603 0.0013550135501355014
2698 0.0013550135501355014
2708 0.0013550135501355014
2732 0.0013550135501355014
2733 0.0013550135501355014
2820 0.0013550135501355014
2824 0.0013550135501355014
2982 0.0013550135501355014
2986 0.0013550135501355014
560 0.0013550135501355014
583 0.0013550135501355014
3045 0.0013550135501355014
3073 0.0013550135501355014
3093 0.0013550135501355014
3155 0.0013550135501355014
627 0.0013550135501355014
631 0.0013550135501355014
632 0.0013550135501355014
642 0.0013550135501355014
644 0.0013550135501355014
653 0.0013550135501355014
680 0.0013550135501355014
761 0.0013550135501355014
762 0.0013550135501355014
763 0.0013550135501355014
123 0.0013550135501355014
140 0.0013550135501355014
919 0.0013550135501355014
989 0.0013550135501355014
196 0.0013550135501355014
5 0.0013550135501355014
224 0.0013550135501355014
799 0.0013550135501355014
830 0.0013550135501355014
6 0.0013550135501355014
990 0.0013550135501355014
1007 0.0013550135501355014
1046 0.0013550135501355014
1131 0.0013550135501355014
1149 0.0013550135501355014
1198 0.0013550135501355014
1265 0.0013550135501355014
1303 0.0013550135501355014
1366 0.0013550135501355014
1421 0.0013550135501355014
1460 0.0013550135501355014
1462 0.0013550135501355014
1463 0.0013550135501355014
1467 0.0013550135501355014
1468 0.0013550135501355014
1477 0.0013550135501355014
1531 0.0013550135501355014
1535 0.0013550135501355014
1565 0.0013550135501355014
1601 0.0013550135501355014
1602 0.0013550135501355014
1613 0.0013550135501355014
1614 0.0013550135501355014
1626 0.0013550135501355014
1641 0.0013550135501355014
1788 0.0013550135501355014
205 0.0013550135501355014
288 0.0013550135501355014
1959 0.0013550135501355014
1973 0.0013550135501355014
316 0.0013550135501355014
381 0.0013550135501355014
398 0.0013550135501355014
2111 0.0013550135501355014
11 0.0013550135501355014
2182 0.0013550135501355014
2556 0.0013550135501355014
404 0.0013550135501355014
410 0.0013550135501355014
464 0.0013550135501355014
3184 0.0013550135501355014
3188 0.0013550135501355014
584 0.0013550135501355014
600 0.0013550135501355014
691 0.0013550135501355014
