meta 0.06978581006298655
contended 0.02326193668766218
functionally 0.02326193668766218
ca680106 0.02326193668766218
a 0.023076923076923078
torical 0.021484636224687957
conflict 0.018667681638359475
of 0.017948717948717947
the 0.017948717948717947
processor 0.015384615384615385
programming 0.015384615384615385
language 0.015384615384615385
macro 0.010256410256410256
and 0.010256410256410256
translator 0.010256410256410256
general 0.007692307692307693
in 0.007692307692307693
is 0.007692307692307693
construction 0.005128205128205128
compiler 0.005128205128205128
that 0.005128205128205128
described 0.005128205128205128
instruction 0.005128205128205128
writing 0.005128205128205128
system 0.005128205128205128
toward 0.002564102564102564
for 0.002564102564102564
languages 0.002564102564102564
many 0.002564102564102564
efforts 0.002564102564102564
have 0.002564102564102564
been 0.002564102564102564
made 0.002564102564102564
to 0.002564102564102564
develop 0.002564102564102564
better 0.002564102564102564
way 0.002564102564102564
implementing 0.002564102564102564
higher 0.002564102564102564
level 0.002564102564102564
than 0.002564102564102564
by 0.002564102564102564
whole 0.002564102564102564
new 0.002564102564102564
but 0.002564102564102564
so 0.002564102564102564
far 0.002564102564102564
none 0.002564102564102564
has 0.002564102564102564
proved 0.002564102564102564
generally 0.002564102564102564
satisfactory 0.002564102564102564
this 0.002564102564102564
paper 0.002564102564102564
it 0.002564102564102564
best 0.002564102564102564
as 0.002564102564102564
body 0.002564102564102564
instructions 0.002564102564102564
call 0.002564102564102564
constitutes 0.002564102564102564
canonical 0.002564102564102564
form 0.002564102564102564
terms 0.002564102564102564
which 0.002564102564102564
notation 0.002564102564102564
may 0.002564102564102564
be 0.002564102564102564
supporting 0.002564102564102564
discussion 0.002564102564102564
logical 0.002564102564102564
his 0.002564102564102564
role 0.002564102564102564
presented 0.002564102564102564
also 0.002564102564102564
discussed 0.002564102564102564
are 0.002564102564102564
between 0.002564102564102564
machine 0.002564102564102564
independence 0.002564102564102564
object 0.002564102564102564
program 0.002564102564102564
efficiency 0.002564102564102564
question 0.002564102564102564
where 0.002564102564102564
greatest 0.002564102564102564
difficulties 0.002564102564102564
lie 0.002564102564102564
cacm 0.002564102564102564
january 0.002564102564102564
1968 0.002564102564102564
halpern 0.002564102564102564
m 0.002564102564102564
j 0.002564102564102564
compiler-compiler 0.002564102564102564
4.10 0.002564102564102564
4.11 0.002564102564102564
4.12 0.002564102564102564
4.20 0.002564102564102564
jb 0.002564102564102564
february 0.002564102564102564
23 0.002564102564102564
1978 0.002564102564102564
2 0.002564102564102564
42 0.002564102564102564
pm 0.002564102564102564
1358 0.002564102564102564
4 0.002564102564102564
1788 0.002564102564102564
1565 0.002564102564102564
1781 0.002564102564102564
1006 0.002564102564102564
5 0.002564102564102564
1007 0.002564102564102564
205 0.002564102564102564
3189 0.002564102564102564
123 0.002564102564102564
6 0.002564102564102564
196 0.002564102564102564
919 0.002564102564102564
990 0.002564102564102564
1046 0.002564102564102564
1131 0.002564102564102564
1139 0.002564102564102564
1140 0.002564102564102564
1149 0.002564102564102564
1198 0.002564102564102564
1215 0.002564102564102564
1223 0.002564102564102564
1265 0.002564102564102564
1303 0.002564102564102564
1323 0.002564102564102564
1366 0.002564102564102564
1421 0.002564102564102564
1460 0.002564102564102564
1462 0.002564102564102564
1463 0.002564102564102564
1467 0.002564102564102564
1468 0.002564102564102564
1477 0.002564102564102564
1491 0.002564102564102564
1496 0.002564102564102564
1531 0.002564102564102564
1535 0.002564102564102564
1601 0.002564102564102564
1602 0.002564102564102564
1613 0.002564102564102564
1614 0.002564102564102564
1626 0.002564102564102564
1641 0.002564102564102564
1787 0.002564102564102564
224 0.002564102564102564
249 0.002564102564102564
288 0.002564102564102564
316 0.002564102564102564
381 0.002564102564102564
398 0.002564102564102564
11 0.002564102564102564
404 0.002564102564102564
410 0.002564102564102564
463 0.002564102564102564
464 0.002564102564102564
483 0.002564102564102564
3184 0.002564102564102564
3188 0.002564102564102564
584 0.002564102564102564
600 0.002564102564102564
680 0.002564102564102564
691 0.002564102564102564
763 0.002564102564102564
799 0.002564102564102564
