seraphin 0.11063604034375915
float 0.11063604034375915
ca691218 0.11063604034375915
chi-square 0.09373001154961415
number 0.024390243902439025
a 0.012195121951219513
fast 0.012195121951219513
random 0.012195121951219513
generator 0.012195121951219513
for 0.012195121951219513
ibm 0.012195121951219513
360 0.012195121951219513
cacm 0.012195121951219513
december 0.012195121951219513
1969 0.012195121951219513
d 0.012195121951219513
s 0.012195121951219513
pseudorandom 0.012195121951219513
modulus 0.012195121951219513
period 0.012195121951219513
normalization 0.012195121951219513
characteristic 0.012195121951219513
test 0.012195121951219513
4.49 0.012195121951219513
5.19 0.012195121951219513
5.5 0.012195121951219513
jb 0.012195121951219513
february 0.012195121951219513
15 0.012195121951219513
1978 0.012195121951219513
1 0.012195121951219513
58 0.012195121951219513
pm 0.012195121951219513
1794 0.012195121951219513
4 0.012195121951219513
1870 0.012195121951219513
2122 0.012195121951219513
1674 0.012195121951219513
5 0.012195121951219513
2349 0.012195121951219513
1648 0.012195121951219513
6 0.012195121951219513
1716 0.012195121951219513
1894 0.012195121951219513
2043 0.012195121951219513
501 0.012195121951219513
613 0.012195121951219513
774 0.012195121951219513
