parsons 0.15120258846980417
ca691212 0.15120258846980417
psif 0.132892383658669
psi 0.132892383658669
logarithmic 0.11652440911846636
function 0.05
algorithm 0.016666666666666666
147 0.016666666666666666
s14 0.016666666666666666
cacm 0.016666666666666666
december 0.016666666666666666
1969 0.016666666666666666
r 0.016666666666666666
g 0.016666666666666666
gamma 0.016666666666666666
derivative 0.016666666666666666
factorial 0.016666666666666666
5.12 0.016666666666666666
jb 0.016666666666666666
february 0.016666666666666666
15 0.016666666666666666
1978 0.016666666666666666
2 0.016666666666666666
11 0.016666666666666666
pm 0.016666666666666666
1800 0.016666666666666666
4 0.016666666666666666
5 0.016666666666666666
2222 0.016666666666666666
871 0.016666666666666666
970 0.016666666666666666
6 0.016666666666666666
1818 0.016666666666666666
1834 0.016666666666666666
2042 0.016666666666666666
