ca691117 0.1444656573729018
generation 0.05172413793103448
permutations 0.034482758620689655
order 0.034482758620689655
lexicographic 0.034482758620689655
of 0.017241379310344827
in 0.017241379310344827
pseudo-lexicographic 0.017241379310344827
algorithm 0.017241379310344827
308 0.017241379310344827
g6 0.017241379310344827
cacm 0.017241379310344827
november 0.017241379310344827
1969 0.017241379310344827
ord-smith 0.017241379310344827
r 0.017241379310344827
j 0.017241379310344827
permutation 0.017241379310344827
5.39 0.017241379310344827
jb 0.017241379310344827
february 0.017241379310344827
15 0.017241379310344827
1978 0.017241379310344827
11 0.017241379310344827
59 0.017241379310344827
am 0.017241379310344827
1813 0.017241379310344827
4 0.017241379310344827
1370 0.017241379310344827
5 0.017241379310344827
1307 0.017241379310344827
6 0.017241379310344827
1589 0.017241379310344827
