cobb 0.12600215705817014
ca691112 0.12600215705817014
legendre 0.041666666666666664
associated 0.027777777777777776
real 0.027777777777777776
or 0.027777777777777776
imaginary 0.027777777777777776
arguments 0.027777777777777776
function 0.027777777777777776
functions 0.013888888888888888
of 0.013888888888888888
the 0.013888888888888888
first 0.013888888888888888
kind 0.013888888888888888
for 0.013888888888888888
algorithm 0.013888888888888888
47 0.013888888888888888
s16 0.013888888888888888
cacm 0.013888888888888888
november 0.013888888888888888
1969 0.013888888888888888
s 0.013888888888888888
m 0.013888888888888888
5.12 0.013888888888888888
jb 0.013888888888888888
february 0.013888888888888888
15 0.013888888888888888
1978 0.013888888888888888
12 0.013888888888888888
11 0.013888888888888888
pm 0.013888888888888888
1818 0.013888888888888888
4 0.013888888888888888
5 0.013888888888888888
2222 0.013888888888888888
778 0.013888888888888888
970 0.013888888888888888
6 0.013888888888888888
1800 0.013888888888888888
1834 0.013888888888888888
2042 0.013888888888888888
