lr 0.1046104421013663
the 0.02743142144638404
no-backup 0.022623828698723817
korenjak 0.022623828698723817
ca691105 0.022623828698723817
recognizing 0.019166735528848778
decreases 0.01815560059591071
a 0.014962593516209476
for 0.014962593516209476
of 0.014962593516209476
k 0.012468827930174564
processor 0.012468827930174564
processors 0.00997506234413965
an 0.00997506234413965
method 0.007481296758104738
and 0.007481296758104738
number 0.007481296758104738
grammar 0.007481296758104738
language 0.007481296758104738
practical 0.004987531172069825
constructing 0.004987531172069825
is 0.004987531172069825
these 0.004987531172069825
are 0.004987531172069825
input 0.004987531172069825
in 0.004987531172069825
steps 0.004987531172069825
to 0.004987531172069825
knuth 0.004987531172069825
this 0.004987531172069825
procedure 0.004987531172069825
if 0.004987531172069825
can 0.004987531172069825
be 0.004987531172069825
constructed 0.004987531172069825
using 0.004987531172069825
parser 0.004987531172069825
algol 0.004987531172069825
developed 0.0024937655860349127
capable 0.0024937655860349127
parsing 0.0024937655860349127
during 0.0024937655860349127
single 0.0024937655860349127
scan 0.0024937655860349127
equal 0.0024937655860349127
length 0.0024937655860349127
plus 0.0024937655860349127
its 0.0024937655860349127
derivation 0.0024937655860349127
technique 0.0024937655860349127
presented 0.0024937655860349127
here 0.0024937655860349127
based 0.0024937655860349127
on 0.0024937655860349127
original 0.0024937655860349127
described 0.0024937655860349127
by 0.0024937655860349127
but 0.0024937655860349127
both 0.0024937655860349127
effort 0.0024937655860349127
required 0.0024937655860349127
construct 0.0024937655860349127
size 0.0024937655860349127
produced 0.0024937655860349127
involves 0.0024937655860349127
partitioning 0.0024937655860349127
given 0.0024937655860349127
into 0.0024937655860349127
smaller 0.0024937655860349127
parts 0.0024937655860349127
each 0.0024937655860349127
part 0.0024937655860349127
s 0.0024937655860349127
algorithm 0.0024937655860349127
certain 0.0024937655860349127
conditions 0.0024937655860349127
relating 0.0024937655860349127
individual 0.0024937655860349127
satisfied 0.0024937655860349127
then 0.0024937655860349127
entire 0.0024937655860349127
them 0.0024937655860349127
1 0.0024937655860349127
has 0.0024937655860349127
been 0.0024937655860349127
obtained 0.0024937655860349127
cacm 0.0024937655860349127
november 0.0024937655860349127
1969 0.0024937655860349127
j 0.0024937655860349127
syntactic 0.0024937655860349127
analysis 0.0024937655860349127
deterministic 0.0024937655860349127
syntax-directed 0.0024937655860349127
compiler 0.0024937655860349127
context-free 0.0024937655860349127
4.12 0.0024937655860349127
5.2 0.0024937655860349127
5.23 0.0024937655860349127
jb 0.0024937655860349127
february 0.0024937655860349127
15 0.0024937655860349127
1978 0.0024937655860349127
12 0.0024937655860349127
52 0.0024937655860349127
pm 0.0024937655860349127
1086 0.0024937655860349127
4 0.0024937655860349127
1825 0.0024937655860349127
1132 0.0024937655860349127
1234 0.0024937655860349127
1263 0.0024937655860349127
1265 0.0024937655860349127
1270 0.0024937655860349127
1323 0.0024937655860349127
1358 0.0024937655860349127
1379 0.0024937655860349127
1380 0.0024937655860349127
1453 0.0024937655860349127
1464 0.0024937655860349127
1484 0.0024937655860349127
1491 0.0024937655860349127
1498 0.0024937655860349127
1613 0.0024937655860349127
1614 0.0024937655860349127
1665 0.0024937655860349127
1768 0.0024937655860349127
1781 0.0024937655860349127
1787 0.0024937655860349127
1824 0.0024937655860349127
1836 0.0024937655860349127
1860 0.0024937655860349127
1861 0.0024937655860349127
2015 0.0024937655860349127
2083 0.0024937655860349127
2110 0.0024937655860349127
2127 0.0024937655860349127
2178 0.0024937655860349127
2179 0.0024937655860349127
2187 0.0024937655860349127
2252 0.0024937655860349127
2317 0.0024937655860349127
2325 0.0024937655860349127
2341 0.0024937655860349127
2545 0.0024937655860349127
2546 0.0024937655860349127
2645 0.0024937655860349127
2652 0.0024937655860349127
2684 0.0024937655860349127
2698 0.0024937655860349127
2733 0.0024937655860349127
2842 0.0024937655860349127
2929 0.0024937655860349127
2934 0.0024937655860349127
3069 0.0024937655860349127
669 0.0024937655860349127
679 0.0024937655860349127
691 0.0024937655860349127
761 0.0024937655860349127
949 0.0024937655860349127
989 0.0024937655860349127
5 0.0024937655860349127
2061 0.0024937655860349127
3184 0.0024937655860349127
1140 0.0024937655860349127
6 0.0024937655860349127
1141 0.0024937655860349127
1477 0.0024937655860349127
773 0.0024937655860349127
