garbage-collector 0.04676368715560954
really 0.02338184357780477
storage-allocation 0.02338184357780477
ca691104 0.02338184357780477
virtual-memory 0.021595381772237895
garbage-collection 0.021595381772237895
exhausted 0.021595381772237895
collect 0.021595381772237895
yochelson 0.021595381772237895
the 0.01288659793814433
is 0.010309278350515464
of 0.010309278350515464
storage 0.007731958762886598
a 0.005154639175257732
for 0.005154639175257732
systems 0.005154639175257732
this 0.005154639175257732
algorithm 0.005154639175257732
list-processing 0.005154639175257732
virtual 0.005154639175257732
free 0.005154639175257732
decision 0.005154639175257732
r 0.005154639175257732
lisp 0.002577319587628866
computer 0.002577319587628866
in 0.002577319587628866
paper 0.002577319587628866
which 0.002577319587628866
operate 0.002577319587628866
within 0.002577319587628866
very 0.002577319587628866
large 0.002577319587628866
memories 0.002577319587628866
described 0.002577319587628866
object 0.002577319587628866
more 0.002577319587628866
compaction 0.002577319587628866
active 0.002577319587628866
than 0.002577319587628866
discovery 0.002577319587628866
because 0.002577319587628866
never 0.002577319587628866
to 0.002577319587628866
garbage 0.002577319587628866
not 0.002577319587628866
easily 0.002577319587628866
made 0.002577319587628866
therefore 0.002577319587628866
various 0.002577319587628866
criteria 0.002577319587628866
are 0.002577319587628866
discussed 0.002577319587628866
cacm 0.002577319587628866
november 0.002577319587628866
1969 0.002577319587628866
fenichel 0.002577319587628866
j 0.002577319587628866
c 0.002577319587628866
memory 0.002577319587628866
4.19 0.002577319587628866
4.49 0.002577319587628866
jb 0.002577319587628866
february 0.002577319587628866
15 0.002577319587628866
1978 0.002577319587628866
12 0.002577319587628866
57 0.002577319587628866
pm 0.002577319587628866
1024 0.002577319587628866
4 0.002577319587628866
1826 0.002577319587628866
1051 0.002577319587628866
1102 0.002577319587628866
1132 0.002577319587628866
1390 0.002577319587628866
1486 0.002577319587628866
1549 0.002577319587628866
1706 0.002577319587628866
1708 0.002577319587628866
1781 0.002577319587628866
1860 0.002577319587628866
1878 0.002577319587628866
378 0.002577319587628866
2060 0.002577319587628866
2155 0.002577319587628866
2156 0.002577319587628866
2168 0.002577319587628866
2249 0.002577319587628866
2314 0.002577319587628866
2719 0.002577319587628866
2723 0.002577319587628866
2736 0.002577319587628866
2833 0.002577319587628866
2838 0.002577319587628866
2842 0.002577319587628866
2855 0.002577319587628866
2879 0.002577319587628866
3077 0.002577319587628866
3080 0.002577319587628866
3106 0.002577319587628866
627 0.002577319587628866
106 0.002577319587628866
210 0.002577319587628866
5 0.002577319587628866
1626 0.002577319587628866
1972 0.002577319587628866
2438 0.002577319587628866
3074 0.002577319587628866
3112 0.002577319587628866
6 0.002577319587628866
1380 0.002577319587628866
1749 0.002577319587628866
1853 0.002577319587628866
2513 0.002577319587628866
2651 0.002577319587628866
2766 0.002577319587628866
2998 0.002577319587628866
731 0.002577319587628866
