stanfel 0.13540530310728732
ca691015 0.13540530310728732
tree 0.029850746268656716
structures 0.029850746268656716
a 0.014925373134328358
comment 0.014925373134328358
on 0.014925373134328358
optimal 0.014925373134328358
cacm 0.014925373134328358
october 0.014925373134328358
1969 0.014925373134328358
l 0.014925373134328358
e 0.014925373134328358
information 0.014925373134328358
retrieval 0.014925373134328358
file 0.014925373134328358
searching 0.014925373134328358
double 0.014925373134328358
chaining 0.014925373134328358
3.70 0.014925373134328358
3.73 0.014925373134328358
3.74 0.014925373134328358
jb 0.014925373134328358
february 0.014925373134328358
15 0.014925373134328358
1978 0.014925373134328358
1 0.014925373134328358
31 0.014925373134328358
pm 0.014925373134328358
1831 0.014925373134328358
5 0.014925373134328358
2257 0.014925373134328358
2360 0.014925373134328358
849 0.014925373134328358
6 0.014925373134328358
1936 0.014925373134328358
