ca691014 0.19722076756930979
dunham 0.16220582992073299
logarithmic 0.043478260869565216
error 0.043478260869565216
minimax 0.021739130434782608
cacm 0.021739130434782608
october 0.021739130434782608
1969 0.021739130434782608
c 0.021739130434782608
b 0.021739130434782608
transformed 0.021739130434782608
rational 0.021739130434782608
approximation 0.021739130434782608
square 0.021739130434782608
root 0.021739130434782608
5.10 0.021739130434782608
jb 0.021739130434782608
february 0.021739130434782608
15 0.021739130434782608
1978 0.021739130434782608
1 0.021739130434782608
38 0.021739130434782608
pm 0.021739130434782608
1832 0.021739130434782608
4 0.021739130434782608
1999 0.021739130434782608
2159 0.021739130434782608
5 0.021739130434782608
1932 0.021739130434782608
