precedence 0.029850746268656716
ca691010 0.027081060621457466
a 0.014925373134328358
the 0.014925373134328358
functions 0.011940298507462687
matrix 0.011940298507462687
for 0.008955223880597015
linear 0.008955223880597015
new 0.005970149253731343
of 0.005970149253731343
grammar 0.005970149253731343
can 0.005970149253731343
be 0.005970149253731343
by 0.005970149253731343
algorithm 0.005970149253731343
is 0.005970149253731343
method 0.0029850746268656717
determining 0.0029850746268656717
grammars 0.0029850746268656717
relations 0.0029850746268656717
precisely 0.0029850746268656717
described 0.0029850746268656717
two-dimensional 0.0029850746268656717
often 0.0029850746268656717
information 0.0029850746268656717
in 0.0029850746268656717
represented 0.0029850746268656717
more 0.0029850746268656717
concisely 0.0029850746268656717
pair 0.0029850746268656717
vectors 0.0029850746268656717
called 0.0029850746268656717
presented 0.0029850746268656717
obtaining 0.0029850746268656717
when 0.0029850746268656717
given 0.0029850746268656717
this 0.0029850746268656717
shown 0.0029850746268656717
to 0.0029850746268656717
possess 0.0029850746268656717
several 0.0029850746268656717
computational 0.0029850746268656717
advantages 0.0029850746268656717
cacm 0.0029850746268656717
october 0.0029850746268656717
1969 0.0029850746268656717
bell 0.0029850746268656717
j 0.0029850746268656717
r 0.0029850746268656717
boolean 0.0029850746268656717
matrices 0.0029850746268656717
syntax 0.0029850746268656717
context-free 0.0029850746268656717
parsing 0.0029850746268656717
transition 0.0029850746268656717
4.12 0.0029850746268656717
jb 0.0029850746268656717
february 0.0029850746268656717
15 0.0029850746268656717
1978 0.0029850746268656717
3 0.0029850746268656717
13 0.0029850746268656717
pm 0.0029850746268656717
1379 0.0029850746268656717
4 0.0029850746268656717
1836 0.0029850746268656717
1542 0.0029850746268656717
1665 0.0029850746268656717
1683 0.0029850746268656717
1693 0.0029850746268656717
1768 0.0029850746268656717
1781 0.0029850746268656717
1787 0.0029850746268656717
1824 0.0029850746268656717
1825 0.0029850746268656717
1861 0.0029850746268656717
1945 0.0029850746268656717
2015 0.0029850746268656717
2060 0.0029850746268656717
2061 0.0029850746268656717
2082 0.0029850746268656717
2091 0.0029850746268656717
2110 0.0029850746268656717
2127 0.0029850746268656717
2152 0.0029850746268656717
2179 0.0029850746268656717
2187 0.0029850746268656717
2317 0.0029850746268656717
2340 0.0029850746268656717
2356 0.0029850746268656717
2545 0.0029850746268656717
2546 0.0029850746268656717
2603 0.0029850746268656717
2698 0.0029850746268656717
2708 0.0029850746268656717
2733 0.0029850746268656717
2824 0.0029850746268656717
2982 0.0029850746268656717
2986 0.0029850746268656717
3045 0.0029850746268656717
3093 0.0029850746268656717
1191 0.0029850746268656717
5 0.0029850746268656717
1477 0.0029850746268656717
1491 0.0029850746268656717
577 0.0029850746268656717
6 0.0029850746268656717
