ca691008 0.21098035600437792
normal 0.046511627906976744
curve 0.046511627906976744
integral 0.046511627906976744
algorithm 0.023255813953488372
304 0.023255813953488372
s15 0.023255813953488372
cacm 0.023255813953488372
october 0.023255813953488372
1969 0.023255813953488372
adams 0.023255813953488372
a 0.023255813953488372
g 0.023255813953488372
probability 0.023255813953488372
special 0.023255813953488372
functions 0.023255813953488372
5.5 0.023255813953488372
5.12 0.023255813953488372
jb 0.023255813953488372
february 0.023255813953488372
15 0.023255813953488372
1978 0.023255813953488372
3 0.023255813953488372
19 0.023255813953488372
pm 0.023255813953488372
1838 0.023255813953488372
4 0.023255813953488372
1760 0.023255813953488372
5 0.023255813953488372
