ca691006 0.16200277336050448
prime 0.03571428571428571
number 0.03571428571428571
an 0.017857142857142856
efficient 0.017857142857142856
generator 0.017857142857142856
algorithm 0.017857142857142856
357 0.017857142857142856
a1 0.017857142857142856
cacm 0.017857142857142856
october 0.017857142857142856
1969 0.017857142857142856
singleton 0.017857142857142856
r 0.017857142857142856
c 0.017857142857142856
numbers 0.017857142857142856
factoring 0.017857142857142856
theory 0.017857142857142856
3.15 0.017857142857142856
5.30 0.017857142857142856
jb 0.017857142857142856
february 0.017857142857142856
15 0.017857142857142856
1978 0.017857142857142856
3 0.017857142857142856
23 0.017857142857142856
pm 0.017857142857142856
1840 0.017857142857142856
5 0.017857142857142856
2927 0.017857142857142856
1537 0.017857142857142856
6 0.017857142857142856
1539 0.017857142857142856
1538 0.017857142857142856
1841 0.017857142857142856
