ca691005 0.08894269909988481
prime 0.0196078431372549
number 0.0196078431372549
a 0.00980392156862745
generator 0.00980392156862745
using 0.00980392156862745
the 0.00980392156862745
treesort 0.00980392156862745
principle 0.00980392156862745
algorithm 0.00980392156862745
356 0.00980392156862745
a1 0.00980392156862745
cacm 0.00980392156862745
october 0.00980392156862745
1969 0.00980392156862745
singleton 0.00980392156862745
r 0.00980392156862745
c 0.00980392156862745
numbers 0.00980392156862745
theory 0.00980392156862745
sorting 0.00980392156862745
3.15 0.00980392156862745
5.30 0.00980392156862745
5.31 0.00980392156862745
jb 0.00980392156862745
february 0.00980392156862745
15 0.00980392156862745
1978 0.00980392156862745
3 0.00980392156862745
25 0.00980392156862745
pm 0.00980392156862745
1841 0.00980392156862745
4 0.00980392156862745
1967 0.00980392156862745
2120 0.00980392156862745
2927 0.00980392156862745
1539 0.00980392156862745
5 0.00980392156862745
377 0.00980392156862745
1537 0.00980392156862745
6 0.00980392156862745
1538 0.00980392156862745
1840 0.00980392156862745
