ca690906 0.21600369781400594
function 0.047619047619047616
minimization 0.047619047619047616
algorithm 0.023809523809523808
251 0.023809523809523808
e4 0.023809523809523808
cacm 0.023809523809523808
september 0.023809523809523808
1969 0.023809523809523808
hamilton 0.023809523809523808
p 0.023809523809523808
a 0.023809523809523808
boothroyd 0.023809523809523808
j 0.023809523809523808
5.19 0.023809523809523808
jb 0.023809523809523808
february 0.023809523809523808
15 0.023809523809523808
1978 0.023809523809523808
4 0.023809523809523808
38 0.023809523809523808
pm 0.023809523809523808
1849 0.023809523809523808
5 0.023809523809523808
2190 0.023809523809523808
1372 0.023809523809523808
6 0.023809523809523808
