ca690803 0.01800030815116716
hash-coding 0.016625016126246634
language 0.007936507936507936
a 0.007936507936507936
associative 0.005952380952380952
the 0.005952380952380952
programming 0.003968253968253968
has 0.003968253968253968
been 0.003968253968253968
and 0.003968253968253968
implemented 0.003968253968253968
data 0.003968253968253968
structure 0.003968253968253968
of 0.003968253968253968
an 0.001984126984126984
algol-based 0.001984126984126984
high 0.001984126984126984
level 0.001984126984126984
for 0.001984126984126984
large 0.001984126984126984
complex 0.001984126984126984
structures 0.001984126984126984
designed 0.001984126984126984
underlying 0.001984126984126984
using 0.001984126984126984
technique 0.001984126984126984
discussion 0.001984126984126984
includes 0.001984126984126984
comparison 0.001984126984126984
with 0.001984126984126984
other 0.001984126984126984
work 0.001984126984126984
examples 0.001984126984126984
applications 0.001984126984126984
cacm 0.001984126984126984
august 0.001984126984126984
1969 0.001984126984126984
feldman 0.001984126984126984
j 0.001984126984126984
algol 0.001984126984126984
4.22 0.001984126984126984
jb 0.001984126984126984
february 0.001984126984126984
15 0.001984126984126984
1978 0.001984126984126984
6 0.001984126984126984
02 0.001984126984126984
pm 0.001984126984126984
1051 0.001984126984126984
4 0.001984126984126984
1860 0.001984126984126984
1086 0.001984126984126984
1132 0.001984126984126984
1234 0.001984126984126984
1263 0.001984126984126984
1265 0.001984126984126984
1270 0.001984126984126984
1323 0.001984126984126984
1358 0.001984126984126984
1379 0.001984126984126984
1380 0.001984126984126984
1396 0.001984126984126984
1453 0.001984126984126984
1464 0.001984126984126984
1484 0.001984126984126984
1491 0.001984126984126984
1498 0.001984126984126984
1503 0.001984126984126984
1552 0.001984126984126984
1613 0.001984126984126984
1614 0.001984126984126984
1626 0.001984126984126984
1665 0.001984126984126984
1676 0.001984126984126984
1682 0.001984126984126984
1693 0.001984126984126984
1708 0.001984126984126984
1728 0.001984126984126984
1767 0.001984126984126984
1781 0.001984126984126984
1787 0.001984126984126984
1825 0.001984126984126984
1826 0.001984126984126984
1854 0.001984126984126984
1945 0.001984126984126984
1957 0.001984126984126984
1973 0.001984126984126984
1988 0.001984126984126984
1992 0.001984126984126984
2018 0.001984126984126984
2032 0.001984126984126984
2033 0.001984126984126984
2060 0.001984126984126984
2083 0.001984126984126984
2091 0.001984126984126984
2107 0.001984126984126984
2109 0.001984126984126984
2155 0.001984126984126984
2156 0.001984126984126984
2162 0.001984126984126984
2168 0.001984126984126984
2178 0.001984126984126984
2179 0.001984126984126984
2203 0.001984126984126984
2249 0.001984126984126984
2251 0.001984126984126984
2252 0.001984126984126984
2299 0.001984126984126984
2314 0.001984126984126984
2325 0.001984126984126984
2341 0.001984126984126984
2359 0.001984126984126984
2524 0.001984126984126984
2543 0.001984126984126984
2546 0.001984126984126984
2552 0.001984126984126984
2559 0.001984126984126984
2573 0.001984126984126984
2645 0.001984126984126984
2652 0.001984126984126984
2684 0.001984126984126984
2719 0.001984126984126984
2736 0.001984126984126984
2770 0.001984126984126984
2833 0.001984126984126984
2842 0.001984126984126984
2929 0.001984126984126984
2934 0.001984126984126984
2991 0.001984126984126984
557 0.001984126984126984
3053 0.001984126984126984
3069 0.001984126984126984
669 0.001984126984126984
679 0.001984126984126984
691 0.001984126984126984
761 0.001984126984126984
949 0.001984126984126984
989 0.001984126984126984
1389 0.001984126984126984
5 0.001984126984126984
1366 0.001984126984126984
1421 0.001984126984126984
1496 0.001984126984126984
1641 0.001984126984126984
1785 0.001984126984126984
1786 0.001984126984126984
378 0.001984126984126984
2151 0.001984126984126984
3103 0.001984126984126984
3148 0.001984126984126984
3184 0.001984126984126984
1653 0.001984126984126984
1747 0.001984126984126984
2817 0.001984126984126984
2865 0.001984126984126984
2877 0.001984126984126984
2939 0.001984126984126984
3073 0.001984126984126984
731 0.001984126984126984
