over-determined 0.10800184890700297
ca690613 0.10800184890700297
linear 0.03571428571428571
chebyshev 0.023809523809523808
algorithm 0.023809523809523808
solution 0.011904761904761904
to 0.011904761904761904
an 0.011904761904761904
overdetermined 0.011904761904761904
system 0.011904761904761904
328 0.011904761904761904
f4 0.011904761904761904
cacm 0.011904761904761904
june 0.011904761904761904
1969 0.011904761904761904
golub 0.011904761904761904
g 0.011904761904761904
h 0.011904761904761904
solutions 0.011904761904761904
systems 0.011904761904761904
equations 0.011904761904761904
exchange 0.011904761904761904
5.13 0.011904761904761904
5.14 0.011904761904761904
5.41 0.011904761904761904
jb 0.011904761904761904
february 0.011904761904761904
17 0.011904761904761904
1978 0.011904761904761904
9 0.011904761904761904
49 0.011904761904761904
am 0.011904761904761904
1880 0.011904761904761904
5 0.011904761904761904
3054 0.011904761904761904
1175 0.011904761904761904
6 0.011904761904761904
1919 0.011904761904761904
1980 0.011904761904761904
1997 0.011904761904761904
307 0.011904761904761904
308 0.011904761904761904
309 0.011904761904761904
2017 0.011904761904761904
2679 0.011904761904761904
776 0.011904761904761904
