fair 0.09755005707729303
weather 0.09755005707729303
ca690610 0.09755005707729303
trapezoid 0.08023084060595395
rectangle 0.08023084060595395
romberg 0.021505376344086023
quadrature 0.021505376344086023
values 0.021505376344086023
modified 0.010752688172043012
algorithm 0.010752688172043012
d1 0.010752688172043012
cacm 0.010752688172043012
june 0.010752688172043012
1969 0.010752688172043012
g 0.010752688172043012
numerical 0.010752688172043012
integration 0.010752688172043012
error 0.010752688172043012
bound 0.010752688172043012
5.16 0.010752688172043012
jb 0.010752688172043012
february 0.010752688172043012
17 0.010752688172043012
1978 0.010752688172043012
9 0.010752688172043012
55 0.010752688172043012
am 0.010752688172043012
1352 0.010752688172043012
4 0.010752688172043012
1883 0.010752688172043012
1356 0.010752688172043012
2040 0.010752688172043012
1241 0.010752688172043012
5 0.010752688172043012
1982 0.010752688172043012
2355 0.010752688172043012
1 0.010752688172043012
6 0.010752688172043012
1273 0.010752688172043012
1418 0.010752688172043012
1521 0.010752688172043012
1597 0.010752688172043012
324 0.010752688172043012
2350 0.010752688172043012
2354 0.010752688172043012
