ca690516 0.10800184890700297
knop 0.09149834460795665
random 0.047619047619047616
normal 0.03571428571428571
distribution 0.03571428571428571
deviates 0.023809523809523808
number 0.023809523809523808
algorithm 0.011904761904761904
334 0.011904761904761904
g5 0.011904761904761904
cacm 0.011904761904761904
may 0.011904761904761904
1969 0.011904761904761904
r 0.011904761904761904
generator 0.011904761904761904
simulation 0.011904761904761904
probability 0.011904761904761904
frequency 0.011904761904761904
5.13 0.011904761904761904
5.5 0.011904761904761904
jb 0.011904761904761904
february 0.011904761904761904
17 0.011904761904761904
1978 0.011904761904761904
2 0.011904761904761904
31 0.011904761904761904
pm 0.011904761904761904
1894 0.011904761904761904
5 0.011904761904761904
2057 0.011904761904761904
2349 0.011904761904761904
1600 0.011904761904761904
6 0.011904761904761904
1648 0.011904761904761904
1716 0.011904761904761904
1794 0.011904761904761904
2043 0.011904761904761904
2055 0.011904761904761904
501 0.011904761904761904
613 0.011904761904761904
774 0.011904761904761904
