clarification 0.0738291020325939
interpretations 0.06596929065642781
standards-initial 0.042000719019390044
ca690509 0.042000719019390044
the 0.041666666666666664
became 0.03879170429457548
achievement 0.03691455101629695
clarifying 0.03691455101629695
initiated 0.03558268956976092
completed 0.03298464532821391
of 0.032407407407407406
standard 0.032407407407407406
1.2 0.03011727562931649
language 0.027777777777777776
fortran 0.018518518518518517
in 0.013888888888888888
maintenance 0.013888888888888888
programming 0.009259259259259259
initial 0.009259259259259259
and 0.009259259259259259
specifications 0.009259259259259259
standardization 0.009259259259259259
progress 0.004629629629629629
1966 0.004629629629629629
after 0.004629629629629629
four 0.004629629629629629
years 0.004629629629629629
effort 0.004629629629629629
first 0.004629629629629629
standardized 0.004629629629629629
united 0.004629629629629629
states 0.004629629629629629
since 0.004629629629629629
that 0.004629629629629629
study 0.004629629629629629
application 0.004629629629629629
have 0.004629629629629629
revealed 0.004629629629629629
need 0.004629629629629629
for 0.004629629629629629
standards 0.004629629629629629
as 0.004629629629629629
result 0.004629629629629629
work 0.004629629629629629
1967 0.004629629629629629
an 0.004629629629629629
set 0.004629629629629629
has 0.004629629629629629
been 0.004629629629629629
prepared 0.004629629629629629
nature 0.004629629629629629
corrections 0.004629629629629629
to 0.004629629629629629
are 0.004629629629629629
reported 0.004629629629629629
cacm 0.004629629629629629
may 0.004629629629629629
1969 0.004629629629629629
usa 0.004629629629629629
basic 0.004629629629629629
specification 0.004629629629629629
interpretation 0.004629629629629629
committee 0.004629629629629629
2.0 0.004629629629629629
2.19 0.004629629629629629
2.2 0.004629629629629629
2.3 0.004629629629629629
4.0 0.004629629629629629
4.12 0.004629629629629629
4.19 0.004629629629629629
4.20 0.004629629629629629
4.22 0.004629629629629629
4.29 0.004629629629629629
4.43 0.004629629629629629
5.23 0.004629629629629629
5.9 0.004629629629629629
6.9 0.004629629629629629
jb 0.004629629629629629
february 0.004629629629629629
17 0.004629629629629629
1978 0.004629629629629629
3 0.004629629629629629
26 0.004629629629629629
pm 0.004629629629629629
1613 0.004629629629629629
4 0.004629629629629629
1900 0.004629629629629629
1646 0.004629629629629629
1845 0.004629629629629629
1955 0.004629629629629629
2025 0.004629629629629629
2083 0.004629629629629629
2154 0.004629629629629629
2270 0.004629629629629629
2365 0.004629629629629629
2506 0.004629629629629629
2693 0.004629629629629629
3060 0.004629629629629629
987 0.004629629629629629
5 0.004629629629629629
988 0.004629629629629629
2915 0.004629629629629629
6 0.004629629629629629
1502 0.004629629629629629
