space-sharing 0.0883651491057297
space-shading 0.029455049701909906
demand-paging 0.029455049701909906
ca690508 0.029455049701909906
of 0.016233766233766232
and 0.016233766233766232
a 0.012987012987012988
allocation 0.012987012987012988
to 0.012987012987012988
the 0.012987012987012988
computer 0.00974025974025974
value 0.00974025974025974
cost 0.00974025974025974
in 0.006493506493506494
systems 0.006493506493506494
program 0.006493506493506494
behavior 0.006493506493506494
is 0.006493506493506494
per 0.006493506493506494
are 0.006493506493506494
problems 0.006493506493506494
storage 0.006493506493506494
memory 0.006493506493506494
management 0.006493506493506494
strategies 0.006493506493506494
dynamic 0.003246753246753247
formalization 0.003246753246753247
relationships 0.003246753246753247
between 0.003246753246753247
processor 0.003246753246753247
efficiency 0.003246753246753247
presented 0.003246753246753247
concepts 0.003246753246753247
space 0.003246753246753247
task 0.003246753246753247
defined 0.003246753246753247
then 0.003246753246753247
combined 0.003246753246753247
develop 0.003246753246753247
single 0.003246753246753247
parameter 0.003246753246753247
termed 0.003246753246753247
unit 0.003246753246753247
intent 0.003246753246753247
illustrate 0.003246753246753247
possible 0.003246753246753247
analytic 0.003246753246753247
approach 0.003246753246753247
investigation 0.003246753246753247
demonstrate 0.003246753246753247
method 0.003246753246753247
on 0.003246753246753247
sample 0.003246753246753247
cacm 0.003246753246753247
may 0.003246753246753247
1969 0.003246753246753247
belady 0.003246753246753247
l 0.003246753246753247
kuehner 0.003246753246753247
c 0.003246753246753247
j 0.003246753246753247
multiprogramming 0.003246753246753247
system 0.003246753246753247
design 0.003246753246753247
replacement 0.003246753246753247
time-sharing 0.003246753246753247
4.32 0.003246753246753247
6.2 0.003246753246753247
6.20 0.003246753246753247
jb 0.003246753246753247
february 0.003246753246753247
17 0.003246753246753247
1978 0.003246753246753247
3 0.003246753246753247
31 0.003246753246753247
pm 0.003246753246753247
1713 0.003246753246753247
4 0.003246753246753247
1901 0.003246753246753247
1879 0.003246753246753247
1884 0.003246753246753247
1892 0.003246753246753247
2085 0.003246753246753247
2095 0.003246753246753247
2218 0.003246753246753247
2277 0.003246753246753247
2297 0.003246753246753247
2319 0.003246753246753247
2329 0.003246753246753247
2358 0.003246753246753247
2365 0.003246753246753247
2373 0.003246753246753247
2380 0.003246753246753247
2434 0.003246753246753247
2499 0.003246753246753247
2501 0.003246753246753247
2582 0.003246753246753247
491 0.003246753246753247
2669 0.003246753246753247
2828 0.003246753246753247
2863 0.003246753246753247
2881 0.003246753246753247
2928 0.003246753246753247
2996 0.003246753246753247
3006 0.003246753246753247
3067 0.003246753246753247
168 0.003246753246753247
5 0.003246753246753247
185 0.003246753246753247
1751 0.003246753246753247
1754 0.003246753246753247
2374 0.003246753246753247
2481 0.003246753246753247
3016 0.003246753246753247
3052 0.003246753246753247
1728 0.003246753246753247
6 0.003246753246753247
2017 0.003246753246753247
2741 0.003246753246753247
