ca690308 0.042000719019390044
sorting 0.018518518518518517
algorithm 0.009259259259259259
minimal 0.009259259259259259
storage 0.009259259259259259
an 0.004629629629629629
efficient 0.004629629629629629
for 0.004629629629629629
with 0.004629629629629629
347 0.004629629629629629
m1 0.004629629629629629
cacm 0.004629629629629629
march 0.004629629629629629
1969 0.004629629629629629
singleton 0.004629629629629629
r 0.004629629629629629
c 0.004629629629629629
digital 0.004629629629629629
computer 0.004629629629629629
5.31 0.004629629629629629
jb 0.004629629629629629
february 0.004629629629629629
20 0.004629629629629629
1978 0.004629629629629629
8 0.004629629629629629
48 0.004629629629629629
am 0.004629629629629629
1175 0.004629629629629629
4 0.004629629629629629
1919 0.004629629629629629
1997 0.004629629629629629
2017 0.004629629629629629
2041 0.004629629629629629
2118 0.004629629629629629
2191 0.004629629629629629
2216 0.004629629629629629
2388 0.004629629629629629
2348 0.004629629629629629
2679 0.004629629629629629
2783 0.004629629629629629
2784 0.004629629629629629
3054 0.004629629629629629
3121 0.004629629629629629
852 0.004629629629629629
864 0.004629629629629629
865 0.004629629629629629
5 0.004629629629629629
308 0.004629629629629629
309 0.004629629629629629
74 0.004629629629629629
3187 0.004629629629629629
6 0.004629629629629629
1880 0.004629629629629629
1980 0.004629629629629629
307 0.004629629629629629
776 0.004629629629629629
