snedecor 0.14632508561593952
f-statistic 0.14632508561593952
ca690307 0.14632508561593952
f-test 0.03225806451612903
probabilities 0.016129032258064516
algorithm 0.016129032258064516
346 0.016129032258064516
s14 0.016129032258064516
cacm 0.016129032258064516
march 0.016129032258064516
1969 0.016129032258064516
morris 0.016129032258064516
j 0.016129032258064516
fisher 0.016129032258064516
test 0.016129032258064516
distribution 0.016129032258064516
function 0.016129032258064516
5.5 0.016129032258064516
jb 0.016129032258064516
february 0.016129032258064516
20 0.016129032258064516
1978 0.016129032258064516
8 0.016129032258064516
50 0.016129032258064516
am 0.016129032258064516
1157 0.016129032258064516
4 0.016129032258064516
1920 0.016129032258064516
1779 0.016129032258064516
1944 0.016129032258064516
1987 0.016129032258064516
2548 0.016129032258064516
1778 0.016129032258064516
5 0.016129032258064516
714 0.016129032258064516
