small-sample 0.1042776472205546
ca690105 0.1042776472205546
levine 0.09631043824860118
student 0.022988505747126436
s 0.022988505747126436
t-distribution 0.022988505747126436
algorithm 0.011494252873563218
344 0.011494252873563218
s14 0.011494252873563218
cacm 0.011494252873563218
january 0.011494252873563218
1969 0.011494252873563218
d 0.011494252873563218
a 0.011494252873563218
t-test 0.011494252873563218
statistics 0.011494252873563218
distribution 0.011494252873563218
function 0.011494252873563218
5.12 0.011494252873563218
5.5 0.011494252873563218
jb 0.011494252873563218
february 0.011494252873563218
20 0.011494252873563218
1978 0.011494252873563218
11 0.011494252873563218
56 0.011494252873563218
am 0.011494252873563218
1157 0.011494252873563218
4 0.011494252873563218
1944 0.011494252873563218
1779 0.011494252873563218
1920 0.011494252873563218
1987 0.011494252873563218
2548 0.011494252873563218
5 0.011494252873563218
714 0.011494252873563218
1561 0.011494252873563218
6 0.011494252873563218
1581 0.011494252873563218
