ca690104 0.01348017133460364
programming 0.01188707280832095
of 0.007429420505200594
the 0.005943536404160475
a 0.005943536404160475
is 0.005943536404160475
in 0.004457652303120356
graduate 0.004457652303120356
and 0.004457652303120356
bibliography 0.004457652303120356
role 0.0029717682020802376
subject 0.0029717682020802376
as 0.0029717682020802376
considered 0.0029717682020802376
are 0.0029717682020802376
for 0.0029717682020802376
sequence 0.0029717682020802376
included 0.0029717682020802376
course 0.0029717682020802376
ph 0.0014858841010401188
computer 0.0014858841010401188
science 0.0014858841010401188
program 0.0014858841010401188
this 0.0014858841010401188
general 0.0014858841010401188
paper 0.0014858841010401188
advanced 0.0014858841010401188
training 0.0014858841010401188
discussed 0.0014858841010401188
matter 0.0014858841010401188
related 0.0014858841010401188
to 0.0014858841010401188
well 0.0014858841010401188
per 0.0014858841010401188
se 0.0014858841010401188
importance 0.0014858841010401188
application 0.0014858841010401188
formalism 0.0014858841010401188
also 0.0014858841010401188
need 0.0014858841010401188
good 0.0014858841010401188
empirical 0.0014858841010401188
experimentation 0.0014858841010401188
brief 0.0014858841010401188
outline 0.0014858841010401188
courses 0.0014858841010401188
headings 0.0014858841010401188
that 0.0014858841010401188
have 0.0014858841010401188
been 0.0014858841010401188
obtained 0.0014858841010401188
from 0.0014858841010401188
an 0.0014858841010401188
extensive 0.0014858841010401188
given 0.0014858841010401188
references 0.0014858841010401188
cacm 0.0014858841010401188
january 0.0014858841010401188
1969 0.0014858841010401188
arden 0.0014858841010401188
b 0.0014858841010401188
w 0.0014858841010401188
graduate-level 0.0014858841010401188
programs 0.0014858841010401188
content 0.0014858841010401188
curriculum 0.0014858841010401188
research 0.0014858841010401188
topics 0.0014858841010401188
1.3 0.0014858841010401188
1.52 0.0014858841010401188
4.0 0.0014858841010401188
jb 0.0014858841010401188
february 0.0014858841010401188
20 0.0014858841010401188
1978 0.0014858841010401188
12 0.0014858841010401188
00 0.0014858841010401188
pm 0.0014858841010401188
1068 0.0014858841010401188
4 0.0014858841010401188
1945 0.0014858841010401188
1084 0.0014858841010401188
1102 0.0014858841010401188
1142 0.0014858841010401188
1215 0.0014858841010401188
1225 0.0014858841010401188
1247 0.0014858841010401188
1263 0.0014858841010401188
1350 0.0014858841010401188
1379 0.0014858841010401188
1396 0.0014858841010401188
1399 0.0014858841010401188
1400 0.0014858841010401188
1453 0.0014858841010401188
1496 0.0014858841010401188
1530 0.0014858841010401188
1531 0.0014858841010401188
1542 0.0014858841010401188
1551 0.0014858841010401188
1553 0.0014858841010401188
1565 0.0014858841010401188
1570 0.0014858841010401188
1612 0.0014858841010401188
1625 0.0014858841010401188
1646 0.0014858841010401188
1659 0.0014858841010401188
1683 0.0014858841010401188
1693 0.0014858841010401188
1703 0.0014858841010401188
1705 0.0014858841010401188
1767 0.0014858841010401188
1768 0.0014858841010401188
1781 0.0014858841010401188
1787 0.0014858841010401188
1807 0.0014858841010401188
1836 0.0014858841010401188
1860 0.0014858841010401188
1947 0.0014858841010401188
1988 0.0014858841010401188
2015 0.0014858841010401188
2034 0.0014858841010401188
2036 0.0014858841010401188
2060 0.0014858841010401188
2061 0.0014858841010401188
2082 0.0014858841010401188
2091 0.0014858841010401188
2110 0.0014858841010401188
2126 0.0014858841010401188
2127 0.0014858841010401188
2152 0.0014858841010401188
2179 0.0014858841010401188
2252 0.0014858841010401188
2314 0.0014858841010401188
2341 0.0014858841010401188
2340 0.0014858841010401188
2356 0.0014858841010401188
2396 0.0014858841010401188
2546 0.0014858841010401188
2603 0.0014858841010401188
2650 0.0014858841010401188
2698 0.0014858841010401188
2708 0.0014858841010401188
2730 0.0014858841010401188
2824 0.0014858841010401188
2982 0.0014858841010401188
2986 0.0014858841010401188
3045 0.0014858841010401188
3093 0.0014858841010401188
3094 0.0014858841010401188
691 0.0014858841010401188
762 0.0014858841010401188
949 0.0014858841010401188
914 0.0014858841010401188
5 0.0014858841010401188
915 0.0014858841010401188
917 0.0014858841010401188
984 0.0014858841010401188
989 0.0014858841010401188
990 0.0014858841010401188
1012 0.0014858841010401188
1098 0.0014858841010401188
1122 0.0014858841010401188
1138 0.0014858841010401188
1139 0.0014858841010401188
1141 0.0014858841010401188
1200 0.0014858841010401188
1223 0.0014858841010401188
1265 0.0014858841010401188
1336 0.0014858841010401188
1455 0.0014858841010401188
1477 0.0014858841010401188
1487 0.0014858841010401188
1491 0.0014858841010401188
483 0.0014858841010401188
584 0.0014858841010401188
3003 0.0014858841010401188
669 0.0014858841010401188
680 0.0014858841010401188
763 0.0014858841010401188
823 0.0014858841010401188
6 0.0014858841010401188
1678 0.0014858841010401188
1927 0.0014858841010401188
2097 0.0014858841010401188
2147 0.0014858841010401188
2163 0.0014858841010401188
2187 0.0014858841010401188
2329 0.0014858841010401188
2345 0.0014858841010401188
2367 0.0014858841010401188
2407 0.0014858841010401188
2478 0.0014858841010401188
2479 0.0014858841010401188
2480 0.0014858841010401188
2538 0.0014858841010401188
