intellectual 0.09414615873739667
isolation 0.09414615873739667
ca701215 0.05096716465274298
finiteness 0.016853932584269662
assumptions 0.011235955056179775
and 0.0056179775280898875
of 0.0056179775280898875
computer 0.0056179775280898875
scientists 0.0056179775280898875
cacm 0.0056179775280898875
december 0.0056179775280898875
1970 0.0056179775280898875
wagner 0.0056179775280898875
r 0.0056179775280898875
a 0.0056179775280898875
algol 0.0056179775280898875
vs 0.0056179775280898875
fortran 0.0056179775280898875
integer 0.0056179775280898875
variable 0.0056179775280898875
range 0.0056179775280898875
memory 0.0056179775280898875
finite 0.0056179775280898875
word 0.0056179775280898875
size 0.0056179775280898875
2.2 0.0056179775280898875
4.22 0.0056179775280898875
5.23 0.0056179775280898875
jb 0.0056179775280898875
february 0.0056179775280898875
9 0.0056179775280898875
1978 0.0056179775280898875
2 0.0056179775280898875
38 0.0056179775280898875
pm 0.0056179775280898875
249 0.0056179775280898875
4 0.0056179775280898875
1949 0.0056179775280898875
254 0.0056179775280898875
272 0.0056179775280898875
1102 0.0056179775280898875
1109 0.0056179775280898875
1140 0.0056179775280898875
1188 0.0056179775280898875
1306 0.0056179775280898875
1464 0.0056179775280898875
1491 0.0056179775280898875
1767 0.0056179775280898875
1781 0.0056179775280898875
1787 0.0056179775280898875
321 0.0056179775280898875
2059 0.0056179775280898875
2126 0.0056179775280898875
435 0.0056179775280898875
437 0.0056179775280898875
463 0.0056179775280898875
483 0.0056179775280898875
491 0.0056179775280898875
2732 0.0056179775280898875
560 0.0056179775280898875
583 0.0056179775280898875
3073 0.0056179775280898875
627 0.0056179775280898875
631 0.0056179775280898875
632 0.0056179775280898875
642 0.0056179775280898875
644 0.0056179775280898875
653 0.0056179775280898875
680 0.0056179775280898875
761 0.0056179775280898875
762 0.0056179775280898875
763 0.0056179775280898875
123 0.0056179775280898875
140 0.0056179775280898875
919 0.0056179775280898875
989 0.0056179775280898875
196 0.0056179775280898875
5 0.0056179775280898875
946 0.0056179775280898875
