ca701208 0.09969401437569507
sale 0.08199415578410679
mathieu 0.03296703296703297
characteristic 0.02197802197802198
s 0.02197802197802198
differential 0.02197802197802198
equation 0.02197802197802198
solution 0.02197802197802198
values 0.01098901098901099
and 0.01098901098901099
associated 0.01098901098901099
solutions 0.01098901098901099
of 0.01098901098901099
algorithm 0.01098901098901099
352 0.01098901098901099
s22 0.01098901098901099
cacm 0.01098901098901099
december 0.01098901098901099
1970 0.01098901098901099
a 0.01098901098901099
h 0.01098901098901099
j 0.01098901098901099
function 0.01098901098901099
value 0.01098901098901099
periodic 0.01098901098901099
radial 0.01098901098901099
5.12 0.01098901098901099
jb 0.01098901098901099
february 0.01098901098901099
9 0.01098901098901099
19783 0.01098901098901099
10 0.01098901098901099
pm 0.01098901098901099
1613 0.01098901098901099
4 0.01098901098901099
1955 0.01098901098901099
1646 0.01098901098901099
1900 0.01098901098901099
2025 0.01098901098901099
2154 0.01098901098901099
2365 0.01098901098901099
2506 0.01098901098901099
3060 0.01098901098901099
987 0.01098901098901099
5 0.01098901098901099
2653 0.01098901098901099
2654 0.01098901098901099
6 0.01098901098901099
