ca600501 0.014242002053670724
backus 0.01315385891307426
report 0.0015698587127158557
on 0.0015698587127158557
the 0.0015698587127158557
algorithmic 0.0015698587127158557
language 0.0015698587127158557
algol 0.0015698587127158557
60 0.0015698587127158557
naur 0.0015698587127158557
p 0.0015698587127158557
j 0.0015698587127158557
cacm 0.0015698587127158557
may 0.0015698587127158557
1960 0.0015698587127158557
jb 0.0015698587127158557
march 0.0015698587127158557
22 0.0015698587127158557
1978 0.0015698587127158557
1 0.0015698587127158557
34 0.0015698587127158557
pm 0.0015698587127158557
123 0.0015698587127158557
5 0.0015698587127158557
196 0.0015698587127158557
140 0.0015698587127158557
919 0.0015698587127158557
989 0.0015698587127158557
1102 0.0015698587127158557
1109 0.0015698587127158557
1140 0.0015698587127158557
1188 0.0015698587127158557
1306 0.0015698587127158557
249 0.0015698587127158557
254 0.0015698587127158557
272 0.0015698587127158557
1464 0.0015698587127158557
1491 0.0015698587127158557
1767 0.0015698587127158557
1781 0.0015698587127158557
1787 0.0015698587127158557
1949 0.0015698587127158557
321 0.0015698587127158557
2059 0.0015698587127158557
2126 0.0015698587127158557
2732 0.0015698587127158557
435 0.0015698587127158557
437 0.0015698587127158557
463 0.0015698587127158557
483 0.0015698587127158557
491 0.0015698587127158557
560 0.0015698587127158557
583 0.0015698587127158557
3073 0.0015698587127158557
627 0.0015698587127158557
631 0.0015698587127158557
632 0.0015698587127158557
642 0.0015698587127158557
644 0.0015698587127158557
653 0.0015698587127158557
680 0.0015698587127158557
761 0.0015698587127158557
762 0.0015698587127158557
763 0.0015698587127158557
6 0.0015698587127158557
823 0.0015698587127158557
106 0.0015698587127158557
152 0.0015698587127158557
165 0.0015698587127158557
168 0.0015698587127158557
185 0.0015698587127158557
946 0.0015698587127158557
947 0.0015698587127158557
990 0.0015698587127158557
1007 0.0015698587127158557
1046 0.0015698587127158557
1131 0.0015698587127158557
1139 0.0015698587127158557
1141 0.0015698587127158557
1149 0.0015698587127158557
1198 0.0015698587127158557
1215 0.0015698587127158557
1223 0.0015698587127158557
1265 0.0015698587127158557
1303 0.0015698587127158557
1323 0.0015698587127158557
1358 0.0015698587127158557
1366 0.0015698587127158557
1421 0.0015698587127158557
1460 0.0015698587127158557
1462 0.0015698587127158557
1463 0.0015698587127158557
1467 0.0015698587127158557
1468 0.0015698587127158557
1477 0.0015698587127158557
1496 0.0015698587127158557
1531 0.0015698587127158557
1535 0.0015698587127158557
1565 0.0015698587127158557
1601 0.0015698587127158557
1602 0.0015698587127158557
1613 0.0015698587127158557
1614 0.0015698587127158557
1626 0.0015698587127158557
1641 0.0015698587127158557
1693 0.0015698587127158557
1788 0.0015698587127158557
205 0.0015698587127158557
206 0.0015698587127158557
207 0.0015698587127158557
209 0.0015698587127158557
210 0.0015698587127158557
1834 0.0015698587127158557
224 0.0015698587127158557
271 0.0015698587127158557
288 0.0015698587127158557
303 0.0015698587127158557
316 0.0015698587127158557
381 0.0015698587127158557
387 0.0015698587127158557
398 0.0015698587127158557
11 0.0015698587127158557
46 0.0015698587127158557
51 0.0015698587127158557
400 0.0015698587127158557
401 0.0015698587127158557
402 0.0015698587127158557
404 0.0015698587127158557
406 0.0015698587127158557
410 0.0015698587127158557
412 0.0015698587127158557
464 0.0015698587127158557
3184 0.0015698587127158557
3188 0.0015698587127158557
584 0.0015698587127158557
600 0.0015698587127158557
615 0.0015698587127158557
691 0.0015698587127158557
729 0.0015698587127158557
799 0.0015698587127158557
