pei 0.30088841583094866
ca701116 0.17117274166392923
rokne 0.15044420791547433
matrices 0.05660377358490566
condition 0.03773584905660377
numbers 0.03773584905660377
of 0.018867924528301886
cacm 0.018867924528301886
november 0.018867924528301886
1970 0.018867924528301886
j 0.018867924528301886
eigenvectors 0.018867924528301886
eigenvalues 0.018867924528301886
5.14 0.018867924528301886
jb 0.018867924528301886
february 0.018867924528301886
9 0.018867924528301886
1978 0.018867924528301886
4 0.018867924528301886
21 0.018867924528301886
pm 0.018867924528301886
1963 0.018867924528301886
909 0.018867924528301886
5 0.018867924528301886
475 0.018867924528301886
750 0.018867924528301886
