quicksort 0.07198880346441917
ca701110 0.04749819533082854
emden 0.04174629853151906
increasing 0.005235602094240838
the 0.005235602094240838
efficiency 0.005235602094240838
of 0.005235602094240838
algorithm 0.005235602094240838
402 0.005235602094240838
m1 0.005235602094240838
cacm 0.005235602094240838
november 0.005235602094240838
1970 0.005235602094240838
van 0.005235602094240838
m 0.005235602094240838
h 0.005235602094240838
sorting 0.005235602094240838
5.31 0.005235602094240838
3.73 0.005235602094240838
5.6 0.005235602094240838
4.49 0.005235602094240838
jb 0.005235602094240838
february 0.005235602094240838
9 0.005235602094240838
1978 0.005235602094240838
4 0.005235602094240838
32 0.005235602094240838
pm 0.005235602094240838
1175 0.005235602094240838
1969 0.005235602094240838
1919 0.005235602094240838
1997 0.005235602094240838
2118 0.005235602094240838
2191 0.005235602094240838
2388 0.005235602094240838
2348 0.005235602094240838
2679 0.005235602094240838
3054 0.005235602094240838
3121 0.005235602094240838
5 0.005235602094240838
308 0.005235602094240838
2216 0.005235602094240838
864 0.005235602094240838
6 0.005235602094240838
970 0.005235602094240838
1190 0.005235602094240838
1228 0.005235602094240838
1880 0.005235602094240838
1980 0.005235602094240838
307 0.005235602094240838
309 0.005235602094240838
2017 0.005235602094240838
2042 0.005235602094240838
3187 0.005235602094240838
507 0.005235602094240838
716 0.005235602094240838
776 0.005235602094240838
783 0.005235602094240838
