compacting 0.08110291496036649
ca701106 0.0328701279282183
copied 0.030358725100102547
cheney 0.028889648621449784
keep 0.02637824579333404
list 0.018115942028985508
the 0.010869565217391304
a 0.007246376811594203
nonrecursive 0.007246376811594203
algorithm 0.007246376811594203
structure 0.007246376811594203
garbage 0.007246376811594203
for 0.007246376811594203
compact 0.007246376811594203
is 0.007246376811594203
simple 0.0036231884057971015
scheme 0.0036231884057971015
or 0.0036231884057971015
collector 0.0036231884057971015
suitable 0.0036231884057971015
both 0.0036231884057971015
and 0.0036231884057971015
lisp-like 0.0036231884057971015
structures 0.0036231884057971015
presented 0.0036231884057971015
avoids 0.0036231884057971015
need 0.0036231884057971015
recursion 0.0036231884057971015
by 0.0036231884057971015
using 0.0036231884057971015
partial 0.0036231884057971015
as 0.0036231884057971015
it 0.0036231884057971015
built 0.0036231884057971015
up 0.0036231884057971015
to 0.0036231884057971015
track 0.0036231884057971015
of 0.0036231884057971015
those 0.0036231884057971015
lists 0.0036231884057971015
that 0.0036231884057971015
have 0.0036231884057971015
been 0.0036231884057971015
cacm 0.0036231884057971015
november 0.0036231884057971015
1970 0.0036231884057971015
c 0.0036231884057971015
j 0.0036231884057971015
collection 0.0036231884057971015
lisp 0.0036231884057971015
4.19 0.0036231884057971015
4.49 0.0036231884057971015
jb 0.0036231884057971015
february 0.0036231884057971015
9 0.0036231884057971015
1978 0.0036231884057971015
4 0.0036231884057971015
54 0.0036231884057971015
pm 0.0036231884057971015
1972 0.0036231884057971015
2156 0.0036231884057971015
2168 0.0036231884057971015
2249 0.0036231884057971015
2438 0.0036231884057971015
2723 0.0036231884057971015
2736 0.0036231884057971015
2833 0.0036231884057971015
2855 0.0036231884057971015
3074 0.0036231884057971015
3112 0.0036231884057971015
1826 0.0036231884057971015
5 0.0036231884057971015
1853 0.0036231884057971015
2361 0.0036231884057971015
2513 0.0036231884057971015
3106 0.0036231884057971015
106 0.0036231884057971015
6 0.0036231884057971015
1380 0.0036231884057971015
1549 0.0036231884057971015
1626 0.0036231884057971015
210 0.0036231884057971015
2665 0.0036231884057971015
2766 0.0036231884057971015
2838 0.0036231884057971015
2954 0.0036231884057971015
2998 0.0036231884057971015
731 0.0036231884057971015
