lookup 0.036133017803165704
hints 0.021966477743797216
kaman 0.021966477743797216
ca701105 0.021966477743797216
needing 0.020288155272707758
probe 0.018609832801618306
probes 0.018609832801618306
attributes 0.017628077091913306
hashing 0.014471510272204781
keys 0.01416956480367946
and 0.009685230024213076
hash 0.007263922518159807
is 0.007263922518159807
the 0.004842615012106538
code 0.004842615012106538
per 0.004842615012106538
table 0.004842615012106538
linear 0.002421307506053269
quotient 0.002421307506053269
a 0.002421307506053269
new 0.002421307506053269
method 0.002421307506053269
of 0.002421307506053269
coding 0.002421307506053269
presented 0.002421307506053269
shown 0.002421307506053269
to 0.002421307506053269
possess 0.002421307506053269
desirable 0.002421307506053269
specifically 0.002421307506053269
algorithm 0.002421307506053269
simple 0.002421307506053269
efficient 0.002421307506053269
exhaustive 0.002421307506053269
while 0.002421307506053269
little 0.002421307506053269
time 0.002421307506053269
using 0.002421307506053269
few 0.002421307506053269
performance 0.002421307506053269
data 0.002421307506053269
implementation 0.002421307506053269
are 0.002421307506053269
also 0.002421307506053269
given 0.002421307506053269
cacm 0.002421307506053269
november 0.002421307506053269
1970 0.002421307506053269
bell 0.002421307506053269
j 0.002421307506053269
r 0.002421307506053269
c 0.002421307506053269
h 0.002421307506053269
scatter 0.002421307506053269
storage 0.002421307506053269
calculated 0.002421307506053269
address 0.002421307506053269
search 0.002421307506053269
symbol 0.002421307506053269
3.74 0.002421307506053269
4.9 0.002421307506053269
jb 0.002421307506053269
february 0.002421307506053269
10 0.002421307506053269
1978 0.002421307506053269
8 0.002421307506053269
33 0.002421307506053269
am 0.002421307506053269
1676 0.002421307506053269
4 0.002421307506053269
1973 0.002421307506053269
1682 0.002421307506053269
1728 0.002421307506053269
1860 0.002421307506053269
1992 0.002421307506053269
2018 0.002421307506053269
2032 0.002421307506053269
2033 0.002421307506053269
2107 0.002421307506053269
2109 0.002421307506053269
2138 0.002421307506053269
2203 0.002421307506053269
2251 0.002421307506053269
2359 0.002421307506053269
2524 0.002421307506053269
2530 0.002421307506053269
2537 0.002421307506053269
2543 0.002421307506053269
2552 0.002421307506053269
2559 0.002421307506053269
2573 0.002421307506053269
2770 0.002421307506053269
2974 0.002421307506053269
2991 0.002421307506053269
3053 0.002421307506053269
3083 0.002421307506053269
1785 0.002421307506053269
5 0.002421307506053269
1786 0.002421307506053269
2534 0.002421307506053269
830 0.002421307506053269
6 0.002421307506053269
1328 0.002421307506053269
1329 0.002421307506053269
1787 0.002421307506053269
1869 0.002421307506053269
1959 0.002421307506053269
332 0.002421307506053269
2111 0.002421307506053269
2182 0.002421307506053269
2412 0.002421307506053269
2673 0.002421307506053269
2707 0.002421307506053269
799 0.002421307506053269
