peto 0.11200191738504012
ca701010 0.11200191738504012
sorting 0.04938271604938271
algorithm 0.024691358024691357
minimal 0.024691358024691357
storage 0.024691358024691357
an 0.012345679012345678
efficient 0.012345679012345678
for 0.012345679012345678
with 0.012345679012345678
347 0.012345679012345678
m1 0.012345679012345678
cacm 0.012345679012345678
october 0.012345679012345678
1970 0.012345679012345678
r 0.012345679012345678
ranking 0.012345679012345678
digital 0.012345679012345678
computer 0.012345679012345678
5.31 0.012345679012345678
jb 0.012345679012345678
february 0.012345679012345678
10 0.012345679012345678
1978 0.012345679012345678
9 0.012345679012345678
19 0.012345679012345678
am 0.012345679012345678
1980 0.012345679012345678
5 0.012345679012345678
3054 0.012345679012345678
1175 0.012345679012345678
6 0.012345679012345678
1880 0.012345679012345678
1919 0.012345679012345678
1969 0.012345679012345678
1997 0.012345679012345678
307 0.012345679012345678
308 0.012345679012345678
309 0.012345679012345678
2017 0.012345679012345678
2679 0.012345679012345678
776 0.012345679012345678
