romberg-quadrature 0.07560129423490208
ca701008 0.07560129423490208
wallick 0.06982506773023586
integration 0.025
modified 0.016666666666666666
havie 0.016666666666666666
values 0.016666666666666666
algorithm 0.008333333333333333
400 0.008333333333333333
d1 0.008333333333333333
cacm 0.008333333333333333
october 0.008333333333333333
1970 0.008333333333333333
g 0.008333333333333333
c 0.008333333333333333
numerical 0.008333333333333333
romberg 0.008333333333333333
quadrature 0.008333333333333333
trapezoid 0.008333333333333333
rectangle 0.008333333333333333
5.16 0.008333333333333333
jb 0.008333333333333333
february 0.008333333333333333
10 0.008333333333333333
1978 0.008333333333333333
9 0.008333333333333333
22 0.008333333333333333
am 0.008333333333333333
205 0.008333333333333333
4 0.008333333333333333
1982 0.008333333333333333
210 0.008333333333333333
214 0.008333333333333333
1352 0.008333333333333333
398 0.008333333333333333
2040 0.008333333333333333
2355 0.008333333333333333
642 0.008333333333333333
669 0.008333333333333333
100 0.008333333333333333
123 0.008333333333333333
164 0.008333333333333333
1 0.008333333333333333
5 0.008333333333333333
1273 0.008333333333333333
1883 0.008333333333333333
324 0.008333333333333333
2415 0.008333333333333333
1040 0.008333333333333333
6 0.008333333333333333
2074 0.008333333333333333
