seppanen 0.2749137972178258
ca701007 0.2749137972178258
tree 0.09090909090909091
spanning 0.06060606060606061
j 0.06060606060606061
h 0.030303030303030304
algorithm 0.030303030303030304
399 0.030303030303030304
cacm 0.030303030303030304
october 0.030303030303030304
1970 0.030303030303030304
graph 0.030303030303030304
5.32 0.030303030303030304
jb 0.030303030303030304
february 0.030303030303030304
10 0.030303030303030304
1978 0.030303030303030304
9 0.030303030303030304
24 0.030303030303030304
am 0.030303030303030304
1983 0.030303030303030304
5 0.030303030303030304
