t-quantiles 0.19722076756930979
quantile 0.19722076756930979
ca701004 0.19722076756930979
student 0.043478260869565216
s 0.043478260869565216
s14 0.021739130434782608
algorithm 0.021739130434782608
396 0.021739130434782608
cacm 0.021739130434782608
october 0.021739130434782608
1970 0.021739130434782608
hill 0.021739130434782608
g 0.021739130434782608
w 0.021739130434782608
t-statistic 0.021739130434782608
asymptotic 0.021739130434782608
approximation 0.021739130434782608
5.12 0.021739130434782608
5.5 0.021739130434782608
jb 0.021739130434782608
february 0.021739130434782608
10 0.021739130434782608
1978 0.021739130434782608
9 0.021739130434782608
29 0.021739130434782608
am 0.021739130434782608
1986 0.021739130434782608
4 0.021739130434782608
2315 0.021739130434782608
5 0.021739130434782608
1987 0.021739130434782608
