ca701003 0.08173112890259684
student 0.018018018018018018
s 0.018018018018018018
t-distribution 0.009009009009009009
s14 0.009009009009009009
algorithm 0.009009009009009009
395 0.009009009009009009
cacm 0.009009009009009009
october 0.009009009009009009
1970 0.009009009009009009
hill 0.009009009009009009
g 0.009009009009009009
w 0.009009009009009009
t-statistic 0.009009009009009009
distribution 0.009009009009009009
function 0.009009009009009009
approximation 0.009009009009009009
asymptotic 0.009009009009009009
expansion 0.009009009009009009
5.12 0.009009009009009009
5.5 0.009009009009009009
jb 0.009009009009009009
february 0.009009009009009009
10 0.009009009009009009
1978 0.009009009009009009
9 0.009009009009009009
31 0.009009009009009009
am 0.009009009009009009
1157 0.009009009009009009
4 0.009009009009009009
1987 0.009009009009009009
1779 0.009009009009009009
1920 0.009009009009009009
1944 0.009009009009009009
2427 0.009009009009009009
2548 0.009009009009009009
1561 0.009009009009009009
5 0.009009009009009009
1581 0.009009009009009009
1986 0.009009009009009009
2315 0.009009009009009009
714 0.009009009009009009
1348 0.009009009009009009
6 0.009009009009009009
1834 0.009009009009009009
728 0.009009009009009009
