ca700915 0.29265017123187903
numerical 0.0967741935483871
constants 0.06451612903225806
algorithm 0.06451612903225806
cacm 0.03225806451612903
september 0.03225806451612903
1970 0.03225806451612903
dunham 0.03225806451612903
c 0.03225806451612903
b 0.03225806451612903
5.10 0.03225806451612903
jb 0.03225806451612903
february 0.03225806451612903
10 0.03225806451612903
1978 0.03225806451612903
9 0.03225806451612903
48 0.03225806451612903
am 0.03225806451612903
1990 0.03225806451612903
5 0.03225806451612903
