ca700913 0.04774818583256974
lamport 0.036797181826884115
clustering 0.03423858703122296
hash 0.010526315789473684
code 0.010526315789473684
table 0.010526315789473684
comment 0.005263157894736842
on 0.005263157894736842
bell 0.005263157894736842
s 0.005263157894736842
quadratic 0.005263157894736842
quotient 0.005263157894736842
method 0.005263157894736842
for 0.005263157894736842
searching 0.005263157894736842
cacm 0.005263157894736842
september 0.005263157894736842
1970 0.005263157894736842
l 0.005263157894736842
hashing 0.005263157894736842
scatter 0.005263157894736842
storage 0.005263157894736842
calculated 0.005263157894736842
address 0.005263157894736842
search 0.005263157894736842
symbol 0.005263157894736842
keys 0.005263157894736842
look-up 0.005263157894736842
3.74 0.005263157894736842
4.9 0.005263157894736842
jb 0.005263157894736842
february 0.005263157894736842
10 0.005263157894736842
1978 0.005263157894736842
9 0.005263157894736842
56 0.005263157894736842
am 0.005263157894736842
1860 0.005263157894736842
4 0.005263157894736842
1992 0.005263157894736842
1973 0.005263157894736842
2018 0.005263157894736842
2033 0.005263157894736842
2107 0.005263157894736842
2109 0.005263157894736842
2138 0.005263157894736842
2203 0.005263157894736842
2251 0.005263157894736842
2530 0.005263157894736842
2537 0.005263157894736842
2543 0.005263157894736842
2559 0.005263157894736842
2573 0.005263157894736842
2770 0.005263157894736842
2991 0.005263157894736842
3053 0.005263157894736842
3083 0.005263157894736842
1786 0.005263157894736842
5 0.005263157894736842
1329 0.005263157894736842
6 0.005263157894736842
1785 0.005263157894736842
1869 0.005263157894736842
2412 0.005263157894736842
2673 0.005263157894736842
2707 0.005263157894736842
