ca700911 0.16200277336050448
decision 0.05357142857142857
table 0.05357142857142857
translation 0.03571428571428571
h 0.017857142857142856
algorithm 0.017857142857142856
394 0.017857142857142856
cacm 0.017857142857142856
september 0.017857142857142856
1970 0.017857142857142856
dial 0.017857142857142856
r 0.017857142857142856
b 0.017857142857142856
4.19 0.017857142857142856
jb 0.017857142857142856
february 0.017857142857142856
10 0.017857142857142856
1978 0.017857142857142856
05 0.017857142857142856
am 0.017857142857142856
1354 0.017857142857142856
4 0.017857142857142856
1994 0.017857142857142856
1488 0.017857142857142856
2053 0.017857142857142856
2220 0.017857142857142856
2273 0.017857142857142856
1237 0.017857142857142856
5 0.017857142857142856
