ca700811 0.2520043141163403
symmetric 0.08333333333333333
polynomials 0.08333333333333333
unitary 0.05555555555555555
z 0.027777777777777776
algorithm 0.027777777777777776
391 0.027777777777777776
cacm 0.027777777777777776
august 0.027777777777777776
1970 0.027777777777777776
mckay 0.027777777777777776
j 0.027777777777777776
5.11 0.027777777777777776
5.30 0.027777777777777776
5.5 0.027777777777777776
jb 0.027777777777777776
february 0.027777777777777776
10 0.027777777777777776
1978 0.027777777777777776
3 0.027777777777777776
19 0.027777777777777776
pm 0.027777777777777776
2010 0.027777777777777776
5 0.027777777777777776
