walsh 0.5562936990362889
sequency 0.42196071200875584
ca700810 0.21098035600437792
hubner 0.1854312330120963
functions 0.06976744186046512
ordered 0.046511627906976744
s22 0.023255813953488372
algorithm 0.023255813953488372
390 0.023255813953488372
cacm 0.023255813953488372
august 0.023255813953488372
1970 0.023255813953488372
h 0.023255813953488372
5.12 0.023255813953488372
5.13 0.023255813953488372
jb 0.023255813953488372
february 0.023255813953488372
10 0.023255813953488372
1978 0.023255813953488372
3 0.023255813953488372
20 0.023255813953488372
pm 0.023255813953488372
2011 0.023255813953488372
4 0.023255813953488372
5 0.023255813953488372
2012 0.023255813953488372
