ca700809 0.18514602669771937
walsh 0.061224489795918366
functions 0.061224489795918366
binary 0.04081632653061224
ordered 0.04081632653061224
s22 0.02040816326530612
algorithm 0.02040816326530612
389 0.02040816326530612
cacm 0.02040816326530612
august 0.02040816326530612
1970 0.02040816326530612
hubner 0.02040816326530612
h 0.02040816326530612
5.12 0.02040816326530612
5.13 0.02040816326530612
jb 0.02040816326530612
february 0.02040816326530612
10 0.02040816326530612
1978 0.02040816326530612
3 0.02040816326530612
22 0.02040816326530612
pm 0.02040816326530612
2012 0.02040816326530612
4 0.02040816326530612
2011 0.02040816326530612
5 0.02040816326530612
2013 0.02040816326530612
6 0.02040816326530612
