rademacher 0.4903867734155811
ca700808 0.24519338670779056
function 0.05405405405405406
s22 0.02702702702702703
algorithm 0.02702702702702703
388 0.02702702702702703
cacm 0.02702702702702703
august 0.02702702702702703
1970 0.02702702702702703
hubner 0.02702702702702703
h 0.02702702702702703
5.12 0.02702702702702703
5.13 0.02702702702702703
jb 0.02702702702702703
february 0.02702702702702703
10 0.02702702702702703
1978 0.02702702702702703
3 0.02702702702702703
23 0.02702702702702703
pm 0.02702702702702703
2012 0.02702702702702703
5 0.02702702702702703
2013 0.02702702702702703
6 0.02702702702702703
