the 0.022988505747126436
m44 0.02085552944411092
44x 0.02085552944411092
brawn 0.02085552944411092
gustavson 0.02085552944411092
mankin 0.02085552944411092
ca700804 0.02085552944411092
of 0.01839080459770115
paging 0.011494252873563218
sorting 0.009195402298850575
in 0.006896551724137931
a 0.006896551724137931
environment 0.006896551724137931
was 0.006896551724137931
measurement 0.006896551724137931
experimental 0.006896551724137931
virtual 0.006896551724137931
for 0.006896551724137931
study 0.004597701149425287
an 0.004597701149425287
and 0.004597701149425287
at 0.004597701149425287
to 0.004597701149425287
dynamic 0.004597701149425287
memory 0.004597701149425287
machines 0.004597701149425287
sort 0.004597701149425287
programs 0.004597701149425287
performance 0.004597701149425287
s 0.004597701149425287
systems 0.004597701149425287
this 0.0022988505747126436
part 0.0022988505747126436
extensive 0.0022988505747126436
project 0.0022988505747126436
undertaken 0.0022988505747126436
on 0.0022988505747126436
system 0.0022988505747126436
which 0.0022988505747126436
conceived 0.0022988505747126436
implemented 0.0022988505747126436
ibm 0.0022988505747126436
research 0.0022988505747126436
order 0.0022988505747126436
explore 0.0022988505747126436
machine 0.0022988505747126436
concept 0.0022988505747126436
concerned 0.0022988505747126436
with 0.0022988505747126436
implementation 0.0022988505747126436
procedures 0.0022988505747126436
context 0.0022988505747126436
characteristic 0.0022988505747126436
descriptions 0.0022988505747126436
analysis 0.0022988505747126436
results 0.0022988505747126436
obtained 0.0022988505747126436
them 0.0022988505747126436
are 0.0022988505747126436
presented 0.0022988505747126436
insight 0.0022988505747126436
gained 0.0022988505747126436
from 0.0022988505747126436
effort 0.0022988505747126436
is 0.0022988505747126436
used 0.0022988505747126436
arrive 0.0022988505747126436
set 0.0022988505747126436
broad 0.0022988505747126436
guidelines 0.0022988505747126436
writing 0.0022988505747126436
cacm 0.0022988505747126436
august 0.0022988505747126436
1970 0.0022988505747126436
b 0.0022988505747126436
g 0.0022988505747126436
e 0.0022988505747126436
merging 0.0022988505747126436
storage 0.0022988505747126436
allocation 0.0022988505747126436
program 0.0022988505747126436
behavior 0.0022988505747126436
evaluation 0.0022988505747126436
management 0.0022988505747126436
4.32 0.0022988505747126436
4.49 0.0022988505747126436
4.9 0.0022988505747126436
5.31 0.0022988505747126436
jb 0.0022988505747126436
february 0.0022988505747126436
10 0.0022988505747126436
1978 0.0022988505747126436
3 0.0022988505747126436
51 0.0022988505747126436
pm 0.0022988505747126436
1050 0.0022988505747126436
4 0.0022988505747126436
2017 0.0022988505747126436
1117 0.0022988505747126436
1175 0.0022988505747126436
1919 0.0022988505747126436
1935 0.0022988505747126436
1936 0.0022988505747126436
1956 0.0022988505747126436
2032 0.0022988505747126436
2041 0.0022988505747126436
2146 0.0022988505747126436
2216 0.0022988505747126436
2257 0.0022988505747126436
2360 0.0022988505747126436
2451 0.0022988505747126436
2452 0.0022988505747126436
677 0.0022988505747126436
851 0.0022988505747126436
860 0.0022988505747126436
861 0.0022988505747126436
5 0.0022988505747126436
2319 0.0022988505747126436
2582 0.0022988505747126436
2669 0.0022988505747126436
3054 0.0022988505747126436
849 0.0022988505747126436
850 0.0022988505747126436
852 0.0022988505747126436
853 0.0022988505747126436
854 0.0022988505747126436
855 0.0022988505747126436
856 0.0022988505747126436
858 0.0022988505747126436
857 0.0022988505747126436
859 0.0022988505747126436
862 0.0022988505747126436
863 0.0022988505747126436
864 0.0022988505747126436
865 0.0022988505747126436
866 0.0022988505747126436
6 0.0022988505747126436
1408 0.0022988505747126436
1719 0.0022988505747126436
1749 0.0022988505747126436
1751 0.0022988505747126436
1880 0.0022988505747126436
1901 0.0022988505747126436
1924 0.0022988505747126436
1969 0.0022988505747126436
1980 0.0022988505747126436
1997 0.0022988505747126436
307 0.0022988505747126436
308 0.0022988505747126436
309 0.0022988505747126436
2016 0.0022988505747126436
2080 0.0022988505747126436
2130 0.0022988505747126436
2188 0.0022988505747126436
2203 0.0022988505747126436
2204 0.0022988505747126436
2358 0.0022988505747126436
2679 0.0022988505747126436
776 0.0022988505747126436
