homomorphic 0.10080172564653612
ca700716 0.10080172564653612
hunt 0.08290520195948575
axiomatic 0.022222222222222223
programming 0.022222222222222223
a 0.011111111111111112
comment 0.011111111111111112
on 0.011111111111111112
approaches 0.011111111111111112
to 0.011111111111111112
cacm 0.011111111111111112
july 0.011111111111111112
1970 0.011111111111111112
b 0.011111111111111112
method 0.011111111111111112
proofs 0.011111111111111112
of 0.011111111111111112
programs 0.011111111111111112
structure 0.011111111111111112
in 0.011111111111111112
4.0 0.011111111111111112
4.21 0.011111111111111112
4.22 0.011111111111111112
5.20 0.011111111111111112
5.21 0.011111111111111112
5.23 0.011111111111111112
5.24 0.011111111111111112
jb 0.011111111111111112
february 0.011111111111111112
10 0.011111111111111112
1978 0.011111111111111112
4 0.011111111111111112
15 0.011111111111111112
pm 0.011111111111111112
2021 0.011111111111111112
2222 0.011111111111111112
2227 0.011111111111111112
2315 0.011111111111111112
2326 0.011111111111111112
2470 0.011111111111111112
2732 0.011111111111111112
2865 0.011111111111111112
2896 0.011111111111111112
2943 0.011111111111111112
3014 0.011111111111111112
3068 0.011111111111111112
3077 0.011111111111111112
3143 0.011111111111111112
1834 0.011111111111111112
5 0.011111111111111112
