ca700714 0.13540530310728732
baecker 0.11471434249355761
data 0.029850746268656716
base 0.029850746268656716
a 0.014925373134328358
note 0.014925373134328358
on 0.014925373134328358
deadlocks 0.014925373134328358
cacm 0.014925373134328358
july 0.014925373134328358
1970 0.014925373134328358
h 0.014925373134328358
d 0.014925373134328358
synchronization 0.014925373134328358
locking 0.014925373134328358
deadlock 0.014925373134328358
reference 0.014925373134328358
count 0.014925373134328358
3.73 0.014925373134328358
jb 0.014925373134328358
february 0.014925373134328358
10 0.014925373134328358
1978 0.014925373134328358
4 0.014925373134328358
18 0.014925373134328358
pm 0.014925373134328358
1050 0.014925373134328358
2023 0.014925373134328358
1393 0.014925373134328358
1549 0.014925373134328358
2168 0.014925373134328358
3112 0.014925373134328358
627 0.014925373134328358
106 0.014925373134328358
5 0.014925373134328358
1878 0.014925373134328358
