332,344,351,359 0.12600215705817014
ca700712 0.12600215705817014
student 0.013888888888888888
s 0.013888888888888888
t-distribution 0.013888888888888888
jacobi 0.013888888888888888
polynomials 0.013888888888888888
modified 0.013888888888888888
romberg 0.013888888888888888
quadrature 0.013888888888888888
factorial 0.013888888888888888
analysis 0.013888888888888888
of 0.013888888888888888
variance 0.013888888888888888
algorithms 0.013888888888888888
cacm 0.013888888888888888
july 0.013888888888888888
1970 0.013888888888888888
sale 0.013888888888888888
a 0.013888888888888888
h 0.013888888888888888
j 0.013888888888888888
fortran 0.013888888888888888
standards 0.013888888888888888
4.0 0.013888888888888888
4.22 0.013888888888888888
jb 0.013888888888888888
february 0.013888888888888888
10 0.013888888888888888
1978 0.013888888888888888
4 0.013888888888888888
26 0.013888888888888888
pm 0.013888888888888888
1613 0.013888888888888888
2025 0.013888888888888888
1646 0.013888888888888888
1900 0.013888888888888888
1955 0.013888888888888888
2154 0.013888888888888888
2365 0.013888888888888888
2506 0.013888888888888888
3060 0.013888888888888888
987 0.013888888888888888
5 0.013888888888888888
