explainedesults 0.05012240501761464
eve 0.05012240501761464
ca700705 0.05012240501761464
structures 0.022099447513812154
file 0.016574585635359115
hashing 0.016574585635359115
of 0.016574585635359115
functions 0.011049723756906077
a 0.011049723756906077
is 0.011049723756906077
to 0.011049723756906077
tree 0.011049723756906077
trees 0.011049723756906077
are 0.011049723756906077
and 0.011049723756906077
the 0.011049723756906077
using 0.0055248618784530384
general 0.0055248618784530384
method 0.0055248618784530384
structuring 0.0055248618784530384
proposed 0.0055248618784530384
which 0.0055248618784530384
uses 0.0055248618784530384
function 0.0055248618784530384
define 0.0055248618784530384
structure 0.0055248618784530384
two 0.0055248618784530384
types 0.0055248618784530384
such 0.0055248618784530384
examined 0.0055248618784530384
their 0.0055248618784530384
relation 0.0055248618784530384
studied 0.0055248618784530384
in 0.0055248618784530384
past 0.0055248618784530384
for 0.0055248618784530384
probability 0.0055248618784530384
distributions 0.0055248618784530384
path 0.0055248618784530384
lengths 0.0055248618784530384
derived 0.0055248618784530384
illustrated 0.0055248618784530384
cacm 0.0055248618784530384
july 0.0055248618784530384
1970 0.0055248618784530384
coffman 0.0055248618784530384
jr 0.0055248618784530384
e 0.0055248618784530384
g 0.0055248618784530384
j 0.0055248618784530384
data 0.0055248618784530384
scatter 0.0055248618784530384
tables 0.0055248618784530384
information 0.0055248618784530384
retrieval 0.0055248618784530384
3.70 0.0055248618784530384
3.74 0.0055248618784530384
jb 0.0055248618784530384
february 0.0055248618784530384
13 0.0055248618784530384
1978 0.0055248618784530384
8 0.0055248618784530384
49 0.0055248618784530384
am 0.0055248618784530384
1050 0.0055248618784530384
4 0.0055248618784530384
2032 0.0055248618784530384
1676 0.0055248618784530384
1682 0.0055248618784530384
1728 0.0055248618784530384
1860 0.0055248618784530384
1935 0.0055248618784530384
1936 0.0055248618784530384
1973 0.0055248618784530384
2017 0.0055248618784530384
2018 0.0055248618784530384
2033 0.0055248618784530384
2107 0.0055248618784530384
2109 0.0055248618784530384
2203 0.0055248618784530384
2251 0.0055248618784530384
2257 0.0055248618784530384
2360 0.0055248618784530384
2359 0.0055248618784530384
2451 0.0055248618784530384
2452 0.0055248618784530384
2524 0.0055248618784530384
2543 0.0055248618784530384
2552 0.0055248618784530384
2559 0.0055248618784530384
2991 0.0055248618784530384
3053 0.0055248618784530384
1785 0.0055248618784530384
5 0.0055248618784530384
849 0.0055248618784530384
