ca700615 0.0708762133452207
romberg 0.0234375
quadrature 0.0234375
modified 0.015625
values 0.015625
algorithm 0.0078125
351 0.0078125
d1 0.0078125
cacm 0.0078125
june 0.0078125
1970 0.0078125
wallick 0.0078125
g 0.0078125
c 0.0078125
numerical 0.0078125
integration 0.0078125
trapezoid 0.0078125
rectangle 0.0078125
5.16 0.0078125
jb 0.0078125
february 0.0078125
13 0.0078125
1978 0.0078125
10 0.0078125
27 0.0078125
am 0.0078125
1040 0.0078125
4 0.0078125
2040 0.0078125
1352 0.0078125
1356 0.0078125
1883 0.0078125
1982 0.0078125
1241 0.0078125
5 0.0078125
1273 0.0078125
324 0.0078125
2355 0.0078125
621 0.0078125
1418 0.0078125
6 0.0078125
1521 0.0078125
1597 0.0078125
2350 0.0078125
2354 0.0078125
