ca700614 0.16200277336050448
chandler 0.1496251451362197
sorting 0.05357142857142857
shellsort 0.017857142857142856
algorithm 0.017857142857142856
201 0.017857142857142856
m1 0.017857142857142856
cacm 0.017857142857142856
june 0.017857142857142856
1970 0.017857142857142856
j 0.017857142857142856
p 0.017857142857142856
harrison 0.017857142857142856
w 0.017857142857142856
c 0.017857142857142856
minimal 0.017857142857142856
storage 0.017857142857142856
digital 0.017857142857142856
computer 0.017857142857142856
5.31 0.017857142857142856
jb 0.017857142857142856
february 0.017857142857142856
13 0.017857142857142856
1978 0.017857142857142856
10 0.017857142857142856
29 0.017857142857142856
am 0.017857142857142856
1175 0.017857142857142856
4 0.017857142857142856
2041 0.017857142857142856
1919 0.017857142857142856
2017 0.017857142857142856
2216 0.017857142857142856
5 0.017857142857142856
864 0.017857142857142856
