certification 0.08132405751111418
ca700613 0.05600095869252006
london 0.051722272392767304
metatheory 0.051722272392767304
in-place 0.04921940135506259
algorithm 0.024691358024691357
the 0.018518518518518517
of 0.018518518518518517
an 0.018518518518518517
sorting 0.018518518518518517
treesort 0.012345679012345678
proof 0.012345679012345678
is 0.012345679012345678
correct 0.012345679012345678
3 0.006172839506172839
245 0.006172839506172839
m1 0.006172839506172839
can 0.006172839506172839
take 0.006172839506172839
form 0.006172839506172839
a 0.006172839506172839
that 0.006172839506172839
as 0.006172839506172839
illustrative 0.006172839506172839
but 0.006172839506172839
practical 0.006172839506172839
example 0.006172839506172839
for 0.006172839506172839
array 0.006172839506172839
proved 0.006172839506172839
cacm 0.006172839506172839
june 0.006172839506172839
1970 0.006172839506172839
r 0.006172839506172839
l 0.006172839506172839
algorithms 0.006172839506172839
debugging 0.006172839506172839
4.42 0.006172839506172839
4.49 0.006172839506172839
5.24 0.006172839506172839
5.31 0.006172839506172839
jb 0.006172839506172839
february 0.006172839506172839
13 0.006172839506172839
1978 0.006172839506172839
10 0.006172839506172839
32 0.006172839506172839
am 0.006172839506172839
2042 0.006172839506172839
4 0.006172839506172839
2222 0.006172839506172839
2356 0.006172839506172839
2679 0.006172839506172839
2844 0.006172839506172839
2972 0.006172839506172839
970 0.006172839506172839
5 0.006172839506172839
1228 0.006172839506172839
6 0.006172839506172839
1175 0.006172839506172839
1190 0.006172839506172839
1800 0.006172839506172839
1818 0.006172839506172839
1834 0.006172839506172839
1969 0.006172839506172839
1997 0.006172839506172839
308 0.006172839506172839
3187 0.006172839506172839
507 0.006172839506172839
716 0.006172839506172839
783 0.006172839506172839
