ca700612 0.1314805117128732
eigenvalues 0.028985507246376812
eigenvectors 0.028985507246376812
real 0.028985507246376812
symmetric 0.028985507246376812
matrix 0.028985507246376812
algorithm 0.028985507246376812
and 0.014492753623188406
of 0.014492753623188406
a 0.014492753623188406
f2 0.014492753623188406
384 0.014492753623188406
cacm 0.014492753623188406
june 0.014492753623188406
1970 0.014492753623188406
stewart 0.014492753623188406
g 0.014492753623188406
w 0.014492753623188406
qr 0.014492753623188406
5.14 0.014492753623188406
jb 0.014492753623188406
february 0.014492753623188406
13 0.014492753623188406
1978 0.014492753623188406
10 0.014492753623188406
34 0.014492753623188406
am 0.014492753623188406
2043 0.014492753623188406
5 0.014492753623188406
2349 0.014492753623188406
1648 0.014492753623188406
6 0.014492753623188406
1716 0.014492753623188406
1794 0.014492753623188406
1894 0.014492753623188406
501 0.014492753623188406
613 0.014492753623188406
774 0.014492753623188406
