ca700611 0.11937046458142433
permutations 0.039473684210526314
of 0.013157894736842105
a 0.013157894736842105
set 0.013157894736842105
with 0.013157894736842105
repetitions 0.013157894736842105
algorithm 0.013157894736842105
383 0.013157894736842105
g6 0.013157894736842105
cacm 0.013157894736842105
june 0.013157894736842105
1970 0.013157894736842105
chase 0.013157894736842105
p 0.013157894736842105
j 0.013157894736842105
and 0.013157894736842105
combinations 0.013157894736842105
5.39 0.013157894736842105
jb 0.013157894736842105
february 0.013157894736842105
13 0.013157894736842105
1978 0.013157894736842105
10 0.013157894736842105
36 0.013157894736842105
am 0.013157894736842105
2044 0.013157894736842105
4 0.013157894736842105
2189 0.013157894736842105
2417 0.013157894736842105
2505 0.013157894736842105
2874 0.013157894736842105
2908 0.013157894736842105
996 0.013157894736842105
5 0.013157894736842105
1558 0.013157894736842105
2230 0.013157894736842105
521 0.013157894736842105
