ca700610 0.10930307600226809
combinations 0.024096385542168676
of 0.024096385542168676
permutations 0.024096385542168676
m 0.012048192771084338
out 0.012048192771084338
n 0.012048192771084338
objects 0.012048192771084338
algorithm 0.012048192771084338
382 0.012048192771084338
g6 0.012048192771084338
cacm 0.012048192771084338
june 0.012048192771084338
1970 0.012048192771084338
chase 0.012048192771084338
p 0.012048192771084338
j 0.012048192771084338
and 0.012048192771084338
5.39 0.012048192771084338
jb 0.012048192771084338
february 0.012048192771084338
13 0.012048192771084338
1978 0.012048192771084338
10 0.012048192771084338
38 0.012048192771084338
am 0.012048192771084338
2045 0.012048192771084338
5 0.012048192771084338
2466 0.012048192771084338
2834 0.012048192771084338
3115 0.012048192771084338
907 0.012048192771084338
6 0.012048192771084338
969 0.012048192771084338
2417 0.012048192771084338
2884 0.012048192771084338
579 0.012048192771084338
785 0.012048192771084338
