macroinstruction 0.027162141641282188
parenthetical 0.027162141641282188
ca600406 0.027162141641282188
of 0.008982035928143712
extensions 0.005988023952095809
compiler 0.005988023952095809
a 0.005988023952095809
to 0.005988023952095809
macro 0.0029940119760479044
instruction 0.0029940119760479044
languages 0.0029940119760479044
compilers 0.0029940119760479044
constructed 0.0029940119760479044
from 0.0029940119760479044
small 0.0029940119760479044
set 0.0029940119760479044
functions 0.0029940119760479044
can 0.0029940119760479044
be 0.0029940119760479044
made 0.0029940119760479044
extremely 0.0029940119760479044
powerful 0.0029940119760479044
in 0.0029940119760479044
particular 0.0029940119760479044
conditional 0.0029940119760479044
assembly 0.0029940119760479044
nested 0.0029940119760479044
definitions 0.0029940119760479044
and 0.0029940119760479044
notation 0.0029940119760479044
serve 0.0029940119760479044
make 0.0029940119760479044
capable 0.0029940119760479044
accepting 0.0029940119760479044
very 0.0029940119760479044
general 0.0029940119760479044
its 0.0029940119760479044
ground 0.0029940119760479044
language 0.0029940119760479044
cacm 0.0029940119760479044
april 0.0029940119760479044
1960 0.0029940119760479044
mcilroy 0.0029940119760479044
m 0.0029940119760479044
d 0.0029940119760479044
jb 0.0029940119760479044
march 0.0029940119760479044
22 0.0029940119760479044
1978 0.0029940119760479044
1 0.0029940119760479044
49 0.0029940119760479044
pm 0.0029940119760479044
205 0.0029940119760479044
4 0.0029940119760479044
210 0.0029940119760479044
214 0.0029940119760479044
1982 0.0029940119760479044
398 0.0029940119760479044
642 0.0029940119760479044
669 0.0029940119760479044
100 0.0029940119760479044
123 0.0029940119760479044
164 0.0029940119760479044
5 0.0029940119760479044
1358 0.0029940119760479044
1565 0.0029940119760479044
1781 0.0029940119760479044
1788 0.0029940119760479044
43 0.0029940119760479044
6 0.0029940119760479044
196 0.0029940119760479044
919 0.0029940119760479044
990 0.0029940119760479044
1006 0.0029940119760479044
1007 0.0029940119760479044
1046 0.0029940119760479044
1131 0.0029940119760479044
1139 0.0029940119760479044
1140 0.0029940119760479044
1149 0.0029940119760479044
1162 0.0029940119760479044
1198 0.0029940119760479044
1215 0.0029940119760479044
1223 0.0029940119760479044
1265 0.0029940119760479044
1303 0.0029940119760479044
1323 0.0029940119760479044
1366 0.0029940119760479044
1421 0.0029940119760479044
1455 0.0029940119760479044
1460 0.0029940119760479044
1462 0.0029940119760479044
1463 0.0029940119760479044
1467 0.0029940119760479044
1468 0.0029940119760479044
1477 0.0029940119760479044
1491 0.0029940119760479044
1496 0.0029940119760479044
1531 0.0029940119760479044
1535 0.0029940119760479044
1601 0.0029940119760479044
1602 0.0029940119760479044
1613 0.0029940119760479044
1614 0.0029940119760479044
1626 0.0029940119760479044
1641 0.0029940119760479044
1787 0.0029940119760479044
224 0.0029940119760479044
249 0.0029940119760479044
288 0.0029940119760479044
316 0.0029940119760479044
381 0.0029940119760479044
11 0.0029940119760479044
404 0.0029940119760479044
410 0.0029940119760479044
463 0.0029940119760479044
464 0.0029940119760479044
483 0.0029940119760479044
3184 0.0029940119760479044
3188 0.0029940119760479044
3189 0.0029940119760479044
584 0.0029940119760479044
600 0.0029940119760479044
680 0.0029940119760479044
691 0.0029940119760479044
729 0.0029940119760479044
763 0.0029940119760479044
799 0.0029940119760479044
