lachenmaier 0.1564164708308319
ca700511 0.1564164708308319
in-situ 0.13747487964689897
rectangular 0.034482758620689655
matrix 0.034482758620689655
subroutine 0.017241379310344827
to 0.017241379310344827
perform 0.017241379310344827
transposition 0.017241379310344827
of 0.017241379310344827
a 0.017241379310344827
algorithm 0.017241379310344827
380 0.017241379310344827
cacm 0.017241379310344827
may 0.017241379310344827
1970 0.017241379310344827
r 0.017241379310344827
transpose 0.017241379310344827
5.14 0.017241379310344827
jb 0.017241379310344827
february 0.017241379310344827
13 0.017241379310344827
1978 0.017241379310344827
1 0.017241379310344827
14 0.017241379310344827
pm 0.017241379310344827
2055 0.017241379310344827
5 0.017241379310344827
2057 0.017241379310344827
2392 0.017241379310344827
1600 0.017241379310344827
6 0.017241379310344827
1894 0.017241379310344827
