laflin 0.14632508561593952
ca700508 0.14632508561593952
a 0.03225806451612903
rectangular 0.03225806451612903
matrix 0.03225806451612903
in-situ 0.016129032258064516
transposition 0.016129032258064516
of 0.016129032258064516
algorithm 0.016129032258064516
380 0.016129032258064516
f1 0.016129032258064516
cacm 0.016129032258064516
may 0.016129032258064516
1970 0.016129032258064516
s 0.016129032258064516
brebner 0.016129032258064516
m 0.016129032258064516
transpose 0.016129032258064516
5.14 0.016129032258064516
jb 0.016129032258064516
february 0.016129032258064516
13 0.016129032258064516
1978 0.016129032258064516
1 0.016129032258064516
21 0.016129032258064516
pm 0.016129032258064516
2057 0.016129032258064516
4 0.016129032258064516
2058 0.016129032258064516
2392 0.016129032258064516
2416 0.016129032258064516
1600 0.016129032258064516
5 0.016129032258064516
6 0.016129032258064516
