syntax-driven 0.06276410582493111
morpurgo 0.03397810976849532
operator-precedence 0.03397810976849532
ca700507 0.03397810976849532
crespi-reghizzi 0.031382052912465555
nonoriented 0.031382052912465555
colored 0.02986345700194809
traversal 0.027945573694208678
5.3 0.027267400145918334
3.2 0.025748804235400862
deletion 0.02534951683817892
language 0.018726591760299626
graphs 0.0149812734082397
of 0.0149812734082397
is 0.0149812734082397
and 0.0149812734082397
a 0.011235955056179775
for 0.011235955056179775
the 0.011235955056179775
graph 0.011235955056179775
algol 0.011235955056179775
as 0.00749063670411985
or 0.00749063670411985
are 0.00749063670411985
by 0.00749063670411985
compiler 0.00749063670411985
operation 0.00749063670411985
research 0.00749063670411985
network 0.00749063670411985
problems 0.00749063670411985
traffic 0.00749063670411985
treating 0.003745318352059925
representation 0.003745318352059925
described 0.003745318352059925
formulation 0.003745318352059925
operations 0.003745318352059925
such 0.003745318352059925
node 0.003745318352059925
link 0.003745318352059925
insertion 0.003745318352059925
union 0.003745318352059925
intersection 0.003745318352059925
comparison 0.003745318352059925
given 0.003745318352059925
represented 0.003745318352059925
linked 0.003745318352059925
lists 0.003745318352059925
syntactically 0.003745318352059925
defined 0.003745318352059925
an 0.003745318352059925
extension 0.003745318352059925
to 0.003745318352059925
60 0.003745318352059925
it 0.003745318352059925
translated 0.003745318352059925
into 0.003745318352059925
means 0.003745318352059925
application 0.003745318352059925
areas 0.003745318352059925
this 0.003745318352059925
control 0.003745318352059925
theory 0.003745318352059925
etc 0.003745318352059925
cacm 0.003745318352059925
may 0.003745318352059925
1970 0.003745318352059925
s 0.003745318352059925
r 0.003745318352059925
oriented 0.003745318352059925
multiple 0.003745318352059925
extended 0.003745318352059925
3.5 0.003745318352059925
4.2 0.003745318352059925
jb 0.003745318352059925
february 0.003745318352059925
13 0.003745318352059925
1978 0.003745318352059925
1 0.003745318352059925
31 0.003745318352059925
pm 0.003745318352059925
249 0.003745318352059925
4 0.003745318352059925
2059 0.003745318352059925
254 0.003745318352059925
272 0.003745318352059925
1102 0.003745318352059925
1109 0.003745318352059925
1140 0.003745318352059925
1188 0.003745318352059925
1306 0.003745318352059925
1464 0.003745318352059925
1491 0.003745318352059925
1767 0.003745318352059925
1781 0.003745318352059925
1787 0.003745318352059925
1949 0.003745318352059925
321 0.003745318352059925
2126 0.003745318352059925
435 0.003745318352059925
437 0.003745318352059925
463 0.003745318352059925
483 0.003745318352059925
491 0.003745318352059925
2732 0.003745318352059925
560 0.003745318352059925
583 0.003745318352059925
3073 0.003745318352059925
627 0.003745318352059925
631 0.003745318352059925
632 0.003745318352059925
642 0.003745318352059925
644 0.003745318352059925
653 0.003745318352059925
680 0.003745318352059925
761 0.003745318352059925
762 0.003745318352059925
763 0.003745318352059925
123 0.003745318352059925
140 0.003745318352059925
919 0.003745318352059925
989 0.003745318352059925
196 0.003745318352059925
5 0.003745318352059925
2178 0.003745318352059925
1303 0.003745318352059925
6 0.003745318352059925
1323 0.003745318352059925
2127 0.003745318352059925
3184 0.003745318352059925
