xtran 0.19302458102528192
ca600405 0.19302458102528192
symbol 0.02127659574468085
manipulation 0.02127659574468085
in 0.02127659574468085
cacm 0.02127659574468085
april 0.02127659574468085
1960 0.02127659574468085
green 0.02127659574468085
j 0.02127659574468085
jb 0.02127659574468085
march 0.02127659574468085
22 0.02127659574468085
1978 0.02127659574468085
1 0.02127659574468085
50 0.02127659574468085
pm 0.02127659574468085
206 0.02127659574468085
4 0.02127659574468085
207 0.02127659574468085
5 0.02127659574468085
64 0.02127659574468085
644 0.02127659574468085
196 0.02127659574468085
6 0.02127659574468085
