sqank 0.06872844930445644
ca700410 0.06872844930445644
lyness 0.06347733430021442
quadrature 0.03787878787878788
integration 0.030303030303030304
rule 0.022727272727272728
numerical 0.015151515151515152
adaptive 0.015151515151515152
automatic 0.015151515151515152
algorithm 0.007575757575757576
379 0.007575757575757576
d1 0.007575757575757576
cacm 0.007575757575757576
april 0.007575757575757576
1970 0.007575757575757576
j 0.007575757575757576
n 0.007575757575757576
simpson 0.007575757575757576
s 0.007575757575757576
round-off 0.007575757575757576
error 0.007575757575757576
control 0.007575757575757576
5.16 0.007575757575757576
jb 0.007575757575757576
february 0.007575757575757576
13 0.007575757575757576
1978 0.007575757575757576
2 0.007575757575757576
46 0.007575757575757576
pm 0.007575757575757576
1352 0.007575757575757576
4 0.007575757575757576
2074 0.007575757575757576
2048 0.007575757575757576
2093 0.007575757575757576
2550 0.007575757575757576
5 0.007575757575757576
2415 0.007575757575757576
429 0.007575757575757576
786 0.007575757575757576
834 0.007575757575757576
872 0.007575757575757576
1040 0.007575757575757576
6 0.007575757575757576
1573 0.007575757575757576
1982 0.007575757575757576
