discretized 0.1374568986089129
newton-like 0.1374568986089129
ca700409 0.1374568986089129
interpolating 0.12081125787151728
method 0.030303030303030304
nonlinear 0.030303030303030304
equations 0.030303030303030304
for 0.015151515151515152
solving 0.015151515151515152
a 0.015151515151515152
system 0.015151515151515152
of 0.015151515151515152
simultaneous 0.015151515151515152
algorithm 0.015151515151515152
378 0.015151515151515152
c5 0.015151515151515152
cacm 0.015151515151515152
april 0.015151515151515152
1970 0.015151515151515152
pankiewicz 0.015151515151515152
w 0.015151515151515152
newton 0.015151515151515152
s 0.015151515151515152
polynomials 0.015151515151515152
5.15 0.015151515151515152
5.13 0.015151515151515152
jb 0.015151515151515152
february 0.015151515151515152
13 0.015151515151515152
1978 0.015151515151515152
2 0.015151515151515152
48 0.015151515151515152
pm 0.015151515151515152
2075 0.015151515151515152
4 0.015151515151515152
5 0.015151515151515152
472 0.015151515151515152
3011 0.015151515151515152
6 0.015151515151515152
2302 0.015151515151515152
2345 0.015151515151515152
2485 0.015151515151515152
