the 0.04152249134948097
invaluable 0.031391540858782874
desalvio 0.031391540858782874
rau 0.031391540858782874
equivalencing 0.031391540858782874
ca700401 0.031391540858782874
purdy 0.028993107708056413
of 0.02422145328719723
common 0.020761245674740483
and 0.01730103806228374
data 0.01384083044982699
a 0.01384083044982699
for 0.01384083044982699
control 0.010380622837370242
definition 0.010380622837370242
j 0.010380622837370242
fortran 0.006920415224913495
method 0.006920415224913495
is 0.006920415224913495
described 0.006920415224913495
user 0.006920415224913495
s 0.006920415224913495
routines 0.006920415224913495
in 0.006920415224913495
to 0.006920415224913495
has 0.006920415224913495
ibm 0.006920415224913495
communication 0.006920415224913495
creation 0.0034602076124567475
internal 0.0034602076124567475
bases 0.0034602076124567475
under 0.0034602076124567475
programming 0.0034602076124567475
environment 0.0034602076124567475
structure 0.0034602076124567475
automatic 0.0034602076124567475
generation 0.0034602076124567475
necessary 0.0034602076124567475
dimension 0.0034602076124567475
equivalence 0.0034602076124567475
type 0.0034602076124567475
declarations 0.0034602076124567475
each 0.0034602076124567475
contained 0.0034602076124567475
an 0.0034602076124567475
easy 0.0034602076124567475
modify 0.0034602076124567475
form 0.0034602076124567475
thus 0.0034602076124567475
allowing 0.0034602076124567475
general 0.0034602076124567475
communications 0.0034602076124567475
between 0.0034602076124567475
system 0.0034602076124567475
been 0.0034602076124567475
implemented 0.0034602076124567475
on 0.0034602076124567475
7094 0.0034602076124567475
cdc 0.0034602076124567475
6000 0.0034602076124567475
series 0.0034602076124567475
360 0.0034602076124567475
proved 0.0034602076124567475
be 0.0034602076124567475
many 0.0034602076124567475
large-scale 0.0034602076124567475
programs 0.0034602076124567475
cacm 0.0034602076124567475
april 0.0034602076124567475
1970 0.0034602076124567475
g 0.0034602076124567475
base 0.0034602076124567475
subroutine 0.0034602076124567475
3.73 0.0034602076124567475
4.12 0.0034602076124567475
4.43 0.0034602076124567475
jb 0.0034602076124567475
february 0.0034602076124567475
13 0.0034602076124567475
1978 0.0034602076124567475
3 0.0034602076124567475
34 0.0034602076124567475
pm 0.0034602076124567475
1086 0.0034602076124567475
4 0.0034602076124567475
2083 0.0034602076124567475
1132 0.0034602076124567475
1234 0.0034602076124567475
1263 0.0034602076124567475
1265 0.0034602076124567475
1270 0.0034602076124567475
1323 0.0034602076124567475
1358 0.0034602076124567475
1379 0.0034602076124567475
1380 0.0034602076124567475
1453 0.0034602076124567475
1464 0.0034602076124567475
1484 0.0034602076124567475
1491 0.0034602076124567475
1498 0.0034602076124567475
1613 0.0034602076124567475
1614 0.0034602076124567475
1781 0.0034602076124567475
1825 0.0034602076124567475
1845 0.0034602076124567475
1860 0.0034602076124567475
1900 0.0034602076124567475
2154 0.0034602076124567475
2178 0.0034602076124567475
2179 0.0034602076124567475
2252 0.0034602076124567475
2270 0.0034602076124567475
2325 0.0034602076124567475
2341 0.0034602076124567475
2546 0.0034602076124567475
2645 0.0034602076124567475
2652 0.0034602076124567475
2684 0.0034602076124567475
2693 0.0034602076124567475
2842 0.0034602076124567475
2929 0.0034602076124567475
2934 0.0034602076124567475
3069 0.0034602076124567475
669 0.0034602076124567475
679 0.0034602076124567475
691 0.0034602076124567475
761 0.0034602076124567475
949 0.0034602076124567475
989 0.0034602076124567475
988 0.0034602076124567475
5 0.0034602076124567475
3184 0.0034602076124567475
