ca700313 0.07560129423490208
dempster 0.06982506773023586
paging 0.025
comment 0.008333333333333333
on 0.008333333333333333
a 0.008333333333333333
anomaly 0.008333333333333333
cacm 0.008333333333333333
march 0.008333333333333333
1970 0.008333333333333333
j 0.008333333333333333
r 0.008333333333333333
h 0.008333333333333333
machines 0.008333333333333333
demand 0.008333333333333333
replacement 0.008333333333333333
algorithm 0.008333333333333333
4.30 0.008333333333333333
jb 0.008333333333333333
february 0.008333333333333333
13 0.008333333333333333
1978 0.008333333333333333
3 0.008333333333333333
39 0.008333333333333333
pm 0.008333333333333333
1892 0.008333333333333333
4 0.008333333333333333
2085 0.008333333333333333
1901 0.008333333333333333
2022 0.008333333333333333
2095 0.008333333333333333
2218 0.008333333333333333
2277 0.008333333333333333
2319 0.008333333333333333
2329 0.008333333333333333
2358 0.008333333333333333
2373 0.008333333333333333
2380 0.008333333333333333
2434 0.008333333333333333
2499 0.008333333333333333
2501 0.008333333333333333
2582 0.008333333333333333
2669 0.008333333333333333
2828 0.008333333333333333
2863 0.008333333333333333
2881 0.008333333333333333
2928 0.008333333333333333
2996 0.008333333333333333
3006 0.008333333333333333
3067 0.008333333333333333
1751 0.008333333333333333
5 0.008333333333333333
1884 0.008333333333333333
