p-number 0.1417524266904414
ca700311 0.1417524266904414
pager 0.1245866096800022
number 0.046875
system 0.03125
a 0.015625
for 0.015625
the 0.015625
permutations 0.015625
cacm 0.015625
march 0.015625
1970 0.015625
d 0.015625
permutation 0.015625
ordering 0.015625
combinatorial 0.015625
4.49 0.015625
5.39 0.015625
jb 0.015625
february 0.015625
13 0.015625
1978 0.015625
3 0.015625
42 0.015625
pm 0.015625
2087 0.015625
4 0.015625
2189 0.015625
3188 0.015625
1594 0.015625
5 0.015625
6 0.015625
3191 0.015625
521 0.015625
