ca600402 0.09163793240594194
symbol 0.010101010101010102
manipulation 0.010101010101010102
by 0.010101010101010102
threaded 0.010101010101010102
lists 0.010101010101010102
cacm 0.010101010101010102
april 0.010101010101010102
1960 0.010101010101010102
perlis 0.010101010101010102
a 0.010101010101010102
j 0.010101010101010102
thornton 0.010101010101010102
c 0.010101010101010102
jb 0.010101010101010102
march 0.010101010101010102
22 0.010101010101010102
1978 0.010101010101010102
1 0.010101010101010102
56 0.010101010101010102
pm 0.010101010101010102
1050 0.010101010101010102
5 0.010101010101010102
209 0.010101010101010102
1102 0.010101010101010102
378 0.010101010101010102
3008 0.010101010101010102
731 0.010101010101010102
798 0.010101010101010102
849 0.010101010101010102
6 0.010101010101010102
106 0.010101010101010102
196 0.010101010101010102
208 0.010101010101010102
210 0.010101010101010102
367 0.010101010101010102
406 0.010101010101010102
483 0.010101010101010102
627 0.010101010101010102
