con 0.02614453979304971
ditions 0.02614453979304971
segments-about 0.02614453979304971
ju 0.02614453979304971
ca700303 0.02614453979304971
the 0.025936599423631124
certainly 0.024146997485960525
of 0.023054755043227664
sized 0.022978510142709338
segment 0.008645533141210375
sizes 0.008645533141210375
are 0.008645533141210375
allocation 0.008645533141210375
measurements 0.005763688760806916
a 0.005763688760806916
computer 0.005763688760806916
system 0.005763688760806916
segments 0.005763688760806916
b5500 0.005763688760806916
although 0.005763688760806916
they 0.005763688760806916
to 0.005763688760806916
paging 0.005763688760806916
size 0.002881844380403458
distributions 0.002881844380403458
measured 0.002881844380403458
under 0.002881844380403458
routine 0.002881844380403458
operating 0.002881844380403458
on 0.002881844380403458
which 0.002881844380403458
utilizes 0.002881844380403458
variable 0.002881844380403458
burroughs 0.002881844380403458
discussed 0.002881844380403458
most 0.002881844380403458
striking 0.002881844380403458
feature 0.002881844380403458
is 0.002881844380403458
large 0.002881844380403458
number 0.002881844380403458
small 0.002881844380403458
60 0.002881844380403458
percent 0.002881844380403458
in 0.002881844380403458
use 0.002881844380403458
contain 0.002881844380403458
less 0.002881844380403458
than 0.002881844380403458
40 0.002881844380403458
words 0.002881844380403458
results 0.002881844380403458
not 0.002881844380403458
installation 0.002881844380403458
independent 0.002881844380403458
and 0.002881844380403458
particularly 0.002881844380403458
influenced 0.002881844380403458
by 0.002881844380403458
features 0.002881844380403458
algol 0.002881844380403458
should 0.002881844380403458
be 0.002881844380403458
relevant 0.002881844380403458
design 0.002881844380403458
new 0.002881844380403458
systems 0.002881844380403458
especially 0.002881844380403458
with 0.002881844380403458
respect 0.002881844380403458
organization 0.002881844380403458
schemes 0.002881844380403458
cacm 0.002881844380403458
march 0.002881844380403458
1970 0.002881844380403458
batson 0.002881844380403458
s 0.002881844380403458
wood 0.002881844380403458
d 0.002881844380403458
c 0.002881844380403458
storage 0.002881844380403458
segmentation 0.002881844380403458
page 0.002881844380403458
resource 0.002881844380403458
memory 0.002881844380403458
core 0.002881844380403458
utilization 0.002881844380403458
4.32 0.002881844380403458
6.2 0.002881844380403458
6.34 0.002881844380403458
6.9 0.002881844380403458
jb 0.002881844380403458
february 0.002881844380403458
13 0.002881844380403458
1978 0.002881844380403458
4 0.002881844380403458
58 0.002881844380403458
pm 0.002881844380403458
1879 0.002881844380403458
2095 0.002881844380403458
1884 0.002881844380403458
1892 0.002881844380403458
1901 0.002881844380403458
1924 0.002881844380403458
2085 0.002881844380403458
2218 0.002881844380403458
2277 0.002881844380403458
2297 0.002881844380403458
2319 0.002881844380403458
2329 0.002881844380403458
2358 0.002881844380403458
2365 0.002881844380403458
2373 0.002881844380403458
2374 0.002881844380403458
2380 0.002881844380403458
2434 0.002881844380403458
2499 0.002881844380403458
2498 0.002881844380403458
2501 0.002881844380403458
2526 0.002881844380403458
2582 0.002881844380403458
2596 0.002881844380403458
2667 0.002881844380403458
2668 0.002881844380403458
2669 0.002881844380403458
2734 0.002881844380403458
2828 0.002881844380403458
2862 0.002881844380403458
2863 0.002881844380403458
2881 0.002881844380403458
2902 0.002881844380403458
2911 0.002881844380403458
2928 0.002881844380403458
2996 0.002881844380403458
3000 0.002881844380403458
3006 0.002881844380403458
3067 0.002881844380403458
1728 0.002881844380403458
5 0.002881844380403458
1751 0.002881844380403458
1754 0.002881844380403458
1380 0.002881844380403458
6 0.002881844380403458
1572 0.002881844380403458
1752 0.002881844380403458
1810 0.002881844380403458
2864 0.002881844380403458
