ca600401 0.020525238253819574
recursive 0.0022624434389140274
functions 0.0022624434389140274
of 0.0022624434389140274
symbolic 0.0022624434389140274
expressions 0.0022624434389140274
and 0.0022624434389140274
their 0.0022624434389140274
computation 0.0022624434389140274
by 0.0022624434389140274
machine 0.0022624434389140274
part 0.0022624434389140274
i 0.0022624434389140274
cacm 0.0022624434389140274
april 0.0022624434389140274
1960 0.0022624434389140274
mccarthy 0.0022624434389140274
j 0.0022624434389140274
jb 0.0022624434389140274
march 0.0022624434389140274
22 0.0022624434389140274
1978 0.0022624434389140274
1 0.0022624434389140274
57 0.0022624434389140274
pm 0.0022624434389140274
205 0.0022624434389140274
4 0.0022624434389140274
210 0.0022624434389140274
214 0.0022624434389140274
1982 0.0022624434389140274
398 0.0022624434389140274
642 0.0022624434389140274
669 0.0022624434389140274
100 0.0022624434389140274
123 0.0022624434389140274
164 0.0022624434389140274
106 0.0022624434389140274
5 0.0022624434389140274
1024 0.0022624434389140274
1051 0.0022624434389140274
1102 0.0022624434389140274
1132 0.0022624434389140274
1390 0.0022624434389140274
1486 0.0022624434389140274
1549 0.0022624434389140274
1706 0.0022624434389140274
1826 0.0022624434389140274
1878 0.0022624434389140274
378 0.0022624434389140274
2060 0.0022624434389140274
2155 0.0022624434389140274
2168 0.0022624434389140274
2719 0.0022624434389140274
2723 0.0022624434389140274
2838 0.0022624434389140274
2842 0.0022624434389140274
2855 0.0022624434389140274
2879 0.0022624434389140274
3077 0.0022624434389140274
3080 0.0022624434389140274
3106 0.0022624434389140274
627 0.0022624434389140274
6 0.0022624434389140274
196 0.0022624434389140274
1180 0.0022624434389140274
1303 0.0022624434389140274
1380 0.0022624434389140274
1389 0.0022624434389140274
1421 0.0022624434389140274
1469 0.0022624434389140274
1477 0.0022624434389140274
1491 0.0022624434389140274
1626 0.0022624434389140274
1749 0.0022624434389140274
208 0.0022624434389140274
209 0.0022624434389140274
1834 0.0022624434389140274
1869 0.0022624434389140274
1972 0.0022624434389140274
2046 0.0022624434389140274
2110 0.0022624434389140274
2148 0.0022624434389140274
2151 0.0022624434389140274
2167 0.0022624434389140274
2192 0.0022624434389140274
2210 0.0022624434389140274
2457 0.0022624434389140274
2513 0.0022624434389140274
2645 0.0022624434389140274
2651 0.0022624434389140274
2657 0.0022624434389140274
2665 0.0022624434389140274
2766 0.0022624434389140274
2833 0.0022624434389140274
2850 0.0022624434389140274
2954 0.0022624434389140274
2998 0.0022624434389140274
406 0.0022624434389140274
483 0.0022624434389140274
3184 0.0022624434389140274
731 0.0022624434389140274
753 0.0022624434389140274
793 0.0022624434389140274
794 0.0022624434389140274
