f5 0.29265017123187903
ca700215 0.29265017123187903
ortho 0.2702905847622033
barrodale 0.2702905847622033
february 0.06451612903225806
algorithm 0.03225806451612903
127 0.03225806451612903
cacm 0.03225806451612903
1970 0.03225806451612903
i 0.03225806451612903
orthogonalization 0.03225806451612903
approximation 0.03225806451612903
5.13 0.03225806451612903
5.17 0.03225806451612903
5.5 0.03225806451612903
jb 0.03225806451612903
14 0.03225806451612903
1978 0.03225806451612903
9 0.03225806451612903
45 0.03225806451612903
am 0.03225806451612903
2100 0.03225806451612903
5 0.03225806451612903
