ca700213 0.20618534791336934
february 0.045454545454545456
fitting 0.022727272727272728
data 0.022727272727272728
to 0.022727272727272728
one 0.022727272727272728
exponential 0.022727272727272728
algorithm 0.022727272727272728
375 0.022727272727272728
e2 0.022727272727272728
cacm 0.022727272727272728
1970 0.022727272727272728
spath 0.022727272727272728
h 0.022727272727272728
nonlinear 0.022727272727272728
least 0.022727272727272728
squares 0.022727272727272728
fit 0.022727272727272728
5.15 0.022727272727272728
jb 0.022727272727272728
14 0.022727272727272728
1978 0.022727272727272728
9 0.022727272727272728
49 0.022727272727272728
pm 0.022727272727272728
2101 0.022727272727272728
4 0.022727272727272728
2102 0.022727272727272728
1639 0.022727272727272728
5 0.022727272727272728
