ca700211 0.1564164708308319
doubly 0.1325148439149717
restricted 0.05172413793103448
partitions 0.05172413793103448
of 0.034482758620689655
february 0.034482758620689655
sums 0.034482758620689655
number 0.017241379310344827
algorithm 0.017241379310344827
373 0.017241379310344827
a1 0.017241379310344827
cacm 0.017241379310344827
1970 0.017241379310344827
white 0.017241379310344827
j 0.017241379310344827
s 0.017241379310344827
integers 0.017241379310344827
5.39 0.017241379310344827
jb 0.017241379310344827
14 0.017241379310344827
1978 0.017241379310344827
9 0.017241379310344827
52 0.017241379310344827
am 0.017241379310344827
2104 0.017241379310344827
4 0.017241379310344827
2489 0.017241379310344827
1219 0.017241379310344827
5 0.017241379310344827
6 0.017241379310344827
