ca700208 0.02374909766541427
inefficiency 0.02087314926575953
a 0.007853403141361256
hash 0.007853403141361256
code 0.007853403141361256
clustering 0.007853403141361256
method 0.005235602094240838
secondary 0.005235602094240838
is 0.005235602094240838
and 0.005235602094240838
hashing 0.005235602094240838
february 0.005235602094240838
table 0.005235602094240838
the 0.002617801047120419
quadratic 0.002617801047120419
quotient 0.002617801047120419
eliminating 0.002617801047120419
as 0.002617801047120419
cause 0.002617801047120419
of 0.002617801047120419
discussed 0.002617801047120419
new 0.002617801047120419
based 0.002617801047120419
on 0.002617801047120419
its 0.002617801047120419
elimination 0.002617801047120419
presented 0.002617801047120419
comparisons 0.002617801047120419
with 0.002617801047120419
previous 0.002617801047120419
methods 0.002617801047120419
are 0.002617801047120419
made 0.002617801047120419
both 0.002617801047120419
analytically 0.002617801047120419
empirically 0.002617801047120419
cacm 0.002617801047120419
1970 0.002617801047120419
bell 0.002617801047120419
j 0.002617801047120419
r 0.002617801047120419
scatter 0.002617801047120419
storage 0.002617801047120419
calculated 0.002617801047120419
address 0.002617801047120419
search 0.002617801047120419
symbol 0.002617801047120419
collisions 0.002617801047120419
keys 0.002617801047120419
look-up 0.002617801047120419
3.74 0.002617801047120419
4.9 0.002617801047120419
jb 0.002617801047120419
14 0.002617801047120419
1978 0.002617801047120419
10 0.002617801047120419
18 0.002617801047120419
am 0.002617801047120419
1676 0.002617801047120419
4 0.002617801047120419
2107 0.002617801047120419
1682 0.002617801047120419
1728 0.002617801047120419
1860 0.002617801047120419
1973 0.002617801047120419
1992 0.002617801047120419
2018 0.002617801047120419
2032 0.002617801047120419
2033 0.002617801047120419
2109 0.002617801047120419
2203 0.002617801047120419
2251 0.002617801047120419
2359 0.002617801047120419
2524 0.002617801047120419
2543 0.002617801047120419
2552 0.002617801047120419
2559 0.002617801047120419
2573 0.002617801047120419
2770 0.002617801047120419
2991 0.002617801047120419
3053 0.002617801047120419
1785 0.002617801047120419
5 0.002617801047120419
1786 0.002617801047120419
2138 0.002617801047120419
2530 0.002617801047120419
2537 0.002617801047120419
3083 0.002617801047120419
911 0.002617801047120419
6 0.002617801047120419
1328 0.002617801047120419
1329 0.002617801047120419
332 0.002617801047120419
2412 0.002617801047120419
2673 0.002617801047120419
2707 0.002617801047120419
492 0.002617801047120419
