ca700205 0.028528790277321543
parsed 0.02507403465257906
bottom-up 0.023463736403628043
to 0.018867924528301886
algorithm 0.015723270440251572
the 0.015723270440251572
it 0.015723270440251572
context-free 0.012578616352201259
a 0.012578616352201259
and 0.012578616352201259
parsing 0.009433962264150943
is 0.009433962264150943
n 0.009433962264150943
in 0.009433962264150943
grammars 0.009433962264150943
an 0.006289308176100629
efficient 0.006289308176100629
which 0.006289308176100629
seems 0.006289308176100629
be 0.006289308176100629
most 0.006289308176100629
general 0.006289308176100629
top-down 0.006289308176100629
has 0.006289308176100629
time 0.006289308176100629
bound 0.006289308176100629
of 0.006289308176100629
february 0.006289308176100629
known 0.0031446540880503146
described 0.0031446540880503146
similar 0.0031446540880503146
both 0.0031446540880503146
knuth 0.0031446540880503146
s 0.0031446540880503146
lr 0.0031446540880503146
k 0.0031446540880503146
familiar 0.0031446540880503146
proportional 0.0031446540880503146
3 0.0031446540880503146
where 0.0031446540880503146
length 0.0031446540880503146
string 0.0031446540880503146
being 0.0031446540880503146
2 0.0031446540880503146
for 0.0031446540880503146
unambiguous 0.0031446540880503146
runs 0.0031446540880503146
linear 0.0031446540880503146
on 0.0031446540880503146
large 0.0031446540880503146
class 0.0031446540880503146
include 0.0031446540880503146
practical 0.0031446540880503146
programming 0.0031446540880503146
language 0.0031446540880503146
empirical 0.0031446540880503146
comparison 0.0031446540880503146
appears 0.0031446540880503146
superior 0.0031446540880503146
algorithms 0.0031446540880503146
studied 0.0031446540880503146
by 0.0031446540880503146
griffiths 0.0031446540880503146
petrick 0.0031446540880503146
cacm 0.0031446540880503146
1970 0.0031446540880503146
earley 0.0031446540880503146
j 0.0031446540880503146
syntax 0.0031446540880503146
analysis 0.0031446540880503146
grammar 0.0031446540880503146
compilers 0.0031446540880503146
computational 0.0031446540880503146
complexity 0.0031446540880503146
4.12 0.0031446540880503146
5.22 0.0031446540880503146
5.23 0.0031446540880503146
jb 0.0031446540880503146
14 0.0031446540880503146
1978 0.0031446540880503146
10 0.0031446540880503146
35 0.0031446540880503146
am 0.0031446540880503146
1350 0.0031446540880503146
4 0.0031446540880503146
2110 0.0031446540880503146
1399 0.0031446540880503146
1659 0.0031446540880503146
1665 0.0031446540880503146
1768 0.0031446540880503146
1781 0.0031446540880503146
1787 0.0031446540880503146
1824 0.0031446540880503146
1825 0.0031446540880503146
1836 0.0031446540880503146
1861 0.0031446540880503146
1945 0.0031446540880503146
2015 0.0031446540880503146
2127 0.0031446540880503146
2187 0.0031446540880503146
2317 0.0031446540880503146
2545 0.0031446540880503146
2698 0.0031446540880503146
2733 0.0031446540880503146
3094 0.0031446540880503146
1265 0.0031446540880503146
5 0.0031446540880503146
1989 0.0031446540880503146
2060 0.0031446540880503146
2179 0.0031446540880503146
2921 0.0031446540880503146
3154 0.0031446540880503146
1380 0.0031446540880503146
6 0.0031446540880503146
1421 0.0031446540880503146
1469 0.0031446540880503146
1477 0.0031446540880503146
1491 0.0031446540880503146
210 0.0031446540880503146
1869 0.0031446540880503146
2046 0.0031446540880503146
2556 0.0031446540880503146
3133 0.0031446540880503146
3184 0.0031446540880503146
680 0.0031446540880503146
799 0.0031446540880503146
