griffin 0.1395716201259731
ca700113 0.1395716201259731
sorting 0.06153846153846154
algorithm 0.03076923076923077
minimal 0.03076923076923077
storage 0.03076923076923077
an 0.015384615384615385
efficient 0.015384615384615385
for 0.015384615384615385
with 0.015384615384615385
347 0.015384615384615385
m1 0.015384615384615385
cacm 0.015384615384615385
january 0.015384615384615385
1970 0.015384615384615385
r 0.015384615384615385
redish 0.015384615384615385
k 0.015384615384615385
a 0.015384615384615385
digital 0.015384615384615385
computer 0.015384615384615385
5.31 0.015384615384615385
jb 0.015384615384615385
february 0.015384615384615385
14 0.015384615384615385
1978 0.015384615384615385
1 0.015384615384615385
43 0.015384615384615385
pm 0.015384615384615385
1919 0.015384615384615385
4 0.015384615384615385
2118 0.015384615384615385
1969 0.015384615384615385
2348 0.015384615384615385
2679 0.015384615384615385
3054 0.015384615384615385
1175 0.015384615384615385
5 0.015384615384615385
