ca700112 0.1487238575112828
derivatives 0.03278688524590164
algorithm 0.01639344262295082
282 0.01639344262295082
s22 0.01639344262295082
cacm 0.01639344262295082
january 0.01639344262295082
1970 0.01639344262295082
gautschi 0.01639344262295082
w 0.01639344262295082
klein 0.01639344262295082
b 0.01639344262295082
j 0.01639344262295082
recursive 0.01639344262295082
computation 0.01639344262295082
successive 0.01639344262295082
error 0.01639344262295082
control 0.01639344262295082
5.11 0.01639344262295082
5.12 0.01639344262295082
jb 0.01639344262295082
february 0.01639344262295082
14 0.01639344262295082
1978 0.01639344262295082
1 0.01639344262295082
45 0.01639344262295082
pm 0.01639344262295082
1909 0.01639344262295082
4 0.01639344262295082
2119 0.01639344262295082
2149 0.01639344262295082
1023 0.01639344262295082
5 0.01639344262295082
2129 0.01639344262295082
2404 0.01639344262295082
6 0.01639344262295082
