csieve 0.11483740896440824
ca700111 0.11483740896440824
algorithm 0.02531645569620253
complex 0.02531645569620253
primes 0.02531645569620253
an 0.012658227848101266
to 0.012658227848101266
produce 0.012658227848101266
372 0.012658227848101266
a1 0.012658227848101266
cacm 0.012658227848101266
january 0.012658227848101266
1970 0.012658227848101266
dunham 0.012658227848101266
k 0.012658227848101266
b 0.012658227848101266
numbers 0.012658227848101266
5.39 0.012658227848101266
jb 0.012658227848101266
february 0.012658227848101266
14 0.012658227848101266
1978 0.012658227848101266
1 0.012658227848101266
47 0.012658227848101266
pm 0.012658227848101266
1841 0.012658227848101266
4 0.012658227848101266
2120 0.012658227848101266
1967 0.012658227848101266
2927 0.012658227848101266
1537 0.012658227848101266
5 0.012658227848101266
1539 0.012658227848101266
377 0.012658227848101266
6 0.012658227848101266
