ca700109 0.1440024652093373
random 0.031746031746031744
number 0.031746031746031744
generator 0.031746031746031744
density 0.031746031746031744
function 0.031746031746031744
general 0.015873015873015872
algorithm 0.015873015873015872
370 0.015873015873015872
g5 0.015873015873015872
cacm 0.015873015873015872
january 0.015873015873015872
1970 0.015873015873015872
butler 0.015873015873015872
e 0.015873015873015872
l 0.015873015873015872
probability 0.015873015873015872
transformation 0.015873015873015872
cumulative 0.015873015873015872
5.13 0.015873015873015872
5.5 0.015873015873015872
jb 0.015873015873015872
february 0.015873015873015872
14 0.015873015873015872
1978 0.015873015873015872
1 0.015873015873015872
50 0.015873015873015872
pm 0.015873015873015872
1794 0.015873015873015872
4 0.015873015873015872
2122 0.015873015873015872
1870 0.015873015873015872
2115 0.015873015873015872
1674 0.015873015873015872
5 0.015873015873015872
1691 0.015873015873015872
