appraised 0.027000462226750743
ca700105 0.027000462226750743
extensible 0.008928571428571428
language 0.008928571428571428
with 0.005952380952380952
an 0.005952380952380952
system 0.005952380952380952
and 0.005952380952380952
experience 0.002976190476190476
operational 0.002976190476190476
is 0.002976190476190476
described 0.002976190476190476
the 0.002976190476190476
its 0.002976190476190476
base 0.002976190476190476
are 0.002976190476190476
respect 0.002976190476190476
to 0.002976190476190476
efficiency 0.002976190476190476
flexibility 0.002976190476190476
utility 0.002976190476190476
for 0.002976190476190476
different 0.002976190476190476
categories 0.002976190476190476
of 0.002976190476190476
users 0.002976190476190476
cacm 0.002976190476190476
january 0.002976190476190476
1970 0.002976190476190476
irons 0.002976190476190476
e 0.002976190476190476
t 0.002976190476190476
programming 0.002976190476190476
languages 0.002976190476190476
compiler 0.002976190476190476
bootstrapping 0.002976190476190476
ambiguity 0.002976190476190476
4.12 0.002976190476190476
4.22 0.002976190476190476
jb 0.002976190476190476
february 0.002976190476190476
14 0.002976190476190476
1978 0.002976190476190476
2 0.002976190476190476
02 0.002976190476190476
pm 0.002976190476190476
249 0.002976190476190476
4 0.002976190476190476
2126 0.002976190476190476
254 0.002976190476190476
272 0.002976190476190476
1046 0.002976190476190476
1102 0.002976190476190476
1105 0.002976190476190476
1109 0.002976190476190476
1139 0.002976190476190476
1140 0.002976190476190476
1188 0.002976190476190476
1234 0.002976190476190476
1263 0.002976190476190476
1265 0.002976190476190476
1306 0.002976190476190476
1464 0.002976190476190476
1491 0.002976190476190476
1496 0.002976190476190476
1693 0.002976190476190476
1767 0.002976190476190476
1781 0.002976190476190476
1787 0.002976190476190476
1824 0.002976190476190476
1861 0.002976190476190476
1945 0.002976190476190476
1949 0.002976190476190476
321 0.002976190476190476
2059 0.002976190476190476
2317 0.002976190476190476
2546 0.002976190476190476
435 0.002976190476190476
437 0.002976190476190476
463 0.002976190476190476
464 0.002976190476190476
483 0.002976190476190476
491 0.002976190476190476
2732 0.002976190476190476
560 0.002976190476190476
583 0.002976190476190476
584 0.002976190476190476
3073 0.002976190476190476
627 0.002976190476190476
631 0.002976190476190476
632 0.002976190476190476
642 0.002976190476190476
644 0.002976190476190476
653 0.002976190476190476
680 0.002976190476190476
691 0.002976190476190476
761 0.002976190476190476
762 0.002976190476190476
763 0.002976190476190476
795 0.002976190476190476
799 0.002976190476190476
123 0.002976190476190476
140 0.002976190476190476
919 0.002976190476190476
945 0.002976190476190476
989 0.002976190476190476
196 0.002976190476190476
5 0.002976190476190476
1614 0.002976190476190476
404 0.002976190476190476
823 0.002976190476190476
1198 0.002976190476190476
6 0.002976190476190476
1477 0.002976190476190476
1572 0.002976190476190476
1749 0.002976190476190476
1753 0.002976190476190476
2148 0.002976190476190476
3184 0.002976190476190476
