interpolatory 0.17788539819976962
ca711212 0.17788539819976962
gustafson 0.15634398077490472
of 0.0392156862745098
rapid 0.0196078431372549
computation 0.0196078431372549
weights 0.0196078431372549
quadrature 0.0196078431372549
rules 0.0196078431372549
d1 0.0196078431372549
algorithm 0.0196078431372549
417 0.0196078431372549
cacm 0.0196078431372549
december 0.0196078431372549
1971 0.0196078431372549
s 0.0196078431372549
divided 0.0196078431372549
differences 0.0196078431372549
5.16 0.0196078431372549
jb 0.0196078431372549
february 0.0196078431372549
2 0.0196078431372549
1978 0.0196078431372549
9 0.0196078431372549
33 0.0196078431372549
am 0.0196078431372549
2131 0.0196078431372549
4 0.0196078431372549
2132 0.0196078431372549
5 0.0196078431372549
2135 0.0196078431372549
6 0.0196078431372549
