ca600304 0.11782019880763962
march 0.025974025974025976
an 0.012987012987012988
algorithm 0.012987012987012988
defining 0.012987012987012988
algol 0.012987012987012988
assignment 0.012987012987012988
statements 0.012987012987012988
cacm 0.012987012987012988
1960 0.012987012987012988
floyd 0.012987012987012988
r 0.012987012987012988
w 0.012987012987012988
jb 0.012987012987012988
22 0.012987012987012988
1978 0.012987012987012988
2 0.012987012987012988
01 0.012987012987012988
pm 0.012987012987012988
205 0.012987012987012988
4 0.012987012987012988
214 0.012987012987012988
210 0.012987012987012988
1593 0.012987012987012988
1982 0.012987012987012988
398 0.012987012987012988
642 0.012987012987012988
669 0.012987012987012988
100 0.012987012987012988
123 0.012987012987012988
164 0.012987012987012988
1 0.012987012987012988
5 0.012987012987012988
53 0.012987012987012988
91 0.012987012987012988
