exclusion 0.04032219496780358
the 0.030211480362537766
courois 0.027408324193922206
heymans 0.027408324193922206
ca711006 0.027408324193922206
readers 0.012084592145015106
of 0.012084592145015106
writers 0.00906344410876133
access 0.00906344410876133
to 0.00906344410876133
section 0.00906344410876133
for 0.00906344410876133
case 0.00906344410876133
where 0.00906344410876133
as 0.00906344410876133
with 0.006042296072507553
and 0.006042296072507553
mutual 0.006042296072507553
processes 0.006042296072507553
critical 0.006042296072507553
are 0.006042296072507553
two 0.006042296072507553
other 0.006042296072507553
we 0.006042296072507553
wish 0.006042296072507553
concurrent 0.0030211480362537764
control 0.0030211480362537764
problem 0.0030211480362537764
several 0.0030211480362537764
independent 0.0030211480362537764
from 0.0030211480362537764
simultaneous 0.0030211480362537764
a 0.0030211480362537764
is 0.0030211480362537764
discussed 0.0030211480362537764
there 0.0030211480362537764
distinct 0.0030211480362537764
classes 0.0030211480362537764
known 0.0030211480362537764
may 0.0030211480362537764
share 0.0030211480362537764
each 0.0030211480362537764
but 0.0030211480362537764
must 0.0030211480362537764
have 0.0030211480362537764
exclusive 0.0030211480362537764
solutions 0.0030211480362537764
presented 0.0030211480362537764
one 0.0030211480362537764
minimum 0.0030211480362537764
delay 0.0030211480362537764
writing 0.0030211480362537764
take 0.0030211480362537764
place 0.0030211480362537764
early 0.0030211480362537764
possible 0.0030211480362537764
cacm 0.0030211480362537764
october 0.0030211480362537764
1971 0.0030211480362537764
p 0.0030211480362537764
j 0.0030211480362537764
f 0.0030211480362537764
parnas 0.0030211480362537764
d 0.0030211480362537764
l 0.0030211480362537764
shared 0.0030211480362537764
resources 0.0030211480362537764
4.30 0.0030211480362537764
4.32 0.0030211480362537764
jb 0.0030211480362537764
february 0.0030211480362537764
2 0.0030211480362537764
1978 0.0030211480362537764
11 0.0030211480362537764
58 0.0030211480362537764
am 0.0030211480362537764
1781 0.0030211480362537764
4 0.0030211480362537764
2150 0.0030211480362537764
1828 0.0030211480362537764
1854 0.0030211480362537764
1877 0.0030211480362537764
1960 0.0030211480362537764
2228 0.0030211480362537764
2256 0.0030211480362537764
2317 0.0030211480362537764
2319 0.0030211480362537764
2377 0.0030211480362537764
2342 0.0030211480362537764
2376 0.0030211480362537764
2379 0.0030211480362537764
2424 0.0030211480362537764
2482 0.0030211480362537764
2618 0.0030211480362537764
2632 0.0030211480362537764
2704 0.0030211480362537764
2723 0.0030211480362537764
2738 0.0030211480362537764
2740 0.0030211480362537764
2741 0.0030211480362537764
2867 0.0030211480362537764
3184 0.0030211480362537764
1198 0.0030211480362537764
5 0.0030211480362537764
1338 0.0030211480362537764
1749 0.0030211480362537764
2320 0.0030211480362537764
2597 0.0030211480362537764
2777 0.0030211480362537764
2851 0.0030211480362537764
2895 0.0030211480362537764
2912 0.0030211480362537764
2946 0.0030211480362537764
3128 0.0030211480362537764
6 0.0030211480362537764
2080 0.0030211480362537764
2436 0.0030211480362537764
2865 0.0030211480362537764
2866 0.0030211480362537764
2870 0.0030211480362537764
3082 0.0030211480362537764
