ca711001 0.027659010085939788
of 0.021341463414634148
data 0.012195121951219513
structures 0.012195121951219513
the 0.012195121951219513
an 0.009146341463414634
a 0.009146341463414634
graphs 0.009146341463414634
in 0.009146341463414634
implementation 0.009146341463414634
this 0.006097560975609756
and 0.006097560975609756
formalism 0.006097560975609756
semantics 0.006097560975609756
is 0.006097560975609756
on 0.006097560975609756
which 0.006097560975609756
programming 0.006097560975609756
language 0.006097560975609756
to 0.006097560975609756
toward 0.003048780487804878
understanding 0.003048780487804878
paper 0.003048780487804878
presents 0.003048780487804878
notation 0.003048780487804878
for 0.003048780487804878
describing 0.003048780487804878
based 0.003048780487804878
directed 0.003048780487804878
with 0.003048780487804878
named 0.003048780487804878
edges 0.003048780487804878
transformations 0.003048780487804878
these 0.003048780487804878
addition 0.003048780487804878
facility 0.003048780487804878
described 0.003048780487804878
could 0.003048780487804878
be 0.003048780487804878
part 0.003048780487804878
allows 0.003048780487804878
programmer 0.003048780487804878
who 0.003048780487804878
has 0.003048780487804878
expressed 0.003048780487804878
algorithm 0.003048780487804878
terms 0.003048780487804878
then 0.003048780487804878
specify 0.003048780487804878
some 0.003048780487804878
his 0.003048780487804878
order 0.003048780487804878
gain 0.003048780487804878
efficiency 0.003048780487804878
cacm 0.003048780487804878
october 0.003048780487804878
1971 0.003048780487804878
earley 0.003048780487804878
j 0.003048780487804878
graph 0.003048780487804878
semantic 0.003048780487804878
4.22 0.003048780487804878
4.9 0.003048780487804878
5.24 0.003048780487804878
jb 0.003048780487804878
february 0.003048780487804878
2 0.003048780487804878
1978 0.003048780487804878
1 0.003048780487804878
35 0.003048780487804878
pm 0.003048780487804878
1024 0.003048780487804878
4 0.003048780487804878
2155 0.003048780487804878
1051 0.003048780487804878
1102 0.003048780487804878
1132 0.003048780487804878
1390 0.003048780487804878
1486 0.003048780487804878
1549 0.003048780487804878
1552 0.003048780487804878
1665 0.003048780487804878
1706 0.003048780487804878
1826 0.003048780487804878
1860 0.003048780487804878
1878 0.003048780487804878
1957 0.003048780487804878
378 0.003048780487804878
2060 0.003048780487804878
2162 0.003048780487804878
2168 0.003048780487804878
2294 0.003048780487804878
2406 0.003048780487804878
2558 0.003048780487804878
2710 0.003048780487804878
2715 0.003048780487804878
2716 0.003048780487804878
2717 0.003048780487804878
2718 0.003048780487804878
2719 0.003048780487804878
2723 0.003048780487804878
2765 0.003048780487804878
2817 0.003048780487804878
2838 0.003048780487804878
2842 0.003048780487804878
2855 0.003048780487804878
2879 0.003048780487804878
2888 0.003048780487804878
2901 0.003048780487804878
2957 0.003048780487804878
2959 0.003048780487804878
2965 0.003048780487804878
3077 0.003048780487804878
3080 0.003048780487804878
3087 0.003048780487804878
3106 0.003048780487804878
3150 0.003048780487804878
3154 0.003048780487804878
627 0.003048780487804878
106 0.003048780487804878
210 0.003048780487804878
5 0.003048780487804878
1389 0.003048780487804878
2046 0.003048780487804878
2252 0.003048780487804878
2594 0.003048780487804878
1358 0.003048780487804878
6 0.003048780487804878
1496 0.003048780487804878
1771 0.003048780487804878
2204 0.003048780487804878
3184 0.003048780487804878
3186 0.003048780487804878
