list-compaction 0.0667070243249136
ca710908 0.0667070243249136
r 0.014705882352941176
comment 0.007352941176470588
on 0.007352941176470588
cheney 0.007352941176470588
s 0.007352941176470588
algorithm 0.007352941176470588
cacm 0.007352941176470588
september 0.007352941176470588
1971 0.007352941176470588
fenichel 0.007352941176470588
lisp 0.007352941176470588
garbage 0.007352941176470588
collector 0.007352941176470588
virtual 0.007352941176470588
memory 0.007352941176470588
list 0.007352941176470588
processing 0.007352941176470588
storage 0.007352941176470588
allocation 0.007352941176470588
4.19 0.007352941176470588
4.49 0.007352941176470588
jb 0.007352941176470588
february 0.007352941176470588
2 0.007352941176470588
1978 0.007352941176470588
1 0.007352941176470588
36 0.007352941176470588
pm 0.007352941176470588
1708 0.007352941176470588
4 0.007352941176470588
2156 0.007352941176470588
1781 0.007352941176470588
1826 0.007352941176470588
1860 0.007352941176470588
1972 0.007352941176470588
2168 0.007352941176470588
2249 0.007352941176470588
2314 0.007352941176470588
2361 0.007352941176470588
2438 0.007352941176470588
2513 0.007352941176470588
2719 0.007352941176470588
2723 0.007352941176470588
2736 0.007352941176470588
2833 0.007352941176470588
2855 0.007352941176470588
3074 0.007352941176470588
3106 0.007352941176470588
3112 0.007352941176470588
1626 0.007352941176470588
5 0.007352941176470588
