one-sided 0.23112367742730777
ca710905 0.1440024652093373
best 0.031746031746031744
approximation 0.031746031746031744
error 0.031746031746031744
a 0.015873015873015872
note 0.015873015873015872
on 0.015873015873015872
approximations 0.015873015873015872
cacm 0.015873015873015872
september 0.015873015873015872
1971 0.015873015873015872
phillips 0.015873015873015872
d 0.015873015873015872
l 0.015873015873015872
logarithmic 0.015873015873015872
relative 0.015873015873015872
5.11 0.015873015873015872
5.13 0.015873015873015872
jb 0.015873015873015872
february 0.015873015873015872
2 0.015873015873015872
1978 0.015873015873015872
15 0.015873015873015872
pm 0.015873015873015872
1440 0.015873015873015872
4 0.015873015873015872
2159 0.015873015873015872
1832 0.015873015873015872
1932 0.015873015873015872
1999 0.015873015873015872
962 0.015873015873015872
5 0.015873015873015872
