cell-types 0.03064917333847382
ca710804 0.03064917333847382
of 0.013513513513513514
list 0.010135135135135136
in 0.006756756756756757
systems 0.006756756756756757
list-processing 0.006756756756756757
the 0.006756756756756757
use 0.006756756756756757
a 0.006756756756756757
and 0.006756756756756757
r 0.006756756756756757
storage 0.006756756756756757
tracing 0.0033783783783783786
allowing 0.0033783783783783786
multiple 0.0033783783783783786
have 0.0033783783783783786
each 0.0033783783783783786
allowed 0.0033783783783783786
only 0.0033783783783783786
single 0.0033783783783783786
size 0.0033783783783783786
configuration 0.0033783783783783786
cell 0.0033783783783783786
this 0.0033783783783783786
paper 0.0033783783783783786
system 0.0033783783783783786
is 0.0033783783783783786
described 0.0033783783783783786
which 0.0033783783783783786
allows 0.0033783783783783786
arbitrarily 0.0033783783783783786
many 0.0033783783783783786
different 0.0033783783783783786
sizes 0.0033783783783783786
configurations 0.0033783783783783786
cells 0.0033783783783783786
possibly 0.0033783783783783786
not 0.0033783783783783786
specified 0.0033783783783783786
until 0.0033783783783783786
run 0.0033783783783783786
time 0.0033783783783783786
cacm 0.0033783783783783786
august 0.0033783783783783786
1971 0.0033783783783783786
fenichel 0.0033783783783783786
allocation 0.0033783783783783786
lisp 0.0033783783783783786
slip 0.0033783783783783786
based 0.0033783783783783786
pointers 0.0033783783783783786
4.49 0.0033783783783783786
jb 0.0033783783783783786
february 0.0033783783783783786
2 0.0033783783783783786
1978 0.0033783783783783786
3 0.0033783783783783786
45 0.0033783783783783786
pm 0.0033783783783783786
1024 0.0033783783783783786
4 0.0033783783783783786
2168 0.0033783783783783786
1051 0.0033783783783783786
1098 0.0033783783783783786
1102 0.0033783783783783786
1132 0.0033783783783783786
1214 0.0033783783783783786
1380 0.0033783783783783786
1388 0.0033783783783783786
1390 0.0033783783783783786
1393 0.0033783783783783786
1485 0.0033783783783783786
1486 0.0033783783783783786
1487 0.0033783783783783786
1549 0.0033783783783783786
1570 0.0033783783783783786
1706 0.0033783783783783786
1708 0.0033783783783783786
1781 0.0033783783783783786
1826 0.0033783783783783786
1860 0.0033783783783783786
1878 0.0033783783783783786
1946 0.0033783783783783786
1957 0.0033783783783783786
1972 0.0033783783783783786
378 0.0033783783783783786
2023 0.0033783783783783786
2060 0.0033783783783783786
2155 0.0033783783783783786
2156 0.0033783783783783786
2249 0.0033783783783783786
2314 0.0033783783783783786
2438 0.0033783783783783786
2719 0.0033783783783783786
2723 0.0033783783783783786
2736 0.0033783783783783786
2833 0.0033783783783783786
2838 0.0033783783783783786
2842 0.0033783783783783786
2855 0.0033783783783783786
2857 0.0033783783783783786
2879 0.0033783783783783786
3074 0.0033783783783783786
3077 0.0033783783783783786
3080 0.0033783783783783786
3106 0.0033783783783783786
3112 0.0033783783783783786
627 0.0033783783783783786
106 0.0033783783783783786
210 0.0033783783783783786
5 0.0033783783783783786
1626 0.0033783783783783786
731 0.0033783783783783786
