slr 0.031243337183204718
parser-construction 0.018439340057293193
ca710703 0.018439340057293193
deremer 0.017030504324447773
grammars 0.014227642276422764
the 0.014227642276422764
k 0.012195121951219513
of 0.012195121951219513
to 0.01016260162601626
lr 0.008130081300813009
precedence 0.008130081300813009
and 0.008130081300813009
simple 0.006097560975609756
in 0.006097560975609756
grammar 0.006097560975609756
class 0.0040650406504065045
context-free 0.0040650406504065045
is 0.0040650406504065045
been 0.0040650406504065045
shown 0.0040650406504065045
parsers 0.0040650406504065045
also 0.0040650406504065045
techniques 0.0040650406504065045
speed 0.0040650406504065045
parser 0.0040650406504065045
a 0.0020325203252032522
called 0.0020325203252032522
or 0.0020325203252032522
defined 0.0020325203252032522
this 0.0020325203252032522
has 0.0020325203252032522
include 0.0020325203252032522
weak 0.0020325203252032522
as 0.0020325203252032522
proper 0.0020325203252032522
subsets 0.0020325203252032522
how 0.0020325203252032522
construct 0.0020325203252032522
for 0.0020325203252032522
these 0.0020325203252032522
are 0.0020325203252032522
extendible 0.0020325203252032522
cover 0.0020325203252032522
all 0.0020325203252032522
knuth 0.0020325203252032522
they 0.0020325203252032522
have 0.0020325203252032522
implemented 0.0020325203252032522
by 0.0020325203252032522
direct 0.0020325203252032522
comparison 0.0020325203252032522
proved 0.0020325203252032522
be 0.0020325203252032522
superior 0.0020325203252032522
not 0.0020325203252032522
only 0.0020325203252032522
range 0.0020325203252032522
covered 0.0020325203252032522
but 0.0020325203252032522
construction 0.0020325203252032522
size 0.0020325203252032522
resulting 0.0020325203252032522
cacm 0.0020325203252032522
july 0.0020325203252032522
1971 0.0020325203252032522
f 0.0020325203252032522
l 0.0020325203252032522
syntactic 0.0020325203252032522
analysis 0.0020325203252032522
parsing 0.0020325203252032522
algorithm 0.0020325203252032522
finite-state 0.0020325203252032522
machine 0.0020325203252032522
deterministic 0.0020325203252032522
pushdown 0.0020325203252032522
automaton 0.0020325203252032522
4.12 0.0020325203252032522
5.22 0.0020325203252032522
5.23 0.0020325203252032522
jb 0.0020325203252032522
february 0.0020325203252032522
3 0.0020325203252032522
1978 0.0020325203252032522
9 0.0020325203252032522
31 0.0020325203252032522
am 0.0020325203252032522
1086 0.0020325203252032522
4 0.0020325203252032522
2179 0.0020325203252032522
1132 0.0020325203252032522
1234 0.0020325203252032522
1263 0.0020325203252032522
1265 0.0020325203252032522
1270 0.0020325203252032522
1323 0.0020325203252032522
1358 0.0020325203252032522
1379 0.0020325203252032522
1380 0.0020325203252032522
1453 0.0020325203252032522
1464 0.0020325203252032522
1484 0.0020325203252032522
1491 0.0020325203252032522
1498 0.0020325203252032522
1542 0.0020325203252032522
1613 0.0020325203252032522
1614 0.0020325203252032522
1683 0.0020325203252032522
1693 0.0020325203252032522
1781 0.0020325203252032522
1787 0.0020325203252032522
1825 0.0020325203252032522
1836 0.0020325203252032522
1860 0.0020325203252032522
1945 0.0020325203252032522
1989 0.0020325203252032522
2015 0.0020325203252032522
2060 0.0020325203252032522
2061 0.0020325203252032522
2083 0.0020325203252032522
2082 0.0020325203252032522
2091 0.0020325203252032522
2152 0.0020325203252032522
2178 0.0020325203252032522
2252 0.0020325203252032522
2325 0.0020325203252032522
2341 0.0020325203252032522
2340 0.0020325203252032522
2356 0.0020325203252032522
2423 0.0020325203252032522
2546 0.0020325203252032522
2603 0.0020325203252032522
2645 0.0020325203252032522
2652 0.0020325203252032522
2684 0.0020325203252032522
2698 0.0020325203252032522
2708 0.0020325203252032522
2824 0.0020325203252032522
2842 0.0020325203252032522
2921 0.0020325203252032522
2929 0.0020325203252032522
2934 0.0020325203252032522
2982 0.0020325203252032522
2986 0.0020325203252032522
3045 0.0020325203252032522
3069 0.0020325203252032522
3093 0.0020325203252032522
3154 0.0020325203252032522
669 0.0020325203252032522
679 0.0020325203252032522
691 0.0020325203252032522
761 0.0020325203252032522
949 0.0020325203252032522
989 0.0020325203252032522
1477 0.0020325203252032522
5 0.0020325203252032522
2110 0.0020325203252032522
2733 0.0020325203252032522
3094 0.0020325203252032522
3184 0.0020325203252032522
6 0.0020325203252032522
2786 0.0020325203252032522
680 0.0020325203252032522
799 0.0020325203252032522
