ca710608 0.11483740896440824
zelkowitz 0.10606339402061143
interrupt 0.012658227848101266
driven 0.012658227848101266
programming 0.012658227848101266
cacm 0.012658227848101266
july 0.012658227848101266
1971 0.012658227848101266
m 0.012658227848101266
interrupts 0.012658227848101266
supervisors 0.012658227848101266
monitors 0.012658227848101266
debugging 0.012658227848101266
parallel 0.012658227848101266
processing 0.012658227848101266
associative 0.012658227848101266
memories 0.012658227848101266
microprogramming 0.012658227848101266
3.51 0.012658227848101266
4.32 0.012658227848101266
4.42 0.012658227848101266
jb 0.012658227848101266
february 0.012658227848101266
3 0.012658227848101266
1978 0.012658227848101266
9 0.012658227848101266
49 0.012658227848101266
am 0.012658227848101266
2182 0.012658227848101266
4 0.012658227848101266
2534 0.012658227848101266
1959 0.012658227848101266
5 0.012658227848101266
2497 0.012658227848101266
830 0.012658227848101266
6 0.012658227848101266
1471 0.012658227848101266
1787 0.012658227848101266
1973 0.012658227848101266
2111 0.012658227848101266
799 0.012658227848101266
