ca710607 0.21600369781400594
summation 0.07142857142857142
binary 0.047619047619047616
cacm 0.023809523809523808
july 0.023809523809523808
1971 0.023809523809523808
walker 0.023809523809523808
r 0.023809523809523808
j 0.023809523809523808
floating-point 0.023809523809523808
addition 0.023809523809523808
round-off 0.023809523809523808
errors 0.023809523809523808
5.11 0.023809523809523808
jb 0.023809523809523808
february 0.023809523809523808
3 0.023809523809523808
1978 0.023809523809523808
9 0.023809523809523808
50 0.023809523809523808
am 0.023809523809523808
2183 0.023809523809523808
4 0.023809523809523808
2282 0.023809523809523808
2049 0.023809523809523808
5 0.023809523809523808
