ca710510 0.24519338670779056
house 0.2264596791250893
function 0.02702702702702703
minimization 0.02702702702702703
cacm 0.02702702702702703
may 0.02702702702702703
1971 0.02702702702702703
f 0.02702702702702703
r 0.02702702702702703
jb 0.02702702702702703
february 0.02702702702702703
3 0.02702702702702703
1978 0.02702702702702703
1 0.02702702702702703
57 0.02702702702702703
pm 0.02702702702702703
2190 0.02702702702702703
4 0.02702702702702703
1372 0.02702702702702703
5 0.02702702702702703
1849 0.02702702702702703
