ca710508 0.09861038378465489
chambers 0.09107617530030764
sorting 0.03260869565217391
partial 0.021739130434782608
algorithm 0.010869565217391304
410 0.010869565217391304
m1 0.010869565217391304
cacm 0.010869565217391304
may 0.010869565217391304
1971 0.010869565217391304
j 0.010869565217391304
m 0.010869565217391304
order 0.010869565217391304
statistics 0.010869565217391304
5.11 0.010869565217391304
5.13 0.010869565217391304
jb 0.010869565217391304
february 0.010869565217391304
3 0.010869565217391304
1978 0.010869565217391304
2 0.010869565217391304
23 0.010869565217391304
pm 0.010869565217391304
1175 0.010869565217391304
4 0.010869565217391304
2191 0.010869565217391304
1919 0.010869565217391304
1969 0.010869565217391304
1997 0.010869565217391304
2388 0.010869565217391304
2679 0.010869565217391304
2783 0.010869565217391304
2784 0.010869565217391304
3054 0.010869565217391304
3121 0.010869565217391304
864 0.010869565217391304
308 0.010869565217391304
5 0.010869565217391304
309 0.010869565217391304
