b6500 0.07395778783849118
swap 0.04333447293217468
rotational 0.04177098340798022
ca710203 0.024652595946163723
the 0.021739130434782608
of 0.019021739130434784
time-sharing 0.01358695652173913
minimization 0.010869565217391304
and 0.010869565217391304
is 0.010869565217391304
a 0.010869565217391304
simulation 0.010869565217391304
system 0.010869565217391304
model 0.008152173913043478
an 0.005434782608695652
some 0.005434782608695652
techniques 0.005434782608695652
effectiveness 0.005434782608695652
as 0.005434782608695652
relocation 0.005434782608695652
delay 0.005434782608695652
volume 0.005434782608695652
data 0.005434782608695652
presented 0.005434782608695652
are 0.005434782608695652
for 0.005434782608695652
this 0.005434782608695652
based 0.005434782608695652
also 0.005434782608695652
february 0.005434782608695652
analysis 0.002717391304347826
certain 0.002717391304347826
such 0.002717391304347826
program 0.002717391304347826
disk 0.002717391304347826
investigated 0.002717391304347826
summary 0.002717391304347826
findings 0.002717391304347826
discussed 0.002717391304347826
vehicle 0.002717391304347826
investigation 0.002717391304347826
was 0.002717391304347826
simula 0.002717391304347826
reflecting 0.002717391304347826
early 0.002717391304347826
framework 0.002717391304347826
planned 0.002717391304347826
burroughs 0.002717391304347826
inasmuch 0.002717391304347826
upon 0.002717391304347826
use 0.002717391304347826
variable 0.002717391304347826
sized 0.002717391304347826
segments 0.002717391304347826
dynamic 0.002717391304347826
overlay 0.002717391304347826
procedure 0.002717391304347826
which 0.002717391304347826
provides 0.002717391304347826
indication 0.002717391304347826
type 0.002717391304347826
organization 0.002717391304347826
in 0.002717391304347826
environment 0.002717391304347826
design 0.002717391304347826
characteristics 0.002717391304347826
operational 0.002717391304347826
capabilities 0.002717391304347826
described 0.002717391304347826
cacm 0.002717391304347826
1971 0.002717391304347826
nielsen 0.002717391304347826
n 0.002717391304347826
r 0.002717391304347826
bulk 0.002717391304347826
core 0.002717391304347826
usage 0.002717391304347826
operating 0.002717391304347826
3.9 0.002717391304347826
4.32 0.002717391304347826
jb 0.002717391304347826
8 0.002717391304347826
1978 0.002717391304347826
9 0.002717391304347826
40 0.002717391304347826
am 0.002717391304347826
1541 0.002717391304347826
4 0.002717391304347826
2218 0.002717391304347826
1751 0.002717391304347826
1805 0.002717391304347826
1846 0.002717391304347826
1892 0.002717391304347826
1901 0.002717391304347826
1924 0.002717391304347826
2060 0.002717391304347826
2085 0.002717391304347826
2095 0.002717391304347826
2128 0.002717391304347826
2188 0.002717391304347826
2277 0.002717391304347826
2297 0.002717391304347826
2317 0.002717391304347826
2319 0.002717391304347826
2329 0.002717391304347826
2358 0.002717391304347826
2373 0.002717391304347826
2374 0.002717391304347826
2380 0.002717391304347826
2434 0.002717391304347826
2499 0.002717391304347826
2498 0.002717391304347826
2501 0.002717391304347826
2526 0.002717391304347826
2582 0.002717391304347826
2596 0.002717391304347826
2667 0.002717391304347826
2668 0.002717391304347826
2669 0.002717391304347826
2734 0.002717391304347826
2828 0.002717391304347826
2862 0.002717391304347826
2863 0.002717391304347826
2881 0.002717391304347826
2902 0.002717391304347826
2911 0.002717391304347826
2928 0.002717391304347826
2996 0.002717391304347826
3000 0.002717391304347826
3006 0.002717391304347826
3067 0.002717391304347826
3112 0.002717391304347826
1380 0.002717391304347826
5 0.002717391304347826
1572 0.002717391304347826
1728 0.002717391304347826
1752 0.002717391304347826
1810 0.002717391304347826
1879 0.002717391304347826
2681 0.002717391304347826
6 0.002717391304347826
