ca710113 0.07316254280796976
decision 0.016129032258064516
tables 0.016129032258064516
comment 0.008064516129032258
on 0.008064516129032258
the 0.008064516129032258
conversion 0.008064516129032258
of 0.008064516129032258
to 0.008064516129032258
computer 0.008064516129032258
programs 0.008064516129032258
cacm 0.008064516129032258
january 0.008064516129032258
1971 0.008064516129032258
pollack 0.008064516129032258
s 0.008064516129032258
l 0.008064516129032258
diagnostic 0.008064516129032258
aids 0.008064516129032258
system 0.008064516129032258
analysis 0.008064516129032258
business 0.008064516129032258
applications 0.008064516129032258
3.50 0.008064516129032258
3.59 0.008064516129032258
4.19 0.008064516129032258
4.29 0.008064516129032258
4.49 0.008064516129032258
jb 0.008064516129032258
february 0.008064516129032258
8 0.008064516129032258
1978 0.008064516129032258
10 0.008064516129032258
09 0.008064516129032258
am 0.008064516129032258
2221 0.008064516129032258
4 0.008064516129032258
2273 0.008064516129032258
2340 0.008064516129032258
2453 0.008064516129032258
2517 0.008064516129032258
2824 0.008064516129032258
2856 0.008064516129032258
2986 0.008064516129032258
3034 0.008064516129032258
1683 0.008064516129032258
5 0.008064516129032258
2053 0.008064516129032258
2726 0.008064516129032258
1172 0.008064516129032258
6 0.008064516129032258
1327 0.008064516129032258
1354 0.008064516129032258
1488 0.008064516129032258
1489 0.008064516129032258
1548 0.008064516129032258
1684 0.008064516129032258
2220 0.008064516129032258
2263 0.008064516129032258
