ca710112 0.0692530939556355
certification 0.015267175572519083
of 0.015267175572519083
sorting 0.015267175572519083
comment 0.007633587786259542
on 0.007633587786259542
london 0.007633587786259542
s 0.007633587786259542
algorithm 0.007633587786259542
245 0.007633587786259542
cacm 0.007633587786259542
january 0.007633587786259542
1971 0.007633587786259542
redish 0.007633587786259542
k 0.007633587786259542
a 0.007633587786259542
proof 0.007633587786259542
algorithms 0.007633587786259542
debugging 0.007633587786259542
metatheory 0.007633587786259542
in-place 0.007633587786259542
4.42 0.007633587786259542
4.49 0.007633587786259542
5.24 0.007633587786259542
5.31 0.007633587786259542
jb 0.007633587786259542
february 0.007633587786259542
8 0.007633587786259542
1978 0.007633587786259542
10 0.007633587786259542
19 0.007633587786259542
am 0.007633587786259542
2021 0.007633587786259542
4 0.007633587786259542
2222 0.007633587786259542
2042 0.007633587786259542
2227 0.007633587786259542
2315 0.007633587786259542
2326 0.007633587786259542
2356 0.007633587786259542
2470 0.007633587786259542
2679 0.007633587786259542
2732 0.007633587786259542
2844 0.007633587786259542
2865 0.007633587786259542
2896 0.007633587786259542
2943 0.007633587786259542
2972 0.007633587786259542
3014 0.007633587786259542
3068 0.007633587786259542
3077 0.007633587786259542
3143 0.007633587786259542
970 0.007633587786259542
5 0.007633587786259542
1800 0.007633587786259542
1818 0.007633587786259542
1834 0.007633587786259542
