of 0.04424778761061947
intrusion 0.04014228012472677
ca710107 0.04014228012472677
the 0.03982300884955752
exercise 0.03528116380318646
a 0.030973451327433628
program 0.022123893805309734
proof 0.017699115044247787
is 0.017699115044247787
programming 0.01327433628318584
find 0.008849557522123894
given 0.008849557522123894
correctness 0.008849557522123894
as 0.008849557522123894
to 0.008849557522123894
methodology 0.008849557522123894
algorithm 0.004424778761061947
first 0.004424778761061947
informal 0.004424778761061947
description 0.004424778761061947
purpose 0.004424778761061947
and 0.004424778761061947
method 0.004424778761061947
used 0.004424778761061947
systematic 0.004424778761061947
technique 0.004424778761061947
described 0.004424778761061947
for 0.004424778761061947
constructing 0.004424778761061947
during 0.004424778761061947
process 0.004424778761061947
coding 0.004424778761061947
it 0.004424778761061947
in 0.004424778761061947
such 0.004424778761061947
way 0.004424778761061947
prevent 0.004424778761061947
logical 0.004424778761061947
errors 0.004424778761061947
termination 0.004424778761061947
treated 0.004424778761061947
separate 0.004424778761061947
finally 0.004424778761061947
some 0.004424778761061947
conclusions 0.004424778761061947
relating 0.004424778761061947
general 0.004424778761061947
are 0.004424778761061947
drawn 0.004424778761061947
cacm 0.004424778761061947
january 0.004424778761061947
1971 0.004424778761061947
hoare 0.004424778761061947
c 0.004424778761061947
r 0.004424778761061947
proofs 0.004424778761061947
programs 0.004424778761061947
documentation 0.004424778761061947
theory 0.004424778761061947
4.0 0.004424778761061947
4.22 0.004424778761061947
5.21 0.004424778761061947
5.23 0.004424778761061947
5.24 0.004424778761061947
jb 0.004424778761061947
february 0.004424778761061947
8 0.004424778761061947
1978 0.004424778761061947
10 0.004424778761061947
40 0.004424778761061947
am 0.004424778761061947
2021 0.004424778761061947
4 0.004424778761061947
2227 0.004424778761061947
2222 0.004424778761061947
2315 0.004424778761061947
2326 0.004424778761061947
2470 0.004424778761061947
2732 0.004424778761061947
2783 0.004424778761061947
2865 0.004424778761061947
2896 0.004424778761061947
2943 0.004424778761061947
3014 0.004424778761061947
3054 0.004424778761061947
3068 0.004424778761061947
3077 0.004424778761061947
3143 0.004424778761061947
1834 0.004424778761061947
5 0.004424778761061947
307 0.004424778761061947
2356 0.004424778761061947
2420 0.004424778761061947
2874 0.004424778761061947
970 0.004424778761061947
6 0.004424778761061947
1491 0.004424778761061947
1682 0.004424778761061947
2317 0.004424778761061947
2683 0.004424778761061947
2871 0.004424778761061947
521 0.004424778761061947
