cellar 0.01942645676271574
admissible 0.01942645676271574
state-symbol 0.01942645676271574
ca600208 0.01942645676271574
bauer 0.014971016160830797
the 0.008565310492505354
of 0.008565310492505354
an 0.006423982869379015
as 0.006423982869379015
by 0.006423982869379015
sequential 0.004282655246252677
syntax 0.004282655246252677
algorithmic 0.004282655246252677
language 0.004282655246252677
such 0.004282655246252677
is 0.004282655246252677
a 0.004282655246252677
in 0.004282655246252677
formula 0.0021413276231263384
translation 0.0021413276231263384
algol 0.0021413276231263384
conveniently 0.0021413276231263384
described 0.0021413276231263384
sequence 0.0021413276231263384
states 0.0021413276231263384
indicated 0.0021413276231263384
element 0.0021413276231263384
called 0.0021413276231263384
transitions 0.0021413276231263384
are 0.0021413276231263384
controlled 0.0021413276231263384
pairs 0.0021413276231263384
which 0.0021413276231263384
may 0.0021413276231263384
be 0.0021413276231263384
represented 0.0021413276231263384
transition 0.0021413276231263384
matrix 0.0021413276231263384
this 0.0021413276231263384
description 0.0021413276231263384
furnishes 0.0021413276231263384
at 0.0021413276231263384
same 0.0021413276231263384
time 0.0021413276231263384
extremely 0.0021413276231263384
simple 0.0021413276231263384
rule 0.0021413276231263384
for 0.0021413276231263384
translating 0.0021413276231263384
into 0.0021413276231263384
machine 0.0021413276231263384
programs 0.0021413276231263384
statements 0.0021413276231263384
treatment 0.0021413276231263384
however 0.0021413276231263384
not 0.0021413276231263384
feasible 0.0021413276231263384
case 0.0021413276231263384
certain 0.0021413276231263384
optimizing 0.0021413276231263384
processes 0.0021413276231263384
recursive 0.0021413276231263384
address 0.0021413276231263384
calculation 0.0021413276231263384
cacm 0.0021413276231263384
february 0.0021413276231263384
1960 0.0021413276231263384
samelson 0.0021413276231263384
k 0.0021413276231263384
f 0.0021413276231263384
l 0.0021413276231263384
jb 0.0021413276231263384
march 0.0021413276231263384
22 0.0021413276231263384
1978 0.0021413276231263384
2 0.0021413276231263384
17 0.0021413276231263384
pm 0.0021413276231263384
224 0.0021413276231263384
4 0.0021413276231263384
364 0.0021413276231263384
1139 0.0021413276231263384
5 0.0021413276231263384
1141 0.0021413276231263384
1215 0.0021413276231263384
1223 0.0021413276231263384
267 0.0021413276231263384
1647 0.0021413276231263384
1781 0.0021413276231263384
1787 0.0021413276231263384
1792 0.0021413276231263384
405 0.0021413276231263384
438 0.0021413276231263384
98 0.0021413276231263384
763 0.0021413276231263384
100 0.0021413276231263384
6 0.0021413276231263384
123 0.0021413276231263384
196 0.0021413276231263384
919 0.0021413276231263384
990 0.0021413276231263384
1007 0.0021413276231263384
1025 0.0021413276231263384
1046 0.0021413276231263384
1131 0.0021413276231263384
1140 0.0021413276231263384
1149 0.0021413276231263384
1179 0.0021413276231263384
1198 0.0021413276231263384
1265 0.0021413276231263384
1303 0.0021413276231263384
1323 0.0021413276231263384
1358 0.0021413276231263384
1366 0.0021413276231263384
1421 0.0021413276231263384
1460 0.0021413276231263384
1462 0.0021413276231263384
1463 0.0021413276231263384
1467 0.0021413276231263384
1468 0.0021413276231263384
1477 0.0021413276231263384
1491 0.0021413276231263384
1496 0.0021413276231263384
1531 0.0021413276231263384
1535 0.0021413276231263384
1565 0.0021413276231263384
1601 0.0021413276231263384
1602 0.0021413276231263384
1605 0.0021413276231263384
1613 0.0021413276231263384
1614 0.0021413276231263384
1626 0.0021413276231263384
1641 0.0021413276231263384
1788 0.0021413276231263384
205 0.0021413276231263384
249 0.0021413276231263384
288 0.0021413276231263384
303 0.0021413276231263384
316 0.0021413276231263384
381 0.0021413276231263384
398 0.0021413276231263384
399 0.0021413276231263384
11 0.0021413276231263384
44 0.0021413276231263384
55 0.0021413276231263384
77 0.0021413276231263384
93 0.0021413276231263384
404 0.0021413276231263384
410 0.0021413276231263384
412 0.0021413276231263384
463 0.0021413276231263384
464 0.0021413276231263384
483 0.0021413276231263384
3184 0.0021413276231263384
3188 0.0021413276231263384
584 0.0021413276231263384
600 0.0021413276231263384
631 0.0021413276231263384
680 0.0021413276231263384
691 0.0021413276231263384
799 0.0021413276231263384
