weighted 0.0410420477158894
ca721204 0.028262166069122276
search 0.01557632398753894
increment 0.009345794392523364
linear 0.009345794392523364
tables 0.009345794392523364
a 0.009345794392523364
hash 0.009345794392523364
of 0.009345794392523364
for 0.006230529595015576
scatter 0.006230529595015576
new 0.006230529595015576
is 0.006230529595015576
the 0.006230529595015576
key 0.006230529595015576
in 0.006230529595015576
and 0.006230529595015576
table 0.006230529595015576
clustering 0.006230529595015576
whose 0.003115264797507788
step 0.003115264797507788
function 0.003115264797507788
being 0.003115264797507788
addressed 0.003115264797507788
presented 0.003115264797507788
comparisons 0.003115264797507788
with 0.003115264797507788
known 0.003115264797507788
methods 0.003115264797507788
are 0.003115264797507788
given 0.003115264797507788
terms 0.003115264797507788
efficiency 0.003115264797507788
computation 0.003115264797507788
complexity 0.003115264797507788
particular 0.003115264797507788
method 0.003115264797507788
applies 0.003115264797507788
to 0.003115264797507788
size 0.003115264797507788
n 0.003115264797507788
2 0.003115264797507788
r 0.003115264797507788
it 0.003115264797507788
allows 0.003115264797507788
full 0.003115264797507788
searching 0.003115264797507788
practically 0.003115264797507788
eliminates 0.003115264797507788
primary 0.003115264797507788
at 0.003115264797507788
very 0.003115264797507788
low 0.003115264797507788
cost 0.003115264797507788
cacm 0.003115264797507788
december 0.003115264797507788
1972 0.003115264797507788
luccio 0.003115264797507788
f 0.003115264797507788
storage 0.003115264797507788
address 0.003115264797507788
length 0.003115264797507788
3.73 0.003115264797507788
3.74 0.003115264797507788
4.9 0.003115264797507788
jb 0.003115264797507788
january 0.003115264797507788
27 0.003115264797507788
1978 0.003115264797507788
11 0.003115264797507788
25 0.003115264797507788
am 0.003115264797507788
1676 0.003115264797507788
4 0.003115264797507788
2251 0.003115264797507788
1682 0.003115264797507788
1728 0.003115264797507788
1860 0.003115264797507788
1973 0.003115264797507788
1992 0.003115264797507788
2018 0.003115264797507788
2032 0.003115264797507788
2033 0.003115264797507788
2107 0.003115264797507788
2109 0.003115264797507788
2138 0.003115264797507788
2203 0.003115264797507788
2359 0.003115264797507788
2524 0.003115264797507788
2530 0.003115264797507788
2534 0.003115264797507788
2537 0.003115264797507788
2543 0.003115264797507788
2552 0.003115264797507788
2559 0.003115264797507788
2573 0.003115264797507788
2770 0.003115264797507788
2974 0.003115264797507788
2991 0.003115264797507788
3053 0.003115264797507788
3083 0.003115264797507788
1785 0.003115264797507788
5 0.003115264797507788
1786 0.003115264797507788
6 0.003115264797507788
