eisenberg 0.08640147912560239
mcguire 0.08640147912560239
ca721113 0.08640147912560239
concurrent 0.01904761904761905
programming 0.01904761904761905
control 0.01904761904761905
m 0.01904761904761905
further 0.009523809523809525
comments 0.009523809523809525
on 0.009523809523809525
dijkstra 0.009523809523809525
s 0.009523809523809525
problem 0.009523809523809525
cacm 0.009523809523809525
november 0.009523809523809525
1972 0.009523809523809525
a 0.009523809523809525
r 0.009523809523809525
critical 0.009523809523809525
section 0.009523809523809525
multiprocessing 0.009523809523809525
4.32 0.009523809523809525
jb 0.009523809523809525
january 0.009523809523809525
27 0.009523809523809525
1978 0.009523809523809525
1 0.009523809523809525
24 0.009523809523809525
pm 0.009523809523809525
1781 0.009523809523809525
4 0.009523809523809525
2256 0.009523809523809525
2150 0.009523809523809525
2228 0.009523809523809525
2317 0.009523809523809525
2342 0.009523809523809525
2376 0.009523809523809525
2618 0.009523809523809525
3184 0.009523809523809525
1198 0.009523809523809525
5 0.009523809523809525
1338 0.009523809523809525
6 0.009523809523809525
1749 0.009523809523809525
