ca721112 0.08640147912560239
doubly-chained 0.01904761904761905
tree 0.01904761904761905
a 0.009523809523809525
note 0.009523809523809525
on 0.009523809523809525
optimal 0.009523809523809525
trees 0.009523809523809525
cacm 0.009523809523809525
november 0.009523809523809525
1972 0.009523809523809525
kennedy 0.009523809523809525
s 0.009523809523809525
file 0.009523809523809525
searching 0.009523809523809525
binary 0.009523809523809525
search 0.009523809523809525
3.73 0.009523809523809525
3.74 0.009523809523809525
5.32 0.009523809523809525
5.6 0.009523809523809525
jb 0.009523809523809525
january 0.009523809523809525
27 0.009523809523809525
1978 0.009523809523809525
1 0.009523809523809525
26 0.009523809523809525
pm 0.009523809523809525
1050 0.009523809523809525
4 0.009523809523809525
2257 0.009523809523809525
1935 0.009523809523809525
1936 0.009523809523809525
2017 0.009523809523809525
2032 0.009523809523809525
2360 0.009523809523809525
2451 0.009523809523809525
2452 0.009523809523809525
2556 0.009523809523809525
2765 0.009523809523809525
1831 0.009523809523809525
5 0.009523809523809525
849 0.009523809523809525
