r398 0.1890032355872552
ca721009 0.1890032355872552
date 0.041666666666666664
statement 0.041666666666666664
function 0.041666666666666664
tableless 0.020833333333333332
conversion 0.020833333333333332
algorithm 0.020833333333333332
cacm 0.020833333333333332
october 0.020833333333333332
1972 0.020833333333333332
robertson 0.020833333333333332
j 0.020833333333333332
d 0.020833333333333332
calendar 0.020833333333333332
fortran 0.020833333333333332
arithmetic 0.020833333333333332
3.15 0.020833333333333332
4.9 0.020833333333333332
5.9 0.020833333333333332
jb 0.020833333333333332
january 0.020833333333333332
27 0.020833333333333332
1978 0.020833333333333332
2 0.020833333333333332
47 0.020833333333333332
pm 0.020833333333333332
2269 0.020833333333333332
4 0.020833333333333332
3115 0.020833333333333332
5 0.020833333333333332
785 0.020833333333333332
