a433 0.10800184890700297
ca721008 0.10800184890700297
slope 0.0997500967574798
akima 0.09492313118476357
curve 0.03571428571428571
interpolation 0.023809523809523808
smooth 0.023809523809523808
fitting 0.023809523809523808
and 0.011904761904761904
based 0.011904761904761904
on 0.011904761904761904
local 0.011904761904761904
procedures 0.011904761904761904
e2 0.011904761904761904
algorithm 0.011904761904761904
cacm 0.011904761904761904
october 0.011904761904761904
1972 0.011904761904761904
h 0.011904761904761904
polynomial 0.011904761904761904
of 0.011904761904761904
5.13 0.011904761904761904
jb 0.011904761904761904
january 0.011904761904761904
27 0.011904761904761904
19782 0.011904761904761904
49 0.011904761904761904
pm 0.011904761904761904
1845 0.011904761904761904
4 0.011904761904761904
2270 0.011904761904761904
1900 0.011904761904761904
2083 0.011904761904761904
2154 0.011904761904761904
2693 0.011904761904761904
988 0.011904761904761904
5 0.011904761904761904
2696 0.011904761904761904
6 0.011904761904761904
