ca720910 0.10800184890700297
interlock 0.0997500967574798
deadlock 0.023809523809523808
comment 0.011904761904761904
on 0.011904761904761904
prevention 0.011904761904761904
method 0.011904761904761904
cacm 0.011904761904761904
september 0.011904761904761904
1972 0.011904761904761904
parnas 0.011904761904761904
d 0.011904761904761904
l 0.011904761904761904
habermann 0.011904761904761904
a 0.011904761904761904
n 0.011904761904761904
multiprogramming 0.011904761904761904
time-sharing 0.011904761904761904
scheduling 0.011904761904761904
resource 0.011904761904761904
allocation 0.011904761904761904
lockout 0.011904761904761904
deadly 0.011904761904761904
embrace 0.011904761904761904
knotting 0.011904761904761904
3.72 0.011904761904761904
4.32 0.011904761904761904
6.20 0.011904761904761904
jb 0.011904761904761904
january 0.011904761904761904
27 0.011904761904761904
1978 0.011904761904761904
4 0.011904761904761904
16 0.011904761904761904
pm 0.011904761904761904
2228 0.011904761904761904
2280 0.011904761904761904
2379 0.011904761904761904
2482 0.011904761904761904
2500 0.011904761904761904
2740 0.011904761904761904
2851 0.011904761904761904
2920 0.011904761904761904
1877 0.011904761904761904
5 0.011904761904761904
