ca720810 0.16200277336050448
generation 0.03571428571428571
permutation 0.03571428571428571
a 0.017857142857142856
note 0.017857142857142856
on 0.017857142857142856
the 0.017857142857142856
of 0.017857142857142856
rosary 0.017857142857142856
permutations 0.017857142857142856
cacm 0.017857142857142856
august 0.017857142857142856
1972 0.017857142857142856
read 0.017857142857142856
r 0.017857142857142856
c 0.017857142857142856
5.39 0.017857142857142856
jb 0.017857142857142856
january 0.017857142857142856
30 0.017857142857142856
1978 0.017857142857142856
9 0.017857142857142856
24 0.017857142857142856
am 0.017857142857142856
2292 0.017857142857142856
4 0.017857142857142856
2505 0.017857142857142856
2189 0.017857142857142856
5 0.017857142857142856
6 0.017857142857142856
521 0.017857142857142856
