non-local 0.12259669335389528
ca720808 0.12259669335389528
wijngaarden 0.11322983956254465
a 0.013513513513513514
bonus 0.013513513513513514
from 0.013513513513513514
van 0.013513513513513514
s 0.013513513513513514
device 0.013513513513513514
cacm 0.013513513513513514
august 0.013513513513513514
1972 0.013513513513513514
morris 0.013513513513513514
jr 0.013513513513513514
j 0.013513513513513514
h 0.013513513513513514
transfers 0.013513513513513514
procedure 0.013513513513513514
returns 0.013513513513513514
4.12 0.013513513513513514
4.13 0.013513513513513514
4.22 0.013513513513513514
jb 0.013513513513513514
january 0.013513513513513514
30 0.013513513513513514
1978 0.013513513513513514
9 0.013513513513513514
27 0.013513513513513514
am 0.013513513513513514
2060 0.013513513513513514
4 0.013513513513513514
2294 0.013513513513513514
2155 0.013513513513513514
2470 0.013513513513513514
2558 0.013513513513513514
2842 0.013513513513513514
3077 0.013513513513513514
3124 0.013513513513513514
3150 0.013513513513513514
1469 0.013513513513513514
5 0.013513513513513514
