ca720713 0.06388841766329754
the 0.028169014084507043
of 0.02112676056338028
mathematical 0.02112676056338028
software 0.02112676056338028
better 0.014084507042253521
steps 0.014084507042253521
to 0.014084507042253521
creation 0.014084507042253521
a 0.014084507042253521
production 0.007042253521126761
some 0.007042253521126761
observations 0.007042253521126761
are 0.007042253521126761
made 0.007042253521126761
on 0.007042253521126761
be 0.007042253521126761
taken 0.007042253521126761
toward 0.007042253521126761
these 0.007042253521126761
suggest 0.007042253521126761
need 0.007042253521126761
for 0.007042253521126761
coordinated 0.007042253521126761
effort 0.007042253521126761
and 0.007042253521126761
center 0.007042253521126761
focus 0.007042253521126761
activities 0.007042253521126761
in 0.007042253521126761
this 0.007042253521126761
area 0.007042253521126761
cacm 0.007042253521126761
july 0.007042253521126761
1972 0.007042253521126761
fosdick 0.007042253521126761
l 0.007042253521126761
d 0.007042253521126761
programming 0.007042253521126761
4.0 0.007042253521126761
jb 0.007042253521126761
january 0.007042253521126761
30 0.007042253521126761
1978 0.007042253521126761
1 0.007042253521126761
32 0.007042253521126761
pm 0.007042253521126761
1330 0.007042253521126761
4 0.007042253521126761
2315 0.007042253521126761
1348 0.007042253521126761
1986 0.007042253521126761
2021 0.007042253521126761
2222 0.007042253521126761
2227 0.007042253521126761
2326 0.007042253521126761
2470 0.007042253521126761
2732 0.007042253521126761
2865 0.007042253521126761
2896 0.007042253521126761
2943 0.007042253521126761
3014 0.007042253521126761
3068 0.007042253521126761
3077 0.007042253521126761
3143 0.007042253521126761
5 0.007042253521126761
1834 0.007042253521126761
1987 0.007042253521126761
728 0.007042253521126761
