1965-1975 0.021600369781400598
impressive 0.021600369781400598
ran 0.021600369781400598
ca720711 0.021600369781400598
the 0.02142857142857143
ambitious 0.019950019351495964
of 0.01904761904761905
spite 0.018299668921591333
and 0.016666666666666666
in 0.016666666666666666
languages 0.011904761904761904
systems 0.009523809523809525
to 0.009523809523809525
system 0.009523809523809525
programming 0.007142857142857143
a 0.007142857142857143
operating 0.007142857142857143
remain 0.004761904761904762
most 0.004761904761904762
s 0.004761904761904762
so 0.004761904761904762
into 0.004761904761904762
interest 0.004761904761904762
they 0.004761904761904762
have 0.004761904761904762
very 0.004761904761904762
important 0.004761904761904762
development 0.004761904761904762
area 0.004761904761904762
all 0.004761904761904762
manufacturers 0.004761904761904762
multiprogramming 0.004761904761904762
increased 0.004761904761904762
gains 0.002380952380952381
by 0.002380952380952381
pl 0.002380952380952381
i 0.002380952380952381
fortran 0.002380952380952381
cobol 0.002380952380952381
which 0.002380952380952381
world 0.002380952380952381
production 0.002380952380952381
programs 0.002380952380952381
are 0.002380952380952381
written 0.002380952380952381
will 0.002380952380952381
foreseeable 0.002380952380952381
future 0.002380952380952381
there 0.002380952380952381
is 0.002380952380952381
great 0.002380952380952381
deal 0.002380952380952381
theoretical 0.002380952380952381
algol 0.002380952380952381
68 0.002380952380952381
extensible 0.002380952380952381
but 0.002380952380952381
far 0.002380952380952381
at 0.002380952380952381
least 0.002380952380952381
had 0.002380952380952381
little 0.002380952380952381
practical 0.002380952380952381
impact 0.002380952380952381
problem-oriented 0.002380952380952381
may 0.002380952380952381
well 0.002380952380952381
become 0.002380952380952381
language 0.002380952380952381
next 0.002380952380952381
five 0.002380952380952381
ten 0.002380952380952381
years 0.002380952380952381
major 0.002380952380952381
computer 0.002380952380952381
set 0.002380952380952381
out 0.002380952380952381
produce 0.002380952380952381
similar 0.002380952380952381
problems 0.002380952380952381
number 0.002380952380952381
university 0.002380952380952381
projects 0.002380952380952381
though 0.002380952380952381
not 0.002380952380952381
directly 0.002380952380952381
comparable 0.002380952380952381
those 0.002380952380952381
contributed 0.002380952380952381
greatly 0.002380952380952381
better 0.002380952380952381
understanding 0.002380952380952381
principles 0.002380952380952381
trends 0.002380952380952381
include 0.002380952380952381
measurement 0.002380952380952381
evaluation 0.002380952380952381
techniques 0.002380952380952381
use 0.002380952380952381
microprogramming 0.002380952380952381
for 0.002380952380952381
some 0.002380952380952381
functions 0.002380952380952381
cacm 0.002380952380952381
july 0.002380952380952381
1972 0.002380952380952381
rosen 0.002380952380952381
history 0.002380952380952381
1.2 0.002380952380952381
4.22 0.002380952380952381
4.32 0.002380952380952381
jb 0.002380952380952381
january 0.002380952380952381
30 0.002380952380952381
1978 0.002380952380952381
1 0.002380952380952381
47 0.002380952380952381
pm 0.002380952380952381
1665 0.002380952380952381
4 0.002380952380952381
2317 0.002380952380952381
1768 0.002380952380952381
1781 0.002380952380952381
1787 0.002380952380952381
1805 0.002380952380952381
1824 0.002380952380952381
1825 0.002380952380952381
1828 0.002380952380952381
1836 0.002380952380952381
1846 0.002380952380952381
1854 0.002380952380952381
1861 0.002380952380952381
1877 0.002380952380952381
1892 0.002380952380952381
1960 0.002380952380952381
2015 0.002380952380952381
2110 0.002380952380952381
2126 0.002380952380952381
2127 0.002380952380952381
2150 0.002380952380952381
2187 0.002380952380952381
2188 0.002380952380952381
2218 0.002380952380952381
2228 0.002380952380952381
2256 0.002380952380952381
2314 0.002380952380952381
2319 0.002380952380952381
2358 0.002380952380952381
2377 0.002380952380952381
2342 0.002380952380952381
2376 0.002380952380952381
2379 0.002380952380952381
2424 0.002380952380952381
2482 0.002380952380952381
2545 0.002380952380952381
2546 0.002380952380952381
2618 0.002380952380952381
2625 0.002380952380952381
2632 0.002380952380952381
2698 0.002380952380952381
2704 0.002380952380952381
2723 0.002380952380952381
2733 0.002380952380952381
2738 0.002380952380952381
2740 0.002380952380952381
2741 0.002380952380952381
2842 0.002380952380952381
2867 0.002380952380952381
3184 0.002380952380952381
1198 0.002380952380952381
5 0.002380952380952381
1572 0.002380952380952381
1693 0.002380952380952381
1749 0.002380952380952381
1753 0.002380952380952381
2148 0.002380952380952381
2874 0.002380952380952381
1682 0.002380952380952381
6 0.002380952380952381
2227 0.002380952380952381
2683 0.002380952380952381
2871 0.002380952380952381
521 0.002380952380952381
