gaps 0.020478905887558126
exceptional 0.020478905887558126
modularizing 0.020478905887558126
sector 0.020478905887558126
ca720709 0.020478905887558126
system 0.01805869074492099
of 0.01580135440180587
the 0.01580135440180587
operating 0.013544018058690745
performance 0.011286681715575621
and 0.011286681715575621
an 0.009029345372460496
a 0.009029345372460496
to 0.006772009029345372
future 0.004514672686230248
is 0.004514672686230248
subsystems 0.004514672686230248
have 0.004514672686230248
developed 0.004514672686230248
in 0.004514672686230248
severe 0.004514672686230248
total 0.004514672686230248
be 0.004514672686230248
design 0.004514672686230248
such 0.004514672686230248
will 0.004514672686230248
computer 0.004514672686230248
measurement 0.004514672686230248
storage 0.004514672686230248
facility 0.004514672686230248
overview 0.002257336343115124
current 0.002257336343115124
positions 0.002257336343115124
with 0.002257336343115124
respect 0.002257336343115124
given 0.002257336343115124
while 0.002257336343115124
great 0.002257336343115124
deal 0.002257336343115124
information 0.002257336343115124
large 0.002257336343115124
number 0.002257336343115124
models 0.002257336343115124
for 0.002257336343115124
been 0.002257336343115124
still 0.002257336343115124
exist 0.002257336343115124
out 0.002257336343115124
knowledge 0.002257336343115124
because 0.002257336343115124
interactions 0.002257336343115124
between 0.002257336343115124
various 0.002257336343115124
overall 0.002257336343115124
model 0.002257336343115124
must 0.002257336343115124
able 0.002257336343115124
analyze 0.002257336343115124
aspects 0.002257336343115124
although 0.002257336343115124
designs 0.002257336343115124
are 0.002257336343115124
today 0.002257336343115124
it 0.002257336343115124
projected 0.002257336343115124
that 0.002257336343115124
they 0.002257336343115124
become 0.002257336343115124
increasingly 0.002257336343115124
more 0.002257336343115124
common 0.002257336343115124
necessary 0.002257336343115124
near 0.002257336343115124
philosophy 0.002257336343115124
clearly 0.002257336343115124
impact 0.002257336343115124
on 0.002257336343115124
way 0.002257336343115124
we 0.002257336343115124
go 0.002257336343115124
about 0.002257336343115124
systems 0.002257336343115124
cacm 0.002257336343115124
july 0.002257336343115124
1972 0.002257336343115124
lynch 0.002257336343115124
w 0.002257336343115124
c 0.002257336343115124
evaluation 0.002257336343115124
techniques 0.002257336343115124
modularity 0.002257336343115124
layering 0.002257336343115124
structured 0.002257336343115124
programming 0.002257336343115124
paging 0.002257336343115124
virtual 0.002257336343115124
memory 0.002257336343115124
input 0.002257336343115124
output 0.002257336343115124
disk 0.002257336343115124
drum 0.002257336343115124
queueing 0.002257336343115124
4.30 0.002257336343115124
6.20 0.002257336343115124
jb 0.002257336343115124
january 0.002257336343115124
30 0.002257336343115124
1978 0.002257336343115124
2 0.002257336343115124
33 0.002257336343115124
pm 0.002257336343115124
1828 0.002257336343115124
4 0.002257336343115124
2319 0.002257336343115124
1854 0.002257336343115124
1877 0.002257336343115124
1892 0.002257336343115124
1901 0.002257336343115124
1960 0.002257336343115124
2085 0.002257336343115124
2095 0.002257336343115124
2150 0.002257336343115124
2193 0.002257336343115124
2218 0.002257336343115124
2258 0.002257336343115124
2277 0.002257336343115124
2317 0.002257336343115124
2313 0.002257336343115124
2329 0.002257336343115124
2358 0.002257336343115124
2377 0.002257336343115124
2378 0.002257336343115124
2373 0.002257336343115124
2359 0.002257336343115124
2342 0.002257336343115124
2376 0.002257336343115124
2379 0.002257336343115124
2380 0.002257336343115124
2320 0.002257336343115124
2424 0.002257336343115124
2434 0.002257336343115124
2437 0.002257336343115124
2482 0.002257336343115124
2499 0.002257336343115124
2480 0.002257336343115124
2501 0.002257336343115124
2552 0.002257336343115124
2582 0.002257336343115124
2594 0.002257336343115124
2618 0.002257336343115124
2632 0.002257336343115124
2669 0.002257336343115124
2704 0.002257336343115124
2709 0.002257336343115124
2723 0.002257336343115124
2738 0.002257336343115124
2740 0.002257336343115124
2741 0.002257336343115124
2781 0.002257336343115124
2828 0.002257336343115124
2860 0.002257336343115124
2863 0.002257336343115124
2867 0.002257336343115124
2868 0.002257336343115124
2881 0.002257336343115124
2894 0.002257336343115124
2928 0.002257336343115124
2939 0.002257336343115124
2972 0.002257336343115124
2991 0.002257336343115124
2996 0.002257336343115124
3006 0.002257336343115124
3054 0.002257336343115124
3067 0.002257336343115124
3127 0.002257336343115124
3155 0.002257336343115124
3184 0.002257336343115124
1408 0.002257336343115124
5 0.002257336343115124
1719 0.002257336343115124
1749 0.002257336343115124
1751 0.002257336343115124
2016 0.002257336343115124
2017 0.002257336343115124
2080 0.002257336343115124
2188 0.002257336343115124
2203 0.002257336343115124
2204 0.002257336343115124
