frank 0.17788539819976962
lazarus 0.17788539819976962
ca600104 0.17788539819976962
r 0.0392156862745098
a 0.0196078431372549
high-speed 0.0196078431372549
sorting 0.0196078431372549
procedure 0.0196078431372549
cacm 0.0196078431372549
january 0.0196078431372549
1960 0.0196078431372549
m 0.0196078431372549
b 0.0196078431372549
jb 0.0196078431372549
march 0.0196078431372549
22 0.0196078431372549
1978 0.0196078431372549
2 0.0196078431372549
27 0.0196078431372549
pm 0.0196078431372549
232 0.0196078431372549
5 0.0196078431372549
852 0.0196078431372549
864 0.0196078431372549
6 0.0196078431372549
309 0.0196078431372549
74 0.0196078431372549
