libraries 0.04425441613750366
ca720703 0.04425441613750366
of 0.02926829268292683
5.25 0.02442601553771937
mathematics 0.024390243902439025
numerical 0.01951219512195122
algorithms 0.01951219512195122
and 0.014634146341463415
analysis 0.014634146341463415
computer 0.00975609756097561
science 0.00975609756097561
the 0.00975609756097561
continuous 0.00975609756097561
are 0.00975609756097561
is 0.004878048780487805
viewed 0.004878048780487805
as 0.004878048780487805
four 0.004878048780487805
components 0.004878048780487805
discussed 0.004878048780487805
these 0.004878048780487805
foundations 0.004878048780487805
finite 0.004878048780487805
precision 0.004878048780487805
number 0.004878048780487805
systems 0.004878048780487805
computational 0.004878048780487805
complexity 0.004878048780487805
synthesis 0.004878048780487805
error 0.004878048780487805
programs 0.004878048780487805
program 0.004878048780487805
cacm 0.004878048780487805
july 0.004878048780487805
1972 0.004878048780487805
traub 0.004878048780487805
j 0.004878048780487805
f 0.004878048780487805
computation 0.004878048780487805
1.3 0.004878048780487805
5.0 0.004878048780487805
5.1 0.004878048780487805
jb 0.004878048780487805
january 0.004878048780487805
30 0.004878048780487805
1978 0.004878048780487805
3 0.004878048780487805
17 0.004878048780487805
pm 0.004878048780487805
1086 0.004878048780487805
4 0.004878048780487805
2325 0.004878048780487805
1132 0.004878048780487805
1234 0.004878048780487805
1263 0.004878048780487805
1265 0.004878048780487805
1270 0.004878048780487805
1323 0.004878048780487805
1358 0.004878048780487805
1379 0.004878048780487805
1380 0.004878048780487805
1453 0.004878048780487805
1464 0.004878048780487805
1484 0.004878048780487805
1491 0.004878048780487805
1498 0.004878048780487805
1613 0.004878048780487805
1614 0.004878048780487805
1781 0.004878048780487805
1825 0.004878048780487805
1860 0.004878048780487805
2083 0.004878048780487805
2178 0.004878048780487805
2179 0.004878048780487805
2252 0.004878048780487805
2341 0.004878048780487805
2546 0.004878048780487805
2645 0.004878048780487805
2652 0.004878048780487805
2684 0.004878048780487805
2842 0.004878048780487805
2929 0.004878048780487805
2934 0.004878048780487805
3069 0.004878048780487805
669 0.004878048780487805
679 0.004878048780487805
691 0.004878048780487805
761 0.004878048780487805
949 0.004878048780487805
989 0.004878048780487805
5 0.004878048780487805
3184 0.004878048780487805
