fix 0.13514529238110165
ca720702 0.03658127140398488
of 0.036290322580645164
vuillemin 0.032151383143226374
the 0.024193548387096774
programs 0.016129032258064516
point 0.008064516129032258
to 0.008064516129032258
theory 0.008064516129032258
semantics 0.008064516129032258
computer 0.008064516129032258
in 0.008064516129032258
least 0.008064516129032258
points 0.008064516129032258
recursive 0.008064516129032258
verification 0.008064516129032258
techniques 0.008064516129032258
approach 0.004032258064516129
computation 0.004032258064516129
following 0.004032258064516129
scott 0.004032258064516129
are 0.004032258064516129
defined 0.004032258064516129
terms 0.004032258064516129
this 0.004032258064516129
allows 0.004032258064516129
not 0.004032258064516129
only 0.004032258064516129
justification 0.004032258064516129
all 0.004032258064516129
existing 0.004032258064516129
but 0.004032258064516129
also 0.004032258064516129
their 0.004032258064516129
extension 0.004032258064516129
handling 0.004032258064516129
a 0.004032258064516129
uniform 0.004032258064516129
manner 0.004032258064516129
various 0.004032258064516129
properties 0.004032258064516129
including 0.004032258064516129
correctness 0.004032258064516129
termination 0.004032258064516129
and 0.004032258064516129
equivalence 0.004032258064516129
cacm 0.004032258064516129
july 0.004032258064516129
1972 0.004032258064516129
manna 0.004032258064516129
z 0.004032258064516129
j 0.004032258064516129
programming 0.004032258064516129
languages 0.004032258064516129
computational 0.004032258064516129
induction 0.004032258064516129
5.23 0.004032258064516129
5.24 0.004032258064516129
jb 0.004032258064516129
january 0.004032258064516129
30 0.004032258064516129
1978 0.004032258064516129
3 0.004032258064516129
42 0.004032258064516129
pm 0.004032258064516129
1469 0.004032258064516129
4 0.004032258064516129
2326 0.004032258064516129
1486 0.004032258064516129
1491 0.004032258064516129
1781 0.004032258064516129
2021 0.004032258064516129
2178 0.004032258064516129
2193 0.004032258064516129
2222 0.004032258064516129
2227 0.004032258064516129
2315 0.004032258064516129
2470 0.004032258064516129
2477 0.004032258064516129
2457 0.004032258064516129
2541 0.004032258064516129
2594 0.004032258064516129
2684 0.004032258064516129
2732 0.004032258064516129
2842 0.004032258064516129
2865 0.004032258064516129
2896 0.004032258064516129
2903 0.004032258064516129
2943 0.004032258064516129
3004 0.004032258064516129
3014 0.004032258064516129
3044 0.004032258064516129
3068 0.004032258064516129
3077 0.004032258064516129
3143 0.004032258064516129
1303 0.004032258064516129
5 0.004032258064516129
1323 0.004032258064516129
1834 0.004032258064516129
2192 0.004032258064516129
2411 0.004032258064516129
3186 0.004032258064516129
2138 0.004032258064516129
6 0.004032258064516129
