science-a 0.05305353981396638
ca720616 0.05305353981396638
vicious 0.04900004752999008
kandel 0.04900004752999008
computer 0.017543859649122806
circle 0.005847953216374269
cacm 0.005847953216374269
june 0.005847953216374269
1972 0.005847953216374269
a 0.005847953216374269
education 0.005847953216374269
engineering 0.005847953216374269
science 0.005847953216374269
curriculum 0.005847953216374269
systems 0.005847953216374269
design 0.005847953216374269
1.52 0.005847953216374269
6.0 0.005847953216374269
jb 0.005847953216374269
january 0.005847953216374269
30 0.005847953216374269
1978 0.005847953216374269
3 0.005847953216374269
49 0.005847953216374269
pm 0.005847953216374269
1892 0.005847953216374269
4 0.005847953216374269
2329 0.005847953216374269
1901 0.005847953216374269
2085 0.005847953216374269
2095 0.005847953216374269
2218 0.005847953216374269
2277 0.005847953216374269
2319 0.005847953216374269
2358 0.005847953216374269
2373 0.005847953216374269
2380 0.005847953216374269
2434 0.005847953216374269
2499 0.005847953216374269
2501 0.005847953216374269
2582 0.005847953216374269
2669 0.005847953216374269
2828 0.005847953216374269
2863 0.005847953216374269
2881 0.005847953216374269
2928 0.005847953216374269
2996 0.005847953216374269
3006 0.005847953216374269
3067 0.005847953216374269
1751 0.005847953216374269
5 0.005847953216374269
2478 0.005847953216374269
3003 0.005847953216374269
1205 0.005847953216374269
6 0.005847953216374269
1659 0.005847953216374269
1678 0.005847953216374269
1771 0.005847953216374269
1927 0.005847953216374269
1945 0.005847953216374269
2097 0.005847953216374269
2147 0.005847953216374269
2163 0.005847953216374269
2187 0.005847953216374269
2345 0.005847953216374269
2367 0.005847953216374269
2407 0.005847953216374269
2479 0.005847953216374269
2480 0.005847953216374269
2538 0.005847953216374269
