ca720515 0.03600061630233432
systems 0.023809523809523808
information 0.01984126984126984
for 0.015873015873015872
programs 0.011904761904761904
in 0.011904761904761904
is 0.011904761904761904
and 0.011904761904761904
curriculum 0.007936507936507936
graduate 0.007936507936507936
professional 0.007936507936507936
the 0.007936507936507936
education 0.007936507936507936
discussed 0.007936507936507936
are 0.007936507936507936
management 0.007936507936507936
analysis 0.007936507936507936
recommendations 0.003968253968253968
need 0.003968253968253968
related 0.003968253968253968
to 0.003968253968253968
organizations 0.003968253968253968
a 0.003968253968253968
proposed 0.003968253968253968
universities 0.003968253968253968
at 0.003968253968253968
master 0.003968253968253968
s 0.003968253968253968
level 0.003968253968253968
material 0.003968253968253968
necessary 0.003968253968253968
such 0.003968253968253968
identified 0.003968253968253968
courses 0.003968253968253968
incorporating 0.003968253968253968
it 0.003968253968253968
specified 0.003968253968253968
detailed 0.003968253968253968
course 0.003968253968253968
descriptions 0.003968253968253968
presented 0.003968253968253968
program 0.003968253968253968
organization 0.003968253968253968
implementation 0.003968253968253968
questions 0.003968253968253968
considered 0.003968253968253968
cacm 0.003968253968253968
may 0.003968253968253968
1972 0.003968253968253968
ashenhurst 0.003968253968253968
r 0.003968253968253968
l 0.003968253968253968
development 0.003968253968253968
system 0.003968253968253968
design 0.003968253968253968
1.52 0.003968253968253968
3.51 0.003968253968253968
jb 0.003968253968253968
january 0.003968253968253968
31 0.003968253968253968
1978 0.003968253968253968
9 0.003968253968253968
28 0.003968253968253968
am 0.003968253968253968
1720 0.003968253968253968
4 0.003968253968253968
2345 0.003968253968253968
1927 0.003968253968253968
2147 0.003968253968253968
2163 0.003968253968253968
2407 0.003968253968253968
2478 0.003968253968253968
2594 0.003968253968253968
2852 0.003968253968253968
2899 0.003968253968253968
3130 0.003968253968253968
1771 0.003968253968253968
5 0.003968253968253968
2181 0.003968253968253968
3003 0.003968253968253968
3011 0.003968253968253968
3050 0.003968253968253968
1417 0.003968253968253968
6 0.003968253968253968
1659 0.003968253968253968
1678 0.003968253968253968
1945 0.003968253968253968
2075 0.003968253968253968
2097 0.003968253968253968
2187 0.003968253968253968
2302 0.003968253968253968
2329 0.003968253968253968
2367 0.003968253968253968
2387 0.003968253968253968
2479 0.003968253968253968
2480 0.003968253968253968
2485 0.003968253968253968
2538 0.003968253968253968
