a426 0.1564164708308319
ca720512 0.1564164708308319
bron 0.13747487964689897
merge 0.034482758620689655
sort 0.034482758620689655
algorithm 0.034482758620689655
m1 0.017241379310344827
cacm 0.017241379310344827
may 0.017241379310344827
1972 0.017241379310344827
c 0.017241379310344827
5.31 0.017241379310344827
jb 0.017241379310344827
january 0.017241379310344827
31 0.017241379310344827
1978 0.017241379310344827
9 0.017241379310344827
33 0.017241379310344827
am 0.017241379310344827
1919 0.017241379310344827
4 0.017241379310344827
2348 0.017241379310344827
1969 0.017241379310344827
2118 0.017241379310344827
2679 0.017241379310344827
3054 0.017241379310344827
1175 0.017241379310344827
5 0.017241379310344827
2563 0.017241379310344827
6 0.017241379310344827
