a425 0.08558637083196462
hurst 0.08558637083196462
ca720511 0.08558637083196462
normal 0.02830188679245283
random 0.018867924528301886
r 0.018867924528301886
density 0.018867924528301886
distribution 0.018867924528301886
gaussian 0.018867924528301886
generation 0.009433962264150943
of 0.009433962264150943
correlated 0.009433962264150943
variables 0.009433962264150943
g5 0.009433962264150943
algorithm 0.009433962264150943
cacm 0.009433962264150943
may 0.009433962264150943
1972 0.009433962264150943
l 0.009433962264150943
knop 0.009433962264150943
e 0.009433962264150943
number 0.009433962264150943
simulation 0.009433962264150943
monte 0.009433962264150943
carlo 0.009433962264150943
5.5 0.009433962264150943
jb 0.009433962264150943
january 0.009433962264150943
31 0.009433962264150943
1978 0.009433962264150943
9 0.009433962264150943
35 0.009433962264150943
am 0.009433962264150943
1663 0.009433962264150943
4 0.009433962264150943
2349 0.009433962264150943
2057 0.009433962264150943
2565 0.009433962264150943
1648 0.009433962264150943
5 0.009433962264150943
1716 0.009433962264150943
1794 0.009433962264150943
1894 0.009433962264150943
2043 0.009433962264150943
501 0.009433962264150943
613 0.009433962264150943
774 0.009433962264150943
