a424 0.08400143803878009
ca720510 0.08400143803878009
clenshaw-curtis 0.07116537913952184
gentleman 0.06908766829957146
quadrature 0.018518518518518517
transform 0.018518518518518517
d1 0.009259259259259259
algorithm 0.009259259259259259
cacm 0.009259259259259259
may 0.009259259259259259
1972 0.009259259259259259
w 0.009259259259259259
chebyshev 0.009259259259259259
series 0.009259259259259259
cosine 0.009259259259259259
fast 0.009259259259259259
fourier 0.009259259259259259
5.1 0.009259259259259259
jb 0.009259259259259259
january 0.009259259259259259
31 0.009259259259259259
1978 0.009259259259259259
9 0.009259259259259259
37 0.009259259259259259
am 0.009259259259259259
2355 0.009259259259259259
4 0.009259259259259259
2350 0.009259259259259259
2354 0.009259259259259259
2640 0.009259259259259259
1418 0.009259259259259259
5 0.009259259259259259
6 0.009259259259259259
1521 0.009259259259259259
1597 0.009259259259259259
1679 0.009259259259259259
1883 0.009259259259259259
2040 0.009259259259259259
