ca720508 0.20160345129307225
approximation 0.08888888888888889
minimax 0.044444444444444446
nonlinear 0.044444444444444446
by 0.022222222222222223
on 0.022222222222222223
subsets 0.022222222222222223
cacm 0.022222222222222223
may 0.022222222222222223
1972 0.022222222222222223
dunham 0.022222222222222223
c 0.022222222222222223
b 0.022222222222222223
subset 0.022222222222222223
5.13 0.022222222222222223
jb 0.022222222222222223
january 0.022222222222222223
31 0.022222222222222223
1978 0.022222222222222223
9 0.022222222222222223
40 0.022222222222222223
am 0.022222222222222223
2352 0.022222222222222223
4 0.022222222222222223
2353 0.022222222222222223
2094 0.022222222222222223
5 0.022222222222222223
