ca720504 0.02614453979304971
software 0.01729106628242075
the 0.01729106628242075
to 0.01440922190201729
of 0.011527377521613832
a 0.008645533141210375
specification 0.008645533141210375
goal 0.008645533141210375
is 0.008645533141210375
technique 0.005763688760806916
for 0.005763688760806916
with 0.005763688760806916
examples 0.005763688760806916
specifications 0.005763688760806916
information 0.005763688760806916
module 0.002881844380403458
this 0.002881844380403458
paper 0.002881844380403458
presents 0.002881844380403458
an 0.002881844380403458
approach 0.002881844380403458
writing 0.002881844380403458
parts 0.002881844380403458
systems 0.002881844380403458
main 0.002881844380403458
provide 0.002881844380403458
sufficiently 0.002881844380403458
precise 0.002881844380403458
and 0.002881844380403458
complete 0.002881844380403458
that 0.002881844380403458
other 0.002881844380403458
pieces 0.002881844380403458
can 0.002881844380403458
be 0.002881844380403458
written 0.002881844380403458
interact 0.002881844380403458
piece 0.002881844380403458
specified 0.002881844380403458
without 0.002881844380403458
additional 0.002881844380403458
secondary 0.002881844380403458
include 0.002881844380403458
in 0.002881844380403458
no 0.002881844380403458
more 0.002881844380403458
than 0.002881844380403458
necessary 0.002881844380403458
meet 0.002881844380403458
first 0.002881844380403458
illustrated 0.002881844380403458
by 0.002881844380403458
means 0.002881844380403458
variety 0.002881844380403458
from 0.002881844380403458
tutorial 0.002881844380403458
system 0.002881844380403458
cacm 0.002881844380403458
may 0.002881844380403458
1972 0.002881844380403458
parnas 0.002881844380403458
d 0.002881844380403458
l 0.002881844380403458
modules 0.002881844380403458
engineering 0.002881844380403458
design 0.002881844380403458
4.0 0.002881844380403458
4.29 0.002881844380403458
4.9 0.002881844380403458
jb 0.002881844380403458
january 0.002881844380403458
31 0.002881844380403458
1978 0.002881844380403458
10 0.002881844380403458
47 0.002881844380403458
am 0.002881844380403458
1542 0.002881844380403458
4 0.002881844380403458
2356 0.002881844380403458
1683 0.002881844380403458
1693 0.002881844380403458
1781 0.002881844380403458
1787 0.002881844380403458
1836 0.002881844380403458
1945 0.002881844380403458
2042 0.002881844380403458
2060 0.002881844380403458
2061 0.002881844380403458
2082 0.002881844380403458
2091 0.002881844380403458
2152 0.002881844380403458
2179 0.002881844380403458
2222 0.002881844380403458
2340 0.002881844380403458
2420 0.002881844380403458
2546 0.002881844380403458
2603 0.002881844380403458
2679 0.002881844380403458
2698 0.002881844380403458
2708 0.002881844380403458
2824 0.002881844380403458
2844 0.002881844380403458
2874 0.002881844380403458
2972 0.002881844380403458
2982 0.002881844380403458
2986 0.002881844380403458
3045 0.002881844380403458
3093 0.002881844380403458
3143 0.002881844380403458
970 0.002881844380403458
5 0.002881844380403458
1491 0.002881844380403458
2227 0.002881844380403458
2704 0.002881844380403458
2738 0.002881844380403458
2866 0.002881844380403458
2869 0.002881844380403458
2941 0.002881844380403458
2958 0.002881844380403458
3004 0.002881844380403458
3030 0.002881844380403458
1247 0.002881844380403458
6 0.002881844380403458
1425 0.002881844380403458
1471 0.002881844380403458
1552 0.002881844380403458
1749 0.002881844380403458
2080 0.002881844380403458
2247 0.002881844380403458
2379 0.002881844380403458
2436 0.002881844380403458
2456 0.002881844380403458
2457 0.002881844380403458
2558 0.002881844380403458
2597 0.002881844380403458
2651 0.002881844380403458
2673 0.002881844380403458
2777 0.002881844380403458
2796 0.002881844380403458
3186 0.002881844380403458
