double-chained 0.15777661405544782
hu 0.07888830702772391
ca720413 0.07888830702772391
tree 0.02608695652173913
a 0.008695652173913044
comment 0.008695652173913044
on 0.008695652173913044
the 0.008695652173913044
cacm 0.008695652173913044
april 0.008695652173913044
1972 0.008695652173913044
t 0.008695652173913044
c 0.008695652173913044
file 0.008695652173913044
searching 0.008695652173913044
binary 0.008695652173913044
search 0.008695652173913044
3.73 0.008695652173913044
3.74 0.008695652173913044
5.32 0.008695652173913044
5.6 0.008695652173913044
jb 0.008695652173913044
january 0.008695652173913044
31 0.008695652173913044
1978 0.008695652173913044
12 0.008695652173913044
pm 0.008695652173913044
1050 0.008695652173913044
4 0.008695652173913044
2360 0.008695652173913044
1935 0.008695652173913044
1936 0.008695652173913044
2017 0.008695652173913044
2032 0.008695652173913044
2257 0.008695652173913044
2451 0.008695652173913044
2452 0.008695652173913044
2556 0.008695652173913044
2765 0.008695652173913044
1831 0.008695652173913044
5 0.008695652173913044
849 0.008695652173913044
6 0.008695652173913044
