ca720412 0.1417524266904414
walden 0.13092200199419224
a 0.015625
note 0.015625
on 0.015625
cheney 0.015625
s 0.015625
nonrecursive 0.015625
list-compacting 0.015625
algorithm 0.015625
cacm 0.015625
april 0.015625
1972 0.015625
d 0.015625
c 0.015625
list 0.015625
compacting 0.015625
garbage 0.015625
collection 0.015625
4.19 0.015625
4.49 0.015625
jb 0.015625
january 0.015625
31 0.015625
1978 0.015625
12 0.015625
32 0.015625
pm 0.015625
2156 0.015625
4 0.015625
2361 0.015625
2513 0.015625
2736 0.015625
2855 0.015625
3074 0.015625
3106 0.015625
3112 0.015625
5 0.015625
