a423 0.1417524266904414
ca720411 0.1417524266904414
linear 0.03125
memory 0.03125
equation 0.015625
solver 0.015625
f4 0.015625
algorithm 0.015625
cacm 0.015625
april 0.015625
1972 0.015625
moler 0.015625
c 0.015625
b 0.015625
matrix 0.015625
algorithms 0.015625
equations 0.015625
fortran 0.015625
paged 0.015625
virtual 0.015625
array 0.015625
processing 0.015625
4.22 0.015625
4.32 0.015625
5.14 0.015625
jb 0.015625
january 0.015625
31 0.015625
1978 0.015625
12 0.015625
34 0.015625
pm 0.015625
2362 0.015625
4 0.015625
3152 0.015625
5 0.015625
2365 0.015625
987 0.015625
6 0.015625
1754 0.015625
1924 0.015625
