c380 0.1487238575112828
ca720111 0.1487238575112828
rectangular 0.03278688524590164
matrix 0.03278688524590164
in-situ 0.01639344262295082
transposition 0.01639344262295082
of 0.01639344262295082
a 0.01639344262295082
f1 0.01639344262295082
algorithm 0.01639344262295082
cacm 0.01639344262295082
january 0.01639344262295082
1972 0.01639344262295082
macleod 0.01639344262295082
i 0.01639344262295082
d 0.01639344262295082
g 0.01639344262295082
transpose 0.01639344262295082
5.14 0.01639344262295082
jb 0.01639344262295082
february 0.01639344262295082
1 0.01639344262295082
1978 0.01639344262295082
8 0.01639344262295082
57 0.01639344262295082
am 0.01639344262295082
2057 0.01639344262295082
4 0.01639344262295082
2392 0.01639344262295082
2058 0.01639344262295082
2416 0.01639344262295082
1600 0.01639344262295082
5 0.01639344262295082
2055 0.01639344262295082
