ca731114 0.0945016177936276
brent 0.08305773978666812
storage 0.03125
scatter 0.020833333333333332
j 0.020833333333333332
comment 0.010416666666666666
on 0.010416666666666666
s 0.010416666666666666
algorithm 0.010416666666666666
cacm 0.010416666666666666
november 0.010416666666666666
1973 0.010416666666666666
feldman 0.010416666666666666
a 0.010416666666666666
low 0.010416666666666666
r 0.010416666666666666
hashing 0.010416666666666666
information 0.010416666666666666
and 0.010416666666666666
retrieval 0.010416666666666666
searching 0.010416666666666666
symbol 0.010416666666666666
table 0.010416666666666666
3.7 0.010416666666666666
3.73 0.010416666666666666
3.74 0.010416666666666666
4.1 0.010416666666666666
4.9 0.010416666666666666
jb 0.010416666666666666
january 0.010416666666666666
19 0.010416666666666666
1978 0.010416666666666666
4 0.010416666666666666
40 0.010416666666666666
pm 0.010416666666666666
2412 0.010416666666666666
3053 0.010416666666666666
3083 0.010416666666666666
5 0.010416666666666666
2543 0.010416666666666666
1329 0.010416666666666666
6 0.010416666666666666
1785 0.010416666666666666
1992 0.010416666666666666
2107 0.010416666666666666
2109 0.010416666666666666
2673 0.010416666666666666
2707 0.010416666666666666
2770 0.010416666666666666
