a467 0.15120258846980417
ca731110jb 0.15120258846980417
brenner 0.13965013546047172
matrix 0.03333333333333333
transposition 0.03333333333333333
in 0.016666666666666666
place 0.016666666666666666
f1 0.016666666666666666
algorithm 0.016666666666666666
cacm 0.016666666666666666
november 0.016666666666666666
1973 0.016666666666666666
n 0.016666666666666666
operations 0.016666666666666666
permutations 0.016666666666666666
primitive 0.016666666666666666
roots 0.016666666666666666
number 0.016666666666666666
theory 0.016666666666666666
3.15 0.016666666666666666
5.14 0.016666666666666666
5.39 0.016666666666666666
january 0.016666666666666666
20 0.016666666666666666
1978 0.016666666666666666
9 0.016666666666666666
58 0.016666666666666666
am 0.016666666666666666
2057 0.016666666666666666
4 0.016666666666666666
2416 0.016666666666666666
2058 0.016666666666666666
2392 0.016666666666666666
1600 0.016666666666666666
5 0.016666666666666666
