a466 0.09257301334885969
ca731109 0.09257301334885969
four 0.01020408163265306
combinatorial 0.01020408163265306
algorithms 0.01020408163265306
g6 0.01020408163265306
algorithm 0.01020408163265306
cacm 0.01020408163265306
november 0.01020408163265306
1973 0.01020408163265306
ehrlich 0.01020408163265306
g 0.01020408163265306
permutations 0.01020408163265306
and 0.01020408163265306
combinations 0.01020408163265306
5.39 0.01020408163265306
jb 0.01020408163265306
january 0.01020408163265306
20 0.01020408163265306
1978 0.01020408163265306
9 0.01020408163265306
59 0.01020408163265306
am 0.01020408163265306
2044 0.01020408163265306
4 0.01020408163265306
2417 0.01020408163265306
2189 0.01020408163265306
2505 0.01020408163265306
2874 0.01020408163265306
2908 0.01020408163265306
5 0.01020408163265306
2834 0.01020408163265306
2884 0.01020408163265306
521 0.01020408163265306
3115 0.01020408163265306
907 0.01020408163265306
6 0.01020408163265306
969 0.01020408163265306
2045 0.01020408163265306
2466 0.01020408163265306
579 0.01020408163265306
785 0.01020408163265306
