navigator 0.2749137972178258
ca731101 0.2749137972178258
the 0.030303030303030304
programmer 0.030303030303030304
as 0.030303030303030304
cacm 0.030303030303030304
november 0.030303030303030304
1973 0.030303030303030304
bachman 0.030303030303030304
c 0.030303030303030304
w 0.030303030303030304
jb 0.030303030303030304
january 0.030303030303030304
20 0.030303030303030304
1978 0.030303030303030304
10 0.030303030303030304
59 0.030303030303030304
am 0.030303030303030304
2425 0.030303030303030304
4 0.030303030303030304
2313 0.030303030303030304
5 0.030303030303030304
