bohlen 0.20618534791336934
ca731008 0.20618534791336934
multiple-precision 0.045454545454545456
division 0.045454545454545456
j 0.045454545454545456
addendum 0.022727272727272728
to 0.022727272727272728
a 0.022727272727272728
algorithm 0.022727272727272728
cacm 0.022727272727272728
october 0.022727272727272728
1973 0.022727272727272728
mifsud 0.022727272727272728
c 0.022727272727272728
m 0.022727272727272728
overflow 0.022727272727272728
3.15 0.022727272727272728
4.0 0.022727272727272728
5.1 0.022727272727272728
jb 0.022727272727272728
january 0.022727272727272728
20 0.022727272727272728
1978 0.022727272727272728
11 0.022727272727272728
15 0.022727272727272728
am 0.022727272727272728
2432 0.022727272727272728
4 0.022727272727272728
1975 0.022727272727272728
5 0.022727272727272728
