fibonacci 0.06541158252824136
anew 0.038604916205056385
ca731005 0.038604916205056385
hirschberg 0.029750912966416944
dynamic 0.01276595744680851
allocation 0.01276595744680851
system 0.01276595744680851
is 0.01276595744680851
a 0.00851063829787234
of 0.00851063829787234
memory 0.00851063829787234
algorithm 0.00851063829787234
the 0.00851063829787234
to 0.00851063829787234
buddy 0.00851063829787234
class 0.00425531914893617
algorithms 0.00425531914893617
introduced 0.00425531914893617
this 0.00425531914893617
similar 0.00425531914893617
but 0.00425531914893617
seems 0.00425531914893617
have 0.00425531914893617
certain 0.00425531914893617
advantages 0.00425531914893617
over 0.00425531914893617
generalization 0.00425531914893617
mentioned 0.00425531914893617
which 0.00425531914893617
includes 0.00425531914893617
both 0.00425531914893617
these 0.00425531914893617
systems 0.00425531914893617
as 0.00425531914893617
special 0.00425531914893617
cases 0.00425531914893617
cacm 0.00425531914893617
october 0.00425531914893617
1973 0.00425531914893617
d 0.00425531914893617
s 0.00425531914893617
storage 0.00425531914893617
simulation 0.00425531914893617
fragmentation 0.00425531914893617
3.89 0.00425531914893617
4.32 0.00425531914893617
4.39 0.00425531914893617
jb 0.00425531914893617
january 0.00425531914893617
20 0.00425531914893617
1978 0.00425531914893617
11 0.00425531914893617
38 0.00425531914893617
am 0.00425531914893617
1389 0.00425531914893617
4 0.00425531914893617
2435 0.00425531914893617
1552 0.00425531914893617
2162 0.00425531914893617
2596 0.00425531914893617
2768 0.00425531914893617
2845 0.00425531914893617
2902 0.00425531914893617
2955 0.00425531914893617
1184 0.00425531914893617
5 0.00425531914893617
2747 0.00425531914893617
2911 0.00425531914893617
1051 0.00425531914893617
6 0.00425531914893617
1062 0.00425531914893617
1211 0.00425531914893617
1879 0.00425531914893617
273 0.00425531914893617
2498 0.00425531914893617
2598 0.00425531914893617
2734 0.00425531914893617
2736 0.00425531914893617
2773 0.00425531914893617
2983 0.00425531914893617
