a452 0.09969401437569507
liu 0.09969401437569507
ca730808 0.09969401437569507
tang 0.09207701239151983
of 0.02197802197802198
n 0.02197802197802198
enumerating 0.01098901098901099
combinations 0.01098901098901099
m 0.01098901098901099
out 0.01098901098901099
objects 0.01098901098901099
g6 0.01098901098901099
algorithm 0.01098901098901099
cacm 0.01098901098901099
august 0.01098901098901099
1973 0.01098901098901099
c 0.01098901098901099
d 0.01098901098901099
t 0.01098901098901099
permutations 0.01098901098901099
combination 0.01098901098901099
5.30 0.01098901098901099
jb 0.01098901098901099
january 0.01098901098901099
23 0.01098901098901099
1978 0.01098901098901099
10 0.01098901098901099
39 0.01098901098901099
am 0.01098901098901099
2466 0.01098901098901099
4 0.01098901098901099
2834 0.01098901098901099
3115 0.01098901098901099
2045 0.01098901098901099
5 0.01098901098901099
907 0.01098901098901099
6 0.01098901098901099
969 0.01098901098901099
2417 0.01098901098901099
2884 0.01098901098901099
579 0.01098901098901099
785 0.01098901098901099
