exits 0.17271597633861482
ca730709 0.10193432930548596
bochmann 0.09414615873739667
multiple 0.02247191011235955
from 0.02247191011235955
goto 0.02247191011235955
a 0.011235955056179775
loop 0.011235955056179775
without 0.011235955056179775
the 0.011235955056179775
cacm 0.011235955056179775
july 0.011235955056179775
1973 0.011235955056179775
g 0.011235955056179775
v 0.011235955056179775
control 0.011235955056179775
structures 0.011235955056179775
free 0.011235955056179775
programming 0.011235955056179775
loops 0.011235955056179775
exit 0.011235955056179775
statement 0.011235955056179775
4.20 0.011235955056179775
4.22 0.011235955056179775
jb 0.011235955056179775
january 0.011235955056179775
23 0.011235955056179775
1978 0.011235955056179775
11 0.011235955056179775
am 0.011235955056179775
2193 0.011235955056179775
4 0.011235955056179775
2477 0.011235955056179775
2326 0.011235955056179775
2541 0.011235955056179775
2594 0.011235955056179775
3004 0.011235955056179775
5 0.011235955056179775
2574 0.011235955056179775
2709 0.011235955056179775
3186 0.011235955056179775
1425 0.011235955056179775
6 0.011235955056179775
2138 0.011235955056179775
2204 0.011235955056179775
2456 0.011235955056179775
