science-seminars 0.06256658833233276
undergraduates 0.06256658833233276
imprecise 0.06256658833233276
fuzzy 0.06256658833233276
ca730708 0.06256658833233276
computer 0.013793103448275862
for 0.006896551724137931
cacm 0.006896551724137931
july 0.006896551724137931
1973 0.006896551724137931
kandel 0.006896551724137931
a 0.006896551724137931
education 0.006896551724137931
science 0.006896551724137931
curriculum 0.006896551724137931
synthesis 0.006896551724137931
educational 0.006896551724137931
structure 0.006896551724137931
1.52 0.006896551724137931
6.0 0.006896551724137931
jb 0.006896551724137931
january 0.006896551724137931
23 0.006896551724137931
1978 0.006896551724137931
11 0.006896551724137931
24 0.006896551724137931
am 0.006896551724137931
1413 0.006896551724137931
4 0.006896551724137931
2478 0.006896551724137931
1654 0.006896551724137931
1720 0.006896551724137931
1771 0.006896551724137931
1927 0.006896551724137931
2147 0.006896551724137931
2163 0.006896551724137931
2345 0.006896551724137931
2594 0.006896551724137931
2852 0.006896551724137931
2899 0.006896551724137931
3003 0.006896551724137931
3130 0.006896551724137931
1205 0.006896551724137931
5 0.006896551724137931
2329 0.006896551724137931
1659 0.006896551724137931
6 0.006896551724137931
1678 0.006896551724137931
1945 0.006896551724137931
2097 0.006896551724137931
2187 0.006896551724137931
2367 0.006896551724137931
2407 0.006896551724137931
2479 0.006896551724137931
2480 0.006896551724137931
2538 0.006896551724137931
