ca611201 0.02338184357780477
languages 0.005154639175257732
s 0.005154639175257732
specification 0.002577319587628866
for 0.002577319587628866
mechanical 0.002577319587628866
and 0.002577319587628866
their 0.002577319587628866
processors 0.002577319587628866
-a 0.002577319587628866
baker 0.002577319587628866
dozen 0.002577319587628866
cacm 0.002577319587628866
december 0.002577319587628866
1961 0.002577319587628866
gorn 0.002577319587628866
jb 0.002577319587628866
march 0.002577319587628866
15 0.002577319587628866
1978 0.002577319587628866
10 0.002577319587628866
32 0.002577319587628866
pm 0.002577319587628866
249 0.002577319587628866
4 0.002577319587628866
254 0.002577319587628866
272 0.002577319587628866
1102 0.002577319587628866
1109 0.002577319587628866
1140 0.002577319587628866
1188 0.002577319587628866
1306 0.002577319587628866
1464 0.002577319587628866
1491 0.002577319587628866
1767 0.002577319587628866
1781 0.002577319587628866
1787 0.002577319587628866
1949 0.002577319587628866
321 0.002577319587628866
2059 0.002577319587628866
2126 0.002577319587628866
435 0.002577319587628866
437 0.002577319587628866
438 0.002577319587628866
463 0.002577319587628866
483 0.002577319587628866
491 0.002577319587628866
2732 0.002577319587628866
560 0.002577319587628866
583 0.002577319587628866
3073 0.002577319587628866
3185 0.002577319587628866
627 0.002577319587628866
631 0.002577319587628866
632 0.002577319587628866
642 0.002577319587628866
644 0.002577319587628866
653 0.002577319587628866
680 0.002577319587628866
761 0.002577319587628866
762 0.002577319587628866
763 0.002577319587628866
123 0.002577319587628866
140 0.002577319587628866
919 0.002577319587628866
989 0.002577319587628866
196 0.002577319587628866
5 0.002577319587628866
1425 0.002577319587628866
303 0.002577319587628866
51 0.002577319587628866
6 0.002577319587628866
990 0.002577319587628866
1007 0.002577319587628866
1046 0.002577319587628866
1131 0.002577319587628866
1139 0.002577319587628866
1149 0.002577319587628866
1198 0.002577319587628866
1215 0.002577319587628866
1223 0.002577319587628866
1265 0.002577319587628866
1303 0.002577319587628866
1323 0.002577319587628866
1358 0.002577319587628866
1366 0.002577319587628866
1421 0.002577319587628866
1460 0.002577319587628866
1462 0.002577319587628866
1463 0.002577319587628866
1467 0.002577319587628866
1468 0.002577319587628866
1477 0.002577319587628866
1496 0.002577319587628866
1531 0.002577319587628866
1535 0.002577319587628866
1565 0.002577319587628866
1601 0.002577319587628866
1602 0.002577319587628866
1613 0.002577319587628866
1614 0.002577319587628866
1626 0.002577319587628866
1641 0.002577319587628866
1788 0.002577319587628866
205 0.002577319587628866
224 0.002577319587628866
288 0.002577319587628866
316 0.002577319587628866
381 0.002577319587628866
398 0.002577319587628866
11 0.002577319587628866
77 0.002577319587628866
404 0.002577319587628866
410 0.002577319587628866
464 0.002577319587628866
3184 0.002577319587628866
3188 0.002577319587628866
584 0.002577319587628866
600 0.002577319587628866
691 0.002577319587628866
799 0.002577319587628866
