ca730515 0.10549017800218896
reflection-free 0.09743032706544538
permutations 0.023255813953488372
permutation 0.023255813953488372
rosary 0.011627906976744186
and 0.011627906976744186
adjacent 0.011627906976744186
transposition 0.011627906976744186
algorithms 0.011627906976744186
cacm 0.011627906976744186
may 0.011627906976744186
1973 0.011627906976744186
roy 0.011627906976744186
m 0.011627906976744186
k 0.011627906976744186
generation 0.011627906976744186
scheduling 0.011627906976744186
combinatorial 0.011627906976744186
analysis 0.011627906976744186
5.39 0.011627906976744186
jb 0.011627906976744186
january 0.011627906976744186
23 0.011627906976744186
1978 0.011627906976744186
4 0.011627906976744186
29 0.011627906976744186
pm 0.011627906976744186
2044 0.011627906976744186
2505 0.011627906976744186
2189 0.011627906976744186
2292 0.011627906976744186
2417 0.011627906976744186
2874 0.011627906976744186
2908 0.011627906976744186
5 0.011627906976744186
521 0.011627906976744186
6 0.011627906976744186
2884 0.011627906976744186
