ca730514 0.1334140486498272
matrix 0.058823529411764705
sparse 0.029411764705882353
a 0.014705882352941176
package 0.014705882352941176
algorithm 0.014705882352941176
r408 0.014705882352941176
cacm 0.014705882352941176
may 0.014705882352941176
1973 0.014705882352941176
sale 0.014705882352941176
r 0.014705882352941176
h 0.014705882352941176
j 0.014705882352941176
manipulation 0.014705882352941176
fortran 0.014705882352941176
standards 0.014705882352941176
5.14 0.014705882352941176
jb 0.014705882352941176
january 0.014705882352941176
23 0.014705882352941176
1978 0.014705882352941176
4 0.014705882352941176
30 0.014705882352941176
pm 0.014705882352941176
1613 0.014705882352941176
2506 0.014705882352941176
1646 0.014705882352941176
1900 0.014705882352941176
1955 0.014705882352941176
2025 0.014705882352941176
2154 0.014705882352941176
2365 0.014705882352941176
3060 0.014705882352941176
987 0.014705882352941176
5 0.014705882352941176
