space-optimal 0.08894269909988481
a444 0.08894269909988481
ca730309 0.08894269909988481
algorithm 0.0196078431372549
a 0.0196078431372549
an 0.00980392156862745
for 0.00980392156862745
extracting 0.00980392156862745
phrases 0.00980392156862745
in 0.00980392156862745
fashion 0.00980392156862745
z 0.00980392156862745
cacm 0.00980392156862745
march 0.00980392156862745
1973 0.00980392156862745
wagner 0.00980392156862745
r 0.00980392156862745
information 0.00980392156862745
retrieval 0.00980392156862745
coding 0.00980392156862745
text 0.00980392156862745
compression 0.00980392156862745
3.70 0.00980392156862745
5.6 0.00980392156862745
jb 0.00980392156862745
january 0.00980392156862745
24 0.00980392156862745
1978 0.00980392156862745
10 0.00980392156862745
26 0.00980392156862745
am 0.00980392156862745
4 0.00980392156862745
2530 0.00980392156862745
1992 0.00980392156862745
2138 0.00980392156862745
2203 0.00980392156862745
2251 0.00980392156862745
2537 0.00980392156862745
2543 0.00980392156862745
2559 0.00980392156862745
2573 0.00980392156862745
2623 0.00980392156862745
2819 0.00980392156862745
2991 0.00980392156862745
3053 0.00980392156862745
3083 0.00980392156862745
2107 0.00980392156862745
5 0.00980392156862745
6 0.00980392156862745
