ca730308 0.21600369781400594
glut 0.1995001935149596
accreditation 0.1995001935149596
graduate 0.047619047619047616
education 0.047619047619047616
ph 0.047619047619047616
the 0.023809523809523808
cacm 0.023809523809523808
march 0.023809523809523808
1973 0.023809523809523808
payne 0.023809523809523808
w 0.023809523809523808
h 0.023809523809523808
production 0.023809523809523808
1.5 0.023809523809523808
2.2 0.023809523809523808
2.3 0.023809523809523808
jb 0.023809523809523808
january 0.023809523809523808
24 0.023809523809523808
1978 0.023809523809523808
10 0.023809523809523808
28 0.023809523809523808
am 0.023809523809523808
2531 0.023809523809523808
5 0.023809523809523808
2662 0.023809523809523808
6 0.023809523809523808
