bookstein 0.14632508561593952
ca730307 0.14632508561593952
substring 0.03225806451612903
on 0.016129032258064516
harrison 0.016129032258064516
s 0.016129032258064516
testing 0.016129032258064516
technique 0.016129032258064516
cacm 0.016129032258064516
march 0.016129032258064516
1973 0.016129032258064516
a 0.016129032258064516
string 0.016129032258064516
hashing 0.016129032258064516
information 0.016129032258064516
storage 0.016129032258064516
and 0.016129032258064516
retrieval 0.016129032258064516
3.74 0.016129032258064516
5.30 0.016129032258064516
5.5 0.016129032258064516
jb 0.016129032258064516
january 0.016129032258064516
24 0.016129032258064516
1978 0.016129032258064516
10 0.016129032258064516
30 0.016129032258064516
am 0.016129032258064516
2532 0.016129032258064516
4 0.016129032258064516
2631 0.016129032258064516
2746 0.016129032258064516
3001 0.016129032258064516
2139 0.016129032258064516
5 0.016129032258064516
6 0.016129032258064516
