joint 0.05515451393151663
smalgol-61 0.03436422465222822
smalgol 0.03436422465222822
agreed 0.03436422465222822
bachelork 0.03436422465222822
ca611114 0.03436422465222822
speroni 0.03020281446787932
a 0.022727272727272728
the 0.01893939393939394
for 0.011363636363636364
to 0.007575757575757576
conference 0.007575757575757576
several 0.007575757575757576
in 0.007575757575757576
language 0.007575757575757576
is 0.007575757575757576
algol 0.007575757575757576
use 0.007575757575757576
on 0.007575757575757576
small 0.007575757575757576
computers 0.007575757575757576
subcommittee 0.007575757575757576
of 0.007575757575757576
j 0.007575757575757576
prior 0.003787878787878788
and 0.003787878787878788
during 0.003787878787878788
1961 0.003787878787878788
western 0.003787878787878788
computer 0.003787878787878788
people 0.003787878787878788
users 0.003787878787878788
groups 0.003787878787878788
had 0.003787878787878788
expressed 0.003787878787878788
interest 0.003787878787878788
defining 0.003787878787878788
this 0.003787878787878788
be 0.003787878787878788
an 0.003787878787878788
with 0.003787878787878788
compilers 0.003787878787878788
relatively 0.003787878787878788
size 0.003787878787878788
preliminary 0.003787878787878788
report 0.003787878787878788
resulted 0.003787878787878788
at 0.003787878787878788
acm 0.003787878787878788
national 0.003787878787878788
four 0.003787878787878788
months 0.003787878787878788
later 0.003787878787878788
after 0.003787878787878788
considering 0.003787878787878788
counter 0.003787878787878788
proposals 0.003787878787878788
final 0.003787878787878788
version 0.003787878787878788
was 0.003787878787878788
upon 0.003787878787878788
by 0.003787878787878788
recommendations 0.003787878787878788
standard 0.003787878787878788
subset 0.003787878787878788
60 0.003787878787878788
presented 0.003787878787878788
here 0.003787878787878788
cacm 0.003787878787878788
november 0.003787878787878788
g 0.003787878787878788
dempster 0.003787878787878788
r 0.003787878787878788
h 0.003787878787878788
knuth 0.003787878787878788
d 0.003787878787878788
e 0.003787878787878788
jb 0.003787878787878788
march 0.003787878787878788
15 0.003787878787878788
1978 0.003787878787878788
10 0.003787878787878788
44 0.003787878787878788
pm 0.003787878787878788
249 0.003787878787878788
4 0.003787878787878788
254 0.003787878787878788
272 0.003787878787878788
1102 0.003787878787878788
1109 0.003787878787878788
1140 0.003787878787878788
1188 0.003787878787878788
1234 0.003787878787878788
1306 0.003787878787878788
1464 0.003787878787878788
1491 0.003787878787878788
1767 0.003787878787878788
1781 0.003787878787878788
1787 0.003787878787878788
1949 0.003787878787878788
321 0.003787878787878788
2059 0.003787878787878788
2126 0.003787878787878788
435 0.003787878787878788
437 0.003787878787878788
463 0.003787878787878788
483 0.003787878787878788
491 0.003787878787878788
2732 0.003787878787878788
560 0.003787878787878788
583 0.003787878787878788
3073 0.003787878787878788
627 0.003787878787878788
631 0.003787878787878788
632 0.003787878787878788
642 0.003787878787878788
644 0.003787878787878788
653 0.003787878787878788
680 0.003787878787878788
761 0.003787878787878788
762 0.003787878787878788
763 0.003787878787878788
123 0.003787878787878788
140 0.003787878787878788
919 0.003787878787878788
989 0.003787878787878788
196 0.003787878787878788
5 0.003787878787878788
387 0.003787878787878788
794 0.003787878787878788
6 0.003787878787878788
