the 0.023454157782515993
a 0.021321961620469083
melkanoff 0.019343614729612473
lichten 0.019343614729612473
ca730202 0.019343614729612473
proposing 0.017865688971488918
wherein 0.017865688971488918
subclass 0.017865688971488918
of 0.01279317697228145
language 0.008528784648187633
is 0.008528784648187633
grammar 0.008528784648187633
to 0.008528784648187633
inference 0.006396588486140725
in 0.006396588486140725
designer 0.006396588486140725
algorithm 0.006396588486140725
grammatical 0.0042643923240938165
for 0.0042643923240938165
designing 0.0042643923240938165
programming 0.0042643923240938165
languages 0.0042643923240938165
and 0.0042643923240938165
an 0.0042643923240938165
problem 0.0042643923240938165
design 0.0042643923240938165
which 0.0042643923240938165
grammars 0.0042643923240938165
use 0.0021321961620469083
both 0.0021321961620469083
new 0.0021321961620469083
extending 0.0021321961620469083
existing 0.0021321961620469083
faced 0.0021321961620469083
with 0.0021321961620469083
deriving 0.0021321961620469083
natural 0.0021321961620469083
we 0.0021321961620469083
are 0.0021321961620469083
interactive 0.0021321961620469083
approach 0.0021321961620469083
presents 0.0021321961620469083
sample 0.0021321961620469083
sentences 0.0021321961620469083
structures 0.0021321961620469083
as 0.0021321961620469083
input 0.0021321961620469083
then 0.0021321961620469083
constructs 0.0021321961620469083
reasonable 0.0021321961620469083
generalization 0.0021321961620469083
examples 0.0021321961620469083
submitted 0.0021321961620469083
by 0.0021321961620469083
implementation 0.0021321961620469083
presently 0.0021321961620469083
restricted 0.0021321961620469083
operator 0.0021321961620469083
precedence 0.0021321961620469083
but 0.0021321961620469083
second 0.0021321961620469083
outlined 0.0021321961620469083
applies 0.0021321961620469083
larger 0.0021321961620469083
class 0.0021321961620469083
context-free 0.0021321961620469083
cacm 0.0021321961620469083
february 0.0021321961620469083
1973 0.0021321961620469083
crespi-reghizzi 0.0021321961620469083
s 0.0021321961620469083
m 0.0021321961620469083
l 0.0021321961620469083
definition 0.0021321961620469083
identification 0.0021321961620469083
limit 0.0021321961620469083
extensible 0.0021321961620469083
3.61 0.0021321961620469083
4.2 0.0021321961620469083
5.23 0.0021321961620469083
jb 0.0021321961620469083
january 0.0021321961620469083
24 0.0021321961620469083
1978 0.0021321961620469083
3 0.0021321961620469083
20 0.0021321961620469083
pm 0.0021321961620469083
1046 0.0021321961620469083
4 0.0021321961620469083
2546 0.0021321961620469083
1086 0.0021321961620469083
1105 0.0021321961620469083
1132 0.0021321961620469083
1139 0.0021321961620469083
1140 0.0021321961620469083
1234 0.0021321961620469083
1263 0.0021321961620469083
1265 0.0021321961620469083
1270 0.0021321961620469083
1323 0.0021321961620469083
1358 0.0021321961620469083
1379 0.0021321961620469083
1380 0.0021321961620469083
1453 0.0021321961620469083
1464 0.0021321961620469083
1484 0.0021321961620469083
1491 0.0021321961620469083
1496 0.0021321961620469083
1498 0.0021321961620469083
1542 0.0021321961620469083
1613 0.0021321961620469083
1614 0.0021321961620469083
1683 0.0021321961620469083
1693 0.0021321961620469083
1781 0.0021321961620469083
1787 0.0021321961620469083
1824 0.0021321961620469083
1825 0.0021321961620469083
1836 0.0021321961620469083
1860 0.0021321961620469083
1945 0.0021321961620469083
2015 0.0021321961620469083
2060 0.0021321961620469083
2061 0.0021321961620469083
2083 0.0021321961620469083
2082 0.0021321961620469083
2091 0.0021321961620469083
2126 0.0021321961620469083
2152 0.0021321961620469083
2178 0.0021321961620469083
2179 0.0021321961620469083
2252 0.0021321961620469083
2317 0.0021321961620469083
2325 0.0021321961620469083
2341 0.0021321961620469083
2340 0.0021321961620469083
2356 0.0021321961620469083
464 0.0021321961620469083
2603 0.0021321961620469083
2645 0.0021321961620469083
2652 0.0021321961620469083
2684 0.0021321961620469083
2698 0.0021321961620469083
2708 0.0021321961620469083
2824 0.0021321961620469083
2842 0.0021321961620469083
2929 0.0021321961620469083
2934 0.0021321961620469083
2982 0.0021321961620469083
2986 0.0021321961620469083
584 0.0021321961620469083
3045 0.0021321961620469083
3069 0.0021321961620469083
3093 0.0021321961620469083
631 0.0021321961620469083
653 0.0021321961620469083
669 0.0021321961620469083
679 0.0021321961620469083
680 0.0021321961620469083
691 0.0021321961620469083
761 0.0021321961620469083
763 0.0021321961620469083
795 0.0021321961620469083
799 0.0021321961620469083
945 0.0021321961620469083
949 0.0021321961620469083
989 0.0021321961620469083
1477 0.0021321961620469083
5 0.0021321961620469083
404 0.0021321961620469083
3184 0.0021321961620469083
