a442 0.14632508561593952
probit 0.14632508561593952
ca730113 0.14632508561593952
normal 0.03225806451612903
january 0.03225806451612903
w 0.03225806451612903
deviate 0.016129032258064516
s14 0.016129032258064516
algorithm 0.016129032258064516
cacm 0.016129032258064516
1973 0.016129032258064516
hill 0.016129032258064516
g 0.016129032258064516
davis 0.016129032258064516
a 0.016129032258064516
distribution 0.016129032258064516
inverse 0.016129032258064516
transform 0.016129032258064516
taylor 0.016129032258064516
series 0.016129032258064516
approximation 0.016129032258064516
5.12 0.016129032258064516
5.5 0.016129032258064516
jb 0.016129032258064516
24 0.016129032258064516
1978 0.016129032258064516
3 0.016129032258064516
39 0.016129032258064516
pm 0.016129032258064516
1157 0.016129032258064516
4 0.016129032258064516
2548 0.016129032258064516
1779 0.016129032258064516
1920 0.016129032258064516
1944 0.016129032258064516
1987 0.016129032258064516
5 0.016129032258064516
714 0.016129032258064516
