stratified 0.20688908957106922
a440 0.11200191738504012
carloquadrature 0.11200191738504012
stratification 0.11200191738504012
ca730111 0.11200191738504012
monte 0.024691358024691357
quadrature 0.024691358024691357
adaptive 0.024691358024691357
sampling 0.024691358024691357
january 0.024691358024691357
a 0.012345679012345678
multidimensional 0.012345679012345678
carlo 0.012345679012345678
with 0.012345679012345678
d1 0.012345679012345678
algorithm 0.012345679012345678
cacm 0.012345679012345678
1973 0.012345679012345678
gallaher 0.012345679012345678
l 0.012345679012345678
j 0.012345679012345678
sequential 0.012345679012345678
5.16 0.012345679012345678
5.5 0.012345679012345678
jb 0.012345679012345678
24 0.012345679012345678
1978 0.012345679012345678
3 0.012345679012345678
44 0.012345679012345678
pm 0.012345679012345678
1352 0.012345679012345678
4 0.012345679012345678
2550 0.012345679012345678
2048 0.012345679012345678
2074 0.012345679012345678
2093 0.012345679012345678
2415 0.012345679012345678
1573 0.012345679012345678
5 0.012345679012345678
429 0.012345679012345678
