atkins 0.20160345129307225
ca730110 0.20160345129307225
mutual 0.044444444444444446
recursion 0.044444444444444446
algol 0.044444444444444446
january 0.044444444444444446
in 0.022222222222222223
60 0.022222222222222223
using 0.022222222222222223
restricted 0.022222222222222223
compilers 0.022222222222222223
cacm 0.022222222222222223
1973 0.022222222222222223
m 0.022222222222222223
s 0.022222222222222223
compiler 0.022222222222222223
restrictions 0.022222222222222223
4.12 0.022222222222222223
4.22 0.022222222222222223
jb 0.022222222222222223
24 0.022222222222222223
1978 0.022222222222222223
3 0.022222222222222223
46 0.022222222222222223
pm 0.022222222222222223
2551 0.022222222222222223
5 0.022222222222222223
2658 0.022222222222222223
6 0.022222222222222223
