ca730109 0.049847007187847535
direct-access 0.046038506195759915
bays 0.043810675931429344
collision 0.04223000520367231
a 0.01098901098901099
january 0.01098901098901099
hash 0.01098901098901099
note 0.005494505494505495
on 0.005494505494505495
when 0.005494505494505495
to 0.005494505494505495
chain 0.005494505494505495
overflow 0.005494505494505495
items 0.005494505494505495
within 0.005494505494505495
table 0.005494505494505495
cacm 0.005494505494505495
1973 0.005494505494505495
c 0.005494505494505495
code 0.005494505494505495
open 0.005494505494505495
chaining 0.005494505494505495
information 0.005494505494505495
retrieval 0.005494505494505495
3.7 0.005494505494505495
4.9 0.005494505494505495
jb 0.005494505494505495
24 0.005494505494505495
1978 0.005494505494505495
4 0.005494505494505495
07 0.005494505494505495
pm 0.005494505494505495
1271 0.005494505494505495
2552 0.005494505494505495
1676 0.005494505494505495
1682 0.005494505494505495
1728 0.005494505494505495
1785 0.005494505494505495
1860 0.005494505494505495
2018 0.005494505494505495
2032 0.005494505494505495
2033 0.005494505494505495
2107 0.005494505494505495
2109 0.005494505494505495
2203 0.005494505494505495
2251 0.005494505494505495
2258 0.005494505494505495
2319 0.005494505494505495
2313 0.005494505494505495
2359 0.005494505494505495
2437 0.005494505494505495
2524 0.005494505494505495
2543 0.005494505494505495
2559 0.005494505494505495
2781 0.005494505494505495
2860 0.005494505494505495
2991 0.005494505494505495
3053 0.005494505494505495
911 0.005494505494505495
5 0.005494505494505495
332 0.005494505494505495
3083 0.005494505494505495
1328 0.005494505494505495
6 0.005494505494505495
