authentication 0.07424346444133052
malfunctioning 0.04513510103576244
function-producing 0.04513510103576244
type-tagging 0.04513510103576244
limitation 0.04513510103576244
trademarks 0.04513510103576244
seals 0.04513510103576244
ca730103jb 0.04513510103576244
protect 0.0382381141645192
access 0.014925373134328358
protection 0.009950248756218905
to 0.009950248756218905
are 0.009950248756218905
and 0.009950248756218905
january 0.009950248756218905
in 0.004975124378109453
programming 0.004975124378109453
languages 0.004975124378109453
linguistic 0.004975124378109453
mechanisms 0.004975124378109453
which 0.004975124378109453
can 0.004975124378109453
be 0.004975124378109453
used 0.004975124378109453
one 0.004975124378109453
subprogram 0.004975124378109453
from 0.004975124378109453
another 0.004975124378109453
s 0.004975124378109453
described 0.004975124378109453
functions 0.004975124378109453
various 0.004975124378109453
schemes 0.004975124378109453
considered 0.004975124378109453
an 0.004975124378109453
attempt 0.004975124378109453
is 0.004975124378109453
made 0.004975124378109453
distinguish 0.004975124378109453
between 0.004975124378109453
cacm 0.004975124378109453
1973 0.004975124378109453
morris 0.004975124378109453
j 0.004975124378109453
h 0.004975124378109453
jr 0.004975124378109453
types 0.004975124378109453
environments 0.004975124378109453
keys 0.004975124378109453
control 0.004975124378109453
secrecy 0.004975124378109453
4.2 0.004975124378109453
4.3 0.004975124378109453
24 0.004975124378109453
1978 0.004975124378109453
4 0.004975124378109453
45 0.004975124378109453
pm 0.004975124378109453
1458 0.004975124378109453
2558 0.004975124378109453
1523 0.004975124378109453
1603 0.004975124378109453
1698 0.004975124378109453
1747 0.004975124378109453
1748 0.004975124378109453
1854 0.004975124378109453
1877 0.004975124378109453
1960 0.004975124378109453
2155 0.004975124378109453
2294 0.004975124378109453
2377 0.004975124378109453
2378 0.004975124378109453
2497 0.004975124378109453
2625 0.004975124378109453
2632 0.004975124378109453
2840 0.004975124378109453
2842 0.004975124378109453
2941 0.004975124378109453
3077 0.004975124378109453
3105 0.004975124378109453
3144 0.004975124378109453
3150 0.004975124378109453
1471 0.004975124378109453
5 0.004975124378109453
2060 0.004975124378109453
2868 0.004975124378109453
2939 0.004975124378109453
6 0.004975124378109453
2080 0.004975124378109453
2204 0.004975124378109453
2356 0.004975124378109453
2380 0.004975124378109453
2651 0.004975124378109453
