ca741209 0.16494827833069545
gaussian 0.03636363636363636
pseudo-random 0.03636363636363636
numbers 0.03636363636363636
distribution 0.03636363636363636
a 0.01818181818181818
number 0.01818181818181818
generator 0.01818181818181818
algorithm 0.01818181818181818
488 0.01818181818181818
cacm 0.01818181818181818
december 0.01818181818181818
1974 0.01818181818181818
brent 0.01818181818181818
r 0.01818181818181818
p 0.01818181818181818
random 0.01818181818181818
normal 0.01818181818181818
5.39 0.01818181818181818
5.5 0.01818181818181818
jb 0.01818181818181818
january 0.01818181818181818
13 0.01818181818181818
1978 0.01818181818181818
3 0.01818181818181818
57 0.01818181818181818
pm 0.01818181818181818
2349 0.01818181818181818
4 0.01818181818181818
2565 0.01818181818181818
1716 0.01818181818181818
5 0.01818181818181818
2276 0.01818181818181818
