ca741201 0.07497649015031613
computer 0.008264462809917356
programming 0.008264462809917356
as 0.008264462809917356
an 0.008264462809917356
art 0.008264462809917356
cacm 0.008264462809917356
december 0.008264462809917356
1974 0.008264462809917356
knuth 0.008264462809917356
d 0.008264462809917356
e 0.008264462809917356
jb 0.008264462809917356
january 0.008264462809917356
16 0.008264462809917356
1978 0.008264462809917356
10 0.008264462809917356
04 0.008264462809917356
am 0.008264462809917356
1860 0.008264462809917356
4 0.008264462809917356
2573 0.008264462809917356
1973 0.008264462809917356
1992 0.008264462809917356
2018 0.008264462809917356
2033 0.008264462809917356
2107 0.008264462809917356
2109 0.008264462809917356
2138 0.008264462809917356
2203 0.008264462809917356
2251 0.008264462809917356
2530 0.008264462809917356
2537 0.008264462809917356
2543 0.008264462809917356
2559 0.008264462809917356
2770 0.008264462809917356
2991 0.008264462809917356
3053 0.008264462809917356
3083 0.008264462809917356
1786 0.008264462809917356
5 0.008264462809917356
