klemes 0.23874092916284867
klemsa 0.23874092916284867
ca741010 0.23874092916284867
r450 0.22050021388495533
j 0.05263157894736842
rosenbrock 0.02631578947368421
function 0.02631578947368421
minimization 0.02631578947368421
algorithm 0.02631578947368421
cacm 0.02631578947368421
october 0.02631578947368421
1974 0.02631578947368421
jb 0.02631578947368421
january 0.02631578947368421
16 0.02631578947368421
1978 0.02631578947368421
11 0.02631578947368421
09 0.02631578947368421
am 0.02631578947368421
2587 0.02631578947368421
4 0.02631578947368421
2588 0.02631578947368421
5 0.02631578947368421
2612 0.02631578947368421
