c191 0.29265017123187903
kopelaar 0.29265017123187903
ca741008 0.29265017123187903
hypergeometric 0.03225806451612903
algorithm 0.03225806451612903
cacm 0.03225806451612903
october 0.03225806451612903
1974 0.03225806451612903
h 0.03225806451612903
jb 0.03225806451612903
january 0.03225806451612903
16 0.03225806451612903
1978 0.03225806451612903
11 0.03225806451612903
14 0.03225806451612903
am 0.03225806451612903
2590 0.03225806451612903
4 0.03225806451612903
5 0.03225806451612903
888 0.03225806451612903
