a486 0.2326193668766218
veillon 0.2326193668766218
ca741007 0.2326193668766218
inversion 0.05128205128205128
laplace 0.05128205128205128
transform 0.05128205128205128
numerical 0.02564102564102564
of 0.02564102564102564
algorithm 0.02564102564102564
cacm 0.02564102564102564
october 0.02564102564102564
1974 0.02564102564102564
f 0.02564102564102564
5.16 0.02564102564102564
jb 0.02564102564102564
january 0.02564102564102564
16 0.02564102564102564
1978 0.02564102564102564
11 0.02564102564102564
17 0.02564102564102564
am 0.02564102564102564
2591 0.02564102564102564
4 0.02564102564102564
2124 0.02564102564102564
5 0.02564102564102564
