superclass 0.048775028538646514
schkolnick 0.048775028538646514
ca740905 0.048775028538646514
eickel 0.04504843079370056
languages 0.03225806451612903
the 0.026881720430107527
of 0.021505376344086023
reducing 0.016129032258064516
transition 0.016129032258064516
deterministic 0.016129032258064516
class 0.016129032258064516
and 0.010752688172043012
by 0.010752688172043012
to 0.010752688172043012
in 0.010752688172043012
this 0.010752688172043012
is 0.010752688172043012
equivalence 0.005376344086021506
introduced 0.005376344086021506
paul 0.005376344086021506
bauer 0.005376344086021506
samelson 0.005376344086021506
was 0.005376344086021506
shown 0.005376344086021506
morris 0.005376344086021506
be 0.005376344086021506
a 0.005376344086021506
proper 0.005376344086021506
simple 0.005376344086021506
precedence 0.005376344086021506
paper 0.005376344086021506
result 0.005376344086021506
extended 0.005376344086021506
showing 0.005376344086021506
that 0.005376344086021506
fact 0.005376344086021506
first 0.005376344086021506
equivalent 0.005376344086021506
context 0.005376344086021506
free 0.005376344086021506
cacm 0.005376344086021506
september 0.005376344086021506
1974 0.005376344086021506
m 0.005376344086021506
syntax 0.005376344086021506
controlled 0.005376344086021506
generators 0.005376344086021506
context-free 0.005376344086021506
grammars 0.005376344086021506
4.12 0.005376344086021506
5.23 0.005376344086021506
jb 0.005376344086021506
january 0.005376344086021506
17 0.005376344086021506
1978 0.005376344086021506
8 0.005376344086021506
52 0.005376344086021506
am 0.005376344086021506
1215 0.005376344086021506
4 0.005376344086021506
2603 0.005376344086021506
1542 0.005376344086021506
1683 0.005376344086021506
1693 0.005376344086021506
1781 0.005376344086021506
1787 0.005376344086021506
1836 0.005376344086021506
1945 0.005376344086021506
2060 0.005376344086021506
2061 0.005376344086021506
2082 0.005376344086021506
2091 0.005376344086021506
2152 0.005376344086021506
2179 0.005376344086021506
2340 0.005376344086021506
2356 0.005376344086021506
2546 0.005376344086021506
2698 0.005376344086021506
2708 0.005376344086021506
2824 0.005376344086021506
2982 0.005376344086021506
2986 0.005376344086021506
3045 0.005376344086021506
3093 0.005376344086021506
1491 0.005376344086021506
5 0.005376344086021506
763 0.005376344086021506
