sociological 0.1334140486498272
ca740901 0.1334140486498272
problem-list 0.12322070775923975
and 0.04411764705882353
computers 0.029411764705882353
public 0.029411764705882353
a 0.014705882352941176
of 0.014705882352941176
issues 0.014705882352941176
concerning 0.014705882352941176
policy 0.014705882352941176
cacm 0.014705882352941176
september 0.014705882352941176
1974 0.014705882352941176
acm 0.014705882352941176
committee 0.014705882352941176
economic 0.014705882352941176
effects 0.014705882352941176
the 0.014705882352941176
2.11 0.014705882352941176
2.12 0.014705882352941176
jb 0.014705882352941176
january 0.014705882352941176
17 0.014705882352941176
1978 0.014705882352941176
9 0.014705882352941176
08 0.014705882352941176
am 0.014705882352941176
2607 0.014705882352941176
5 0.014705882352941176
2756 0.014705882352941176
3076 0.014705882352941176
3179 0.014705882352941176
2572 0.014705882352941176
6 0.014705882352941176
2840 0.014705882352941176
