bultheel 0.2326193668766218
ca740812 0.2326193668766218
rosenbrock 0.02564102564102564
function 0.02564102564102564
minimization 0.02564102564102564
algorithm 0.02564102564102564
r450 0.02564102564102564
cacm 0.02564102564102564
august 0.02564102564102564
1974 0.02564102564102564
a 0.02564102564102564
jb 0.02564102564102564
january 0.02564102564102564
17 0.02564102564102564
1978 0.02564102564102564
9 0.02564102564102564
33 0.02564102564102564
am 0.02564102564102564
2587 0.02564102564102564
5 0.02564102564102564
2612 0.02564102564102564
2588 0.02564102564102564
6 0.02564102564102564
