ca740806 0.04652387337532436
to 0.015384615384615385
the 0.015384615384615385
a 0.010256410256410256
solution 0.010256410256410256
of 0.010256410256410256
concurrent 0.010256410256410256
programming 0.010256410256410256
problem 0.010256410256410256
new 0.005128205128205128
dijkstra 0.005128205128205128
s 0.005128205128205128
simple 0.005128205128205128
mutual 0.005128205128205128
exclusion 0.005128205128205128
is 0.005128205128205128
presented 0.005128205128205128
which 0.005128205128205128
allows 0.005128205128205128
system 0.005128205128205128
continue 0.005128205128205128
operate 0.005128205128205128
despite 0.005128205128205128
failure 0.005128205128205128
any 0.005128205128205128
individual 0.005128205128205128
component 0.005128205128205128
cacm 0.005128205128205128
august 0.005128205128205128
1974 0.005128205128205128
lamport 0.005128205128205128
l 0.005128205128205128
critical 0.005128205128205128
section 0.005128205128205128
multiprocessing 0.005128205128205128
semaphores 0.005128205128205128
4.32 0.005128205128205128
jb 0.005128205128205128
january 0.005128205128205128
17 0.005128205128205128
1978 0.005128205128205128
9 0.005128205128205128
48 0.005128205128205128
am 0.005128205128205128
1781 0.005128205128205128
4 0.005128205128205128
2618 0.005128205128205128
1828 0.005128205128205128
1854 0.005128205128205128
1877 0.005128205128205128
1960 0.005128205128205128
2150 0.005128205128205128
2228 0.005128205128205128
2256 0.005128205128205128
2317 0.005128205128205128
2319 0.005128205128205128
2377 0.005128205128205128
2342 0.005128205128205128
2376 0.005128205128205128
2379 0.005128205128205128
2424 0.005128205128205128
2482 0.005128205128205128
2632 0.005128205128205128
2704 0.005128205128205128
2723 0.005128205128205128
2738 0.005128205128205128
2740 0.005128205128205128
2741 0.005128205128205128
2867 0.005128205128205128
3184 0.005128205128205128
1198 0.005128205128205128
5 0.005128205128205128
1338 0.005128205128205128
1749 0.005128205128205128
2895 0.005128205128205128
6 0.005128205128205128
