of 0.034482758620689655
the 0.024630541871921183
hydra 0.022345210118690274
hydra-the 0.022345210118690274
mmp 0.022345210118690274
multi-mini-processor 0.022345210118690274
coherent 0.022345210118690274
corwin 0.022345210118690274
pierson 0.022345210118690274
ca740614 0.022345210118690274
levin 0.01963926852098557
secure 0.01722035602735956
a 0.014778325123152709
system 0.009852216748768473
kernel 0.007389162561576354
operating 0.007389162561576354
for 0.007389162561576354
and 0.007389162561576354
object 0.007389162561576354
new 0.007389162561576354
to 0.007389162561576354
this 0.0049261083743842365
philosophy 0.0049261083743842365
an 0.0049261083743842365
c 0.0049261083743842365
introduction 0.0049261083743842365
mechanisms 0.0049261083743842365
with 0.0049261083743842365
creation 0.0049261083743842365
operations 0.0049261083743842365
given 0.0049261083743842365
type 0.0049261083743842365
protection 0.0049261083743842365
any 0.0049261083743842365
w 0.0049261083743842365
multiprocessor 0.0024630541871921183
paper 0.0024630541871921183
describes 0.0024630541871921183
design 0.0024630541871921183
carnegie-mellon 0.0024630541871921183
is 0.0024630541871921183
realized 0.0024630541871921183
through 0.0024630541871921183
generalized 0.0024630541871921183
notion 0.0024630541871921183
resource 0.0024630541871921183
both 0.0024630541871921183
physical 0.0024630541871921183
virtual 0.0024630541871921183
called 0.0024630541871921183
are 0.0024630541871921183
presented 0.0024630541871921183
dealing 0.0024630541871921183
objects 0.0024630541871921183
including 0.0024630541871921183
types 0.0024630541871921183
specification 0.0024630541871921183
applicable 0.0024630541871921183
sharing 0.0024630541871921183
reference 0.0024630541871921183
against 0.0024630541871921183
improper 0.0024630541871921183
application 0.0024630541871921183
defined 0.0024630541871921183
respect 0.0024630541871921183
that 0.0024630541871921183
provide 0.0024630541871921183
basis 0.0024630541871921183
extension 0.0024630541871921183
in 0.0024630541871921183
two 0.0024630541871921183
directions 0.0024630541871921183
facilities 0.0024630541871921183
highly 0.0024630541871921183
systems 0.0024630541871921183
cacm 0.0024630541871921183
june 0.0024630541871921183
1974 0.0024630541871921183
wulf 0.0024630541871921183
cohen 0.0024630541871921183
e 0.0024630541871921183
jones 0.0024630541871921183
r 0.0024630541871921183
pollack 0.0024630541871921183
f 0.0024630541871921183
nucleus 0.0024630541871921183
security 0.0024630541871921183
4.3 0.0024630541871921183
6.2 0.0024630541871921183
jb 0.0024630541871921183
january 0.0024630541871921183
17 0.0024630541871921183
1978 0.0024630541871921183
2 0.0024630541871921183
40 0.0024630541871921183
pm 0.0024630541871921183
1458 0.0024630541871921183
4 0.0024630541871921183
2632 0.0024630541871921183
1523 0.0024630541871921183
1603 0.0024630541871921183
1698 0.0024630541871921183
1747 0.0024630541871921183
1748 0.0024630541871921183
1828 0.0024630541871921183
1854 0.0024630541871921183
1877 0.0024630541871921183
1960 0.0024630541871921183
2150 0.0024630541871921183
2317 0.0024630541871921183
2319 0.0024630541871921183
2377 0.0024630541871921183
2378 0.0024630541871921183
2342 0.0024630541871921183
2376 0.0024630541871921183
2379 0.0024630541871921183
2320 0.0024630541871921183
2424 0.0024630541871921183
2482 0.0024630541871921183
2497 0.0024630541871921183
2558 0.0024630541871921183
2618 0.0024630541871921183
2625 0.0024630541871921183
2704 0.0024630541871921183
2723 0.0024630541871921183
2738 0.0024630541871921183
2740 0.0024630541871921183
2741 0.0024630541871921183
2840 0.0024630541871921183
2867 0.0024630541871921183
2868 0.0024630541871921183
2941 0.0024630541871921183
3105 0.0024630541871921183
3127 0.0024630541871921183
3144 0.0024630541871921183
3184 0.0024630541871921183
1471 0.0024630541871921183
5 0.0024630541871921183
1749 0.0024630541871921183
2080 0.0024630541871921183
2870 0.0024630541871921183
2876 0.0024630541871921183
953 0.0024630541871921183
6 0.0024630541871921183
2298 0.0024630541871921183
2380 0.0024630541871921183
2491 0.0024630541871921183
2597 0.0024630541871921183
2624 0.0024630541871921183
2685 0.0024630541871921183
2939 0.0024630541871921183
3068 0.0024630541871921183
