ca611104 0.24519338670779056
a 0.02702702702702703
generalized 0.02702702702702703
polyphase 0.02702702702702703
merge 0.02702702702702703
algorithm 0.02702702702702703
cacm 0.02702702702702703
november 0.02702702702702703
1961 0.02702702702702703
reynolds 0.02702702702702703
s 0.02702702702702703
w 0.02702702702702703
jb 0.02702702702702703
march 0.02702702702702703
15 0.02702702702702703
1978 0.02702702702702703
10 0.02702702702702703
56 0.02702702702702703
pm 0.02702702702702703
264 0.02702702702702703
5 0.02702702702702703
479 0.02702702702702703
6 0.02702702702702703
299 0.02702702702702703
