r400 0.2326193668766218
ca740606 0.2326193668766218
modified 0.02564102564102564
havie 0.02564102564102564
integration 0.02564102564102564
algorithm 0.02564102564102564
cacm 0.02564102564102564
june 0.02564102564102564
1974 0.02564102564102564
piessens 0.02564102564102564
r 0.02564102564102564
jb 0.02564102564102564
january 0.02564102564102564
17 0.02564102564102564
1978 0.02564102564102564
3 0.02564102564102564
04 0.02564102564102564
pm 0.02564102564102564
2350 0.02564102564102564
4 0.02564102564102564
2640 0.02564102564102564
2354 0.02564102564102564
2355 0.02564102564102564
5 0.02564102564102564
