ca611101 0.10673123891986176
15,1978 0.10673123891986176
some 0.011764705882352941
proposals 0.011764705882352941
for 0.011764705882352941
improving 0.011764705882352941
the 0.011764705882352941
efficiency 0.011764705882352941
of 0.011764705882352941
algol 0.011764705882352941
60 0.011764705882352941
cacm 0.011764705882352941
november 0.011764705882352941
1961 0.011764705882352941
wilkes 0.011764705882352941
m 0.011764705882352941
v 0.011764705882352941
jb 0.011764705882352941
march 0.011764705882352941
11 0.011764705882352941
01 0.011764705882352941
pm 0.011764705882352941
267 0.011764705882352941
4 0.011764705882352941
1139 0.011764705882352941
1141 0.011764705882352941
1215 0.011764705882352941
1223 0.011764705882352941
1647 0.011764705882352941
1781 0.011764705882352941
1787 0.011764705882352941
1792 0.011764705882352941
364 0.011764705882352941
405 0.011764705882352941
438 0.011764705882352941
763 0.011764705882352941
1323 0.011764705882352941
5 0.011764705882352941
224 0.011764705882352941
6 0.011764705882352941
3184 0.011764705882352941
799 0.011764705882352941
