ackerman 0.07753978895887394
ca740310 0.07753978895887394
quadratic 0.017094017094017096
search 0.017094017094017096
for 0.008547008547008548
hash 0.008547008547008548
tables 0.008547008547008548
of 0.008547008547008548
size 0.008547008547008548
p 0.008547008547008548
n 0.008547008547008548
cacm 0.008547008547008548
march 0.008547008547008548
1974 0.008547008547008548
a 0.008547008547008548
f 0.008547008547008548
hashing 0.008547008547008548
4.10 0.008547008547008548
jb 0.008547008547008548
january 0.008547008547008548
18 0.008547008547008548
1978 0.008547008547008548
10 0.008547008547008548
58 0.008547008547008548
am 0.008547008547008548
2673 0.008547008547008548
5 0.008547008547008548
2704 0.008547008547008548
2770 0.008547008547008548
3053 0.008547008547008548
1247 0.008547008547008548
6 0.008547008547008548
1329 0.008547008547008548
1552 0.008547008547008548
1749 0.008547008547008548
1785 0.008547008547008548
1786 0.008547008547008548
1869 0.008547008547008548
1973 0.008547008547008548
1992 0.008547008547008548
2018 0.008547008547008548
2107 0.008547008547008548
2109 0.008547008547008548
2356 0.008547008547008548
2379 0.008547008547008548
2412 0.008547008547008548
2543 0.008547008547008548
2707 0.008547008547008548
