r179 0.18514602669771937
bosten 0.18514602669771937
battiste 0.18514602669771937
ca740306 0.18514602669771937
e 0.04081632653061224
incomplete 0.02040816326530612
beta 0.02040816326530612
ratio 0.02040816326530612
algorithm 0.02040816326530612
cacm 0.02040816326530612
march 0.02040816326530612
1974 0.02040816326530612
n 0.02040816326530612
l 0.02040816326530612
jb 0.02040816326530612
january 0.02040816326530612
18 0.02040816326530612
1978 0.02040816326530612
11 0.02040816326530612
13 0.02040816326530612
am 0.02040816326530612
2668 0.02040816326530612
5 0.02040816326530612
2677 0.02040816326530612
1604 0.02040816326530612
6 0.02040816326530612
1728 0.02040816326530612
1761 0.02040816326530612
1827 0.02040816326530612
