qsort 0.08400143803878009
treesort3 0.05600095869252006
stringsort 0.04921940135506259
loeser 0.02800047934626003
ca740304 0.02800047934626003
no 0.021604938271604937
sorting 0.015432098765432098
and 0.012345679012345678
algorithm 0.012345679012345678
performance 0.009259259259259259
of 0.009259259259259259
quicksort 0.009259259259259259
are 0.009259259259259259
algorithms 0.009259259259259259
quickersort 0.009259259259259259
sort 0.009259259259259259
some 0.006172839506172839
tests 0.006172839506172839
shellsort 0.006172839506172839
all 0.006172839506172839
the 0.006172839506172839
requires 0.006172839506172839
comparisons 0.006172839506172839
descendants 0.0030864197530864196
detailed 0.0030864197530864196
evaluations 0.0030864197530864196
presented 0.0030864197530864196
for 0.0030864197530864196
six 0.0030864197530864196
acm 0.0030864197530864196
64 0.0030864197530864196
201 0.0030864197530864196
207 0.0030864197530864196
245 0.0030864197530864196
271 0.0030864197530864196
402 0.0030864197530864196
refinements 0.0030864197530864196
three 0.0030864197530864196
discussed 0.0030864197530864196
in 0.0030864197530864196
detail 0.0030864197530864196
evidence 0.0030864197530864196
given 0.0030864197530864196
here 0.0030864197530864196
demonstrates 0.0030864197530864196
that 0.0030864197530864196
many 0.0030864197530864196
more 0.0030864197530864196
than 0.0030864197530864196
its 0.0030864197530864196
author 0.0030864197530864196
claims 0.0030864197530864196
these 0.0030864197530864196
fewest 0.0030864197530864196
to 0.0030864197530864196
random 0.0030864197530864196
arrays 0.0030864197530864196
cacm 0.0030864197530864196
march 0.0030864197530864196
1974 0.0030864197530864196
r 0.0030864197530864196
in-place 0.0030864197530864196
efficiency 0.0030864197530864196
utility 0.0030864197530864196
general-purpose 0.0030864197530864196
documentation 0.0030864197530864196
4.49 0.0030864197530864196
5.31 0.0030864197530864196
jb 0.0030864197530864196
january 0.0030864197530864196
18 0.0030864197530864196
1978 0.0030864197530864196
11 0.0030864197530864196
26 0.0030864197530864196
am 0.0030864197530864196
1175 0.0030864197530864196
4 0.0030864197530864196
2679 0.0030864197530864196
1663 0.0030864197530864196
1919 0.0030864197530864196
1969 0.0030864197530864196
1997 0.0030864197530864196
2042 0.0030864197530864196
2118 0.0030864197530864196
2191 0.0030864197530864196
2195 0.0030864197530864196
2216 0.0030864197530864196
2222 0.0030864197530864196
2356 0.0030864197530864196
2388 0.0030864197530864196
2348 0.0030864197530864196
2844 0.0030864197530864196
2972 0.0030864197530864196
3054 0.0030864197530864196
3121 0.0030864197530864196
970 0.0030864197530864196
5 0.0030864197530864196
1190 0.0030864197530864196
1228 0.0030864197530864196
308 0.0030864197530864196
507 0.0030864197530864196
3187 0.0030864197530864196
716 0.0030864197530864196
783 0.0030864197530864196
6 0.0030864197530864196
1880 0.0030864197530864196
1980 0.0030864197530864196
307 0.0030864197530864196
309 0.0030864197530864196
2017 0.0030864197530864196
776 0.0030864197530864196
