ca740109 0.1440024652093373
numbering 0.1265641749130181
knott 0.1265641749130181
january 0.031746031746031744
a 0.015873015873015872
systems 0.015873015873015872
for 0.015873015873015872
combinations 0.015873015873015872
cacm 0.015873015873015872
1974 0.015873015873015872
g 0.015873015873015872
d 0.015873015873015872
combinatorics 0.015873015873015872
coding 0.015873015873015872
system 0.015873015873015872
storage 0.015873015873015872
mapping 0.015873015873015872
function 0.015873015873015872
4.9 0.015873015873015872
5.30 0.015873015873015872
jb 0.015873015873015872
18 0.015873015873015872
1978 0.015873015873015872
1 0.015873015873015872
42 0.015873015873015872
pm 0.015873015873015872
2690 0.015873015873015872
4 0.015873015873015872
2853 0.015873015873015872
3115 0.015873015873015872
203 0.015873015873015872
5 0.015873015873015872
579 0.015873015873015872
6 0.015873015873015872
