ca740108 0.08323078264392891
the 0.01834862385321101
of 0.01834862385321101
decision 0.01834862385321101
january 0.01834862385321101
comments 0.009174311926605505
on 0.009174311926605505
algorithms 0.009174311926605505
verhelst 0.009174311926605505
for 0.009174311926605505
conversion 0.009174311926605505
limited-entry 0.009174311926605505
tables 0.009174311926605505
to 0.009174311926605505
flowcharts 0.009174311926605505
cacm 0.009174311926605505
1974 0.009174311926605505
king 0.009174311926605505
p 0.009174311926605505
j 0.009174311926605505
h 0.009174311926605505
johnson 0.009174311926605505
r 0.009174311926605505
g 0.009174311926605505
table 0.009174311926605505
flowcharting 0.009174311926605505
preprocessor 0.009174311926605505
optimal 0.009174311926605505
programs 0.009174311926605505
search 0.009174311926605505
3.50 0.009174311926605505
3.59 0.009174311926605505
4.19 0.009174311926605505
4.29 0.009174311926605505
4.49 0.009174311926605505
5.31 0.009174311926605505
jb 0.009174311926605505
18 0.009174311926605505
1978 0.009174311926605505
1 0.009174311926605505
45 0.009174311926605505
pm 0.009174311926605505
2598 0.009174311926605505
4 0.009174311926605505
2691 0.009174311926605505
2726 0.009174311926605505
3113 0.009174311926605505
2263 0.009174311926605505
5 0.009174311926605505
1172 0.009174311926605505
6 0.009174311926605505
1354 0.009174311926605505
1548 0.009174311926605505
2220 0.009174311926605505
2453 0.009174311926605505
2856 0.009174311926605505
