a474 0.1042776472205546
ca740106 0.1042776472205546
interpolation 0.034482758620689655
bivariate 0.022988505747126436
smooth 0.022988505747126436
surface 0.022988505747126436
fitting 0.022988505747126436
january 0.022988505747126436
and 0.011494252873563218
based 0.011494252873563218
on 0.011494252873563218
local 0.011494252873563218
procedures 0.011494252873563218
e2 0.011494252873563218
algorithm 0.011494252873563218
cacm 0.011494252873563218
1974 0.011494252873563218
akima 0.011494252873563218
h 0.011494252873563218
partial 0.011494252873563218
derivative 0.011494252873563218
polynomial 0.011494252873563218
5.13 0.011494252873563218
jb 0.011494252873563218
18 0.011494252873563218
1978 0.011494252873563218
2 0.011494252873563218
07 0.011494252873563218
pm 0.011494252873563218
1845 0.011494252873563218
4 0.011494252873563218
2693 0.011494252873563218
1900 0.011494252873563218
2083 0.011494252873563218
2154 0.011494252873563218
2270 0.011494252873563218
2696 0.011494252873563218
988 0.011494252873563218
5 0.011494252873563218
6 0.011494252873563218
