least-errors 0.09280977297379285
drivers 0.023202443243448213
driver 0.023202443243448213
emphasizes 0.023202443243448213
subanalyses 0.023202443243448213
separability 0.023202443243448213
ca740101 0.023202443243448213
a 0.01278772378516624
the 0.01278772378516624
of 0.01278772378516624
context-free 0.0076726342710997444
programming 0.0076726342710997444
input 0.0076726342710997444
for 0.005115089514066497
practical 0.005115089514066497
recognizer 0.005115089514066497
dynamic 0.005115089514066497
grammars 0.005115089514066497
as 0.005115089514066497
january 0.005115089514066497
syntax-directed 0.0025575447570332483
analysis 0.0025575447570332483
languages 0.0025575447570332483
approach 0.0025575447570332483
is 0.0025575447570332483
developed 0.0025575447570332483
informally 0.0025575447570332483
using 0.0025575447570332483
well-known 0.0025575447570332483
earley 0.0025575447570332483
along 0.0025575447570332483
with 0.0025575447570332483
elements 0.0025575447570332483
bellman 0.0025575447570332483
s 0.0025575447570332483
analyzer 0.0025575447570332483
takes 0.0025575447570332483
general 0.0025575447570332483
class 0.0025575447570332483
and 0.0025575447570332483
any 0.0025575447570332483
finite 0.0025575447570332483
string 0.0025575447570332483
recognition 0.0025575447570332483
consists 0.0025575447570332483
count 0.0025575447570332483
corrected 0.0025575447570332483
version 0.0025575447570332483
relative 0.0025575447570332483
to 0.0025575447570332483
grammar 0.0025575447570332483
algorithm 0.0025575447570332483
design 0.0025575447570332483
aspects 0.0025575447570332483
which 0.0025575447570332483
help 0.0025575447570332483
in 0.0025575447570332483
it 0.0025575447570332483
cacm 0.0025575447570332483
1974 0.0025575447570332483
lyon 0.0025575447570332483
g 0.0025575447570332483
arbitrary 0.0025575447570332483
strings 0.0025575447570332483
parsing 0.0025575447570332483
stored 0.0025575447570332483
state 0.0025575447570332483
merging 0.0025575447570332483
correction 0.0025575447570332483
4.12 0.0025575447570332483
5.23 0.0025575447570332483
5.42 0.0025575447570332483
jb 0.0025575447570332483
18 0.0025575447570332483
1978 0.0025575447570332483
2 0.0025575447570332483
57 0.0025575447570332483
pm 0.0025575447570332483
1225 0.0025575447570332483
4 0.0025575447570332483
2698 0.0025575447570332483
1323 0.0025575447570332483
1350 0.0025575447570332483
1358 0.0025575447570332483
1379 0.0025575447570332483
1380 0.0025575447570332483
1542 0.0025575447570332483
1646 0.0025575447570332483
1665 0.0025575447570332483
1683 0.0025575447570332483
1693 0.0025575447570332483
1768 0.0025575447570332483
1781 0.0025575447570332483
1787 0.0025575447570332483
1824 0.0025575447570332483
1825 0.0025575447570332483
1836 0.0025575447570332483
1861 0.0025575447570332483
1945 0.0025575447570332483
1989 0.0025575447570332483
2015 0.0025575447570332483
2060 0.0025575447570332483
2061 0.0025575447570332483
2082 0.0025575447570332483
2091 0.0025575447570332483
2110 0.0025575447570332483
2112 0.0025575447570332483
2127 0.0025575447570332483
2152 0.0025575447570332483
2179 0.0025575447570332483
2187 0.0025575447570332483
2317 0.0025575447570332483
2340 0.0025575447570332483
2356 0.0025575447570332483
2534 0.0025575447570332483
2541 0.0025575447570332483
2545 0.0025575447570332483
2546 0.0025575447570332483
2603 0.0025575447570332483
2650 0.0025575447570332483
2708 0.0025575447570332483
2733 0.0025575447570332483
2820 0.0025575447570332483
2824 0.0025575447570332483
2921 0.0025575447570332483
2982 0.0025575447570332483
2986 0.0025575447570332483
3045 0.0025575447570332483
3073 0.0025575447570332483
3093 0.0025575447570332483
3155 0.0025575447570332483
3154 0.0025575447570332483
1477 0.0025575447570332483
5 0.0025575447570332483
1491 0.0025575447570332483
2556 0.0025575447570332483
680 0.0025575447570332483
799 0.0025575447570332483
