remedied 0.03360057521551204
ca751203 0.03360057521551204
exception 0.014814814814814815
handling 0.011111111111111112
and 0.011111111111111112
conditions 0.011111111111111112
language 0.011111111111111112
features 0.011111111111111112
issues 0.007407407407407408
proposed 0.007407407407407408
the 0.007407407407407408
in 0.007407407407407408
programming 0.007407407407407408
a 0.003703703703703704
notation 0.003703703703703704
this 0.003703703703703704
paper 0.003703703703703704
defines 0.003703703703703704
discusses 0.003703703703703704
requirements 0.003703703703703704
must 0.003703703703703704
satisfy 0.003703703703703704
proposes 0.003703703703703704
some 0.003703703703703704
new 0.003703703703703704
for 0.003703703703703704
dealing 0.003703703703703704
with 0.003703703703703704
exceptions 0.003703703703703704
an 0.003703703703703704
orderly 0.003703703703703704
reliable 0.003703703703703704
way 0.003703703703703704
serve 0.003703703703703704
to 0.003703703703703704
highlight 0.003703703703703704
by 0.003703703703703704
showing 0.003703703703703704
how 0.003703703703703704
deficiencies 0.003703703703703704
current 0.003703703703703704
approaches 0.003703703703703704
can 0.003703703703703704
be 0.003703703703703704
cacm 0.003703703703703704
december 0.003703703703703704
1975 0.003703703703703704
goodenough 0.003703703703703704
j 0.003703703703703704
b 0.003703703703703704
multilevel 0.003703703703703704
exit 0.003703703703703704
goto 0.003703703703703704
statement 0.003703703703703704
error 0.003703703703703704
structured 0.003703703703703704
on 0.003703703703703704
languages 0.003703703703703704
4.22 0.003703703703703704
jb 0.003703703703703704
january 0.003703703703703704
5 0.003703703703703704
1978 0.003703703703703704
4 0.003703703703703704
47 0.003703703703703704
pm 0.003703703703703704
1397 0.003703703703703704
2704 0.003703703703703704
1828 0.003703703703703704
1854 0.003703703703703704
1877 0.003703703703703704
1960 0.003703703703703704
2150 0.003703703703703704
2317 0.003703703703703704
2319 0.003703703703703704
2377 0.003703703703703704
2342 0.003703703703703704
2376 0.003703703703703704
2379 0.003703703703703704
2424 0.003703703703703704
2482 0.003703703703703704
2618 0.003703703703703704
2632 0.003703703703703704
2723 0.003703703703703704
2738 0.003703703703703704
2740 0.003703703703703704
2741 0.003703703703703704
2770 0.003703703703703704
2866 0.003703703703703704
2867 0.003703703703703704
2869 0.003703703703703704
2902 0.003703703703703704
2941 0.003703703703703704
2958 0.003703703703703704
3004 0.003703703703703704
3030 0.003703703703703704
3053 0.003703703703703704
3184 0.003703703703703704
1247 0.003703703703703704
1552 0.003703703703703704
1749 0.003703703703703704
2356 0.003703703703703704
2673 0.003703703703703704
2945 0.003703703703703704
3150 0.003703703703703704
1947 0.003703703703703704
6 0.003703703703703704
2060 0.003703703703703704
2842 0.003703703703703704
2870 0.003703703703703704
2939 0.003703703703703704
2940 0.003703703703703704
2943 0.003703703703703704
3073 0.003703703703703704
3148 0.003703703703703704
