automatically-generated 0.02964756636662827
ca751104 0.02964756636662827
rhodes 0.02738237950205328
recovery 0.016339869281045753
error 0.00980392156862745
this 0.006535947712418301
paper 0.006535947712418301
for 0.006535947712418301
syntax 0.006535947712418301
errors 0.006535947712418301
are 0.006535947712418301
s 0.006535947712418301
practical 0.0032679738562091504
syntactic 0.0032679738562091504
describes 0.0032679738562091504
a 0.0032679738562091504
scheme 0.0032679738562091504
which 0.0032679738562091504
provides 0.0032679738562091504
high 0.0032679738562091504
quality 0.0032679738562091504
with 0.0032679738562091504
good 0.0032679738562091504
diagnostic 0.0032679738562091504
information 0.0032679738562091504
at 0.0032679738562091504
relatively 0.0032679738562091504
low 0.0032679738562091504
cost 0.0032679738562091504
previous 0.0032679738562091504
techniques 0.0032679738562091504
summarized 0.0032679738562091504
and 0.0032679738562091504
empirical 0.0032679738562091504
comparisons 0.0032679738562091504
made 0.0032679738562091504
suggestions 0.0032679738562091504
further 0.0032679738562091504
research 0.0032679738562091504
on 0.0032679738562091504
topic 0.0032679738562091504
conclude 0.0032679738562091504
the 0.0032679738562091504
cacm 0.0032679738562091504
november 0.0032679738562091504
1975 0.0032679738562091504
graham 0.0032679738562091504
l 0.0032679738562091504
p 0.0032679738562091504
correction 0.0032679738562091504
parsing 0.0032679738562091504
simple 0.0032679738562091504
precedence 0.0032679738562091504
compilers 0.0032679738562091504
debugging 0.0032679738562091504
4.12 0.0032679738562091504
4.42 0.0032679738562091504
5.23 0.0032679738562091504
jb 0.0032679738562091504
january 0.0032679738562091504
6 0.0032679738562091504
1978 0.0032679738562091504
9 0.0032679738562091504
42 0.0032679738562091504
am 0.0032679738562091504
1225 0.0032679738562091504
4 0.0032679738562091504
2708 0.0032679738562091504
1350 0.0032679738562091504
1379 0.0032679738562091504
1542 0.0032679738562091504
1646 0.0032679738562091504
1683 0.0032679738562091504
1693 0.0032679738562091504
1781 0.0032679738562091504
1787 0.0032679738562091504
1836 0.0032679738562091504
1945 0.0032679738562091504
2015 0.0032679738562091504
2060 0.0032679738562091504
2061 0.0032679738562091504
2082 0.0032679738562091504
2091 0.0032679738562091504
2152 0.0032679738562091504
2179 0.0032679738562091504
2340 0.0032679738562091504
2356 0.0032679738562091504
2534 0.0032679738562091504
2546 0.0032679738562091504
2556 0.0032679738562091504
2603 0.0032679738562091504
2650 0.0032679738562091504
2698 0.0032679738562091504
2820 0.0032679738562091504
2824 0.0032679738562091504
2887 0.0032679738562091504
2971 0.0032679738562091504
2982 0.0032679738562091504
2986 0.0032679738562091504
3045 0.0032679738562091504
3093 0.0032679738562091504
1477 0.0032679738562091504
5 0.0032679738562091504
1491 0.0032679738562091504
2111 0.0032679738562091504
680 0.0032679738562091504
