larner 0.13540530310728732
ca611010 0.13540530310728732
heising 0.11900810476895732
a 0.029850746268656716
semi-automatic 0.014925373134328358
storage 0.014925373134328358
allocation 0.014925373134328358
system 0.014925373134328358
at 0.014925373134328358
loading 0.014925373134328358
time 0.014925373134328358
cacm 0.014925373134328358
october 0.014925373134328358
1961 0.014925373134328358
w 0.014925373134328358
p 0.014925373134328358
r 0.014925373134328358
jb 0.014925373134328358
march 0.014925373134328358
16 0.014925373134328358
1978 0.014925373134328358
12 0.014925373134328358
51 0.014925373134328358
pm 0.014925373134328358
972 0.014925373134328358
5 0.014925373134328358
271 0.014925373134328358
1774 0.014925373134328358
560 0.014925373134328358
800 0.014925373134328358
6 0.014925373134328358
196 0.014925373134328358
1173 0.014925373134328358
273 0.014925373134328358
276 0.014925373134328358
