closed-form 0.058187556441863214
ca750905 0.031500539264542535
of 0.024305555555555556
analysis 0.020833333333333332
for 0.013888888888888888
program 0.010416666666666666
execution 0.010416666666666666
the 0.010416666666666666
and 0.010416666666666666
performance 0.006944444444444444
is 0.006944444444444444
expressions 0.006944444444444444
their 0.006944444444444444
behavior 0.006944444444444444
this 0.006944444444444444
paper 0.006944444444444444
discusses 0.006944444444444444
describes 0.006944444444444444
metric 0.006944444444444444
lisp 0.006944444444444444
programs 0.006944444444444444
time 0.006944444444444444
its 0.006944444444444444
mechanical 0.003472222222222222
one 0.003472222222222222
means 0.003472222222222222
analyzing 0.003472222222222222
by 0.003472222222222222
deriving 0.003472222222222222
mechanization 0.003472222222222222
such 0.003472222222222222
a 0.003472222222222222
system 0.003472222222222222
which 0.003472222222222222
able 0.003472222222222222
to 0.003472222222222222
analyze 0.003472222222222222
simple 0.003472222222222222
produce 0.003472222222222222
example 0.003472222222222222
running 0.003472222222222222
expressed 0.003472222222222222
in 0.003472222222222222
terms 0.003472222222222222
size 0.003472222222222222
input 0.003472222222222222
presents 0.003472222222222222
reasons 0.003472222222222222
mechanizing 0.003472222222222222
operation 0.003472222222222222
explains 0.003472222222222222
implementation 0.003472222222222222
limitations 0.003472222222222222
cacm 0.003472222222222222
september 0.003472222222222222
1975 0.003472222222222222
wegbreit 0.003472222222222222
b 0.003472222222222222
difference 0.003472222222222222
equations 0.003472222222222222
generating 0.003472222222222222
functions 0.003472222222222222
list 0.003472222222222222
processing 0.003472222222222222
algebraic 0.003472222222222222
manipulation 0.003472222222222222
programming 0.003472222222222222
languages 0.003472222222222222
algorithms 0.003472222222222222
3.69 0.003472222222222222
4.22 0.003472222222222222
5.24 0.003472222222222222
5.25 0.003472222222222222
jb 0.003472222222222222
january 0.003472222222222222
6 0.003472222222222222
1978 0.003472222222222222
2 0.003472222222222222
11 0.003472222222222222
pm 0.003472222222222222
1024 0.003472222222222222
4 0.003472222222222222
2719 0.003472222222222222
1051 0.003472222222222222
1102 0.003472222222222222
1132 0.003472222222222222
1390 0.003472222222222222
1486 0.003472222222222222
1549 0.003472222222222222
1706 0.003472222222222222
1708 0.003472222222222222
1781 0.003472222222222222
1826 0.003472222222222222
1860 0.003472222222222222
1878 0.003472222222222222
378 0.003472222222222222
2060 0.003472222222222222
2155 0.003472222222222222
2156 0.003472222222222222
2168 0.003472222222222222
2164 0.003472222222222222
2170 0.003472222222222222
2249 0.003472222222222222
2314 0.003472222222222222
2323 0.003472222222222222
2657 0.003472222222222222
2723 0.003472222222222222
2736 0.003472222222222222
2833 0.003472222222222222
2838 0.003472222222222222
2842 0.003472222222222222
2855 0.003472222222222222
2879 0.003472222222222222
2967 0.003472222222222222
3077 0.003472222222222222
3080 0.003472222222222222
3094 0.003472222222222222
3106 0.003472222222222222
627 0.003472222222222222
106 0.003472222222222222
210 0.003472222222222222
5 0.003472222222222222
1626 0.003472222222222222
2151 0.003472222222222222
2167 0.003472222222222222
2210 0.003472222222222222
2645 0.003472222222222222
