jensen 0.04161539132196446
mondrup 0.04161539132196446
ca611009 0.04161539132196446
a 0.027522935779816515
the 0.027522935779816515
storage 0.013761467889908258
for 0.013761467889908258
allocation 0.009174311926605505
scheme 0.009174311926605505
algol 0.009174311926605505
and 0.009174311926605505
drum 0.009174311926605505
is 0.009174311926605505
described 0.009174311926605505
program 0.009174311926605505
in 0.009174311926605505
p 0.009174311926605505
60 0.0045871559633027525
machine 0.0045871559633027525
with 0.0045871559633027525
2048 0.0045871559633027525
instruction 0.0045871559633027525
core 0.0045871559633027525
store 0.0045871559633027525
magnetic 0.0045871559633027525
use 0.0045871559633027525
of 0.0045871559633027525
storing 0.0045871559633027525
blocks 0.0045871559633027525
or 0.0045871559633027525
data 0.0045871559633027525
must 0.0045871559633027525
be 0.0045871559633027525
directed 0.0045871559633027525
by 0.0045871559633027525
programmer 0.0045871559633027525
through 0.0045871559633027525
auxiliary 0.0045871559633027525
information 0.0045871559633027525
administrative 0.0045871559633027525
routines 0.0045871559633027525
controlling 0.0045871559633027525
at 0.0045871559633027525
run 0.0045871559633027525
time 0.0045871559633027525
are 0.0045871559633027525
full 0.0045871559633027525
detailed 0.0045871559633027525
example 0.0045871559633027525
given 0.0045871559633027525
cacm 0.0045871559633027525
october 0.0045871559633027525
1961 0.0045871559633027525
j 0.0045871559633027525
naur 0.0045871559633027525
jb 0.0045871559633027525
march 0.0045871559633027525
16 0.0045871559633027525
1978 0.0045871559633027525
12 0.0045871559633027525
54 0.0045871559633027525
pm 0.0045871559633027525
249 0.0045871559633027525
4 0.0045871559633027525
272 0.0045871559633027525
254 0.0045871559633027525
1102 0.0045871559633027525
1109 0.0045871559633027525
1140 0.0045871559633027525
1188 0.0045871559633027525
1306 0.0045871559633027525
1464 0.0045871559633027525
1491 0.0045871559633027525
1767 0.0045871559633027525
1781 0.0045871559633027525
1787 0.0045871559633027525
1949 0.0045871559633027525
321 0.0045871559633027525
2059 0.0045871559633027525
2126 0.0045871559633027525
435 0.0045871559633027525
437 0.0045871559633027525
463 0.0045871559633027525
483 0.0045871559633027525
491 0.0045871559633027525
2732 0.0045871559633027525
560 0.0045871559633027525
583 0.0045871559633027525
3073 0.0045871559633027525
627 0.0045871559633027525
631 0.0045871559633027525
632 0.0045871559633027525
642 0.0045871559633027525
644 0.0045871559633027525
653 0.0045871559633027525
680 0.0045871559633027525
761 0.0045871559633027525
762 0.0045871559633027525
763 0.0045871559633027525
123 0.0045871559633027525
140 0.0045871559633027525
919 0.0045871559633027525
989 0.0045871559633027525
196 0.0045871559633027525
5 0.0045871559633027525
