compactifying 0.030194623883345238
thoroughly 0.028733488358631137
interprocessor 0.01634622578051937
relocating 0.01634622578051937
unimpeded 0.01634622578051937
reclaimer 0.01634622578051937
compactification 0.01634622578051937
gc 0.01634622578051937
ca750901 0.01634622578051937
reclaims 0.015097311941672619
steele 0.015097311941672619
the 0.014414414414414415
and 0.012612612612612612
list 0.012612612612612612
garbage 0.010810810810810811
collection 0.009009009009009009
processor 0.009009009009009009
are 0.007207207207207207
storage 0.007207207207207207
multiprocessing 0.005405405405405406
for 0.005405405405405406
of 0.005405405405405406
processors 0.005405405405405406
is 0.005405405405405406
processing 0.005405405405405406
to 0.005405405405405406
presented 0.0036036036036036037
discussed 0.0036036036036036037
one 0.0036036036036036037
performing 0.0036036036036036037
other 0.0036036036036036037
as 0.0036036036036036037
while 0.0036036036036036037
more 0.0036036036036036037
algorithms 0.0018018018018018018
a 0.0018018018018018018
collector 0.0018018018018018018
simple 0.0018018018018018018
case 0.0018018018018018018
two 0.0018018018018018018
lisp-like 0.0018018018018018018
operations 0.0018018018018018018
continuously 0.0018018018018018018
examined 0.0018018018018018018
necessary 0.0018018018018018018
capabilities 0.0018018018018018018
each 0.0018018018018018018
defined 0.0018018018018018018
well 0.0018018018018018018
communication 0.0018018018018018018
interlocks 0.0018018018018018018
complete 0.0018018018018018018
procedures 0.0018018018018018018
standard 0.0018018018018018018
primitives 0.0018018018018018018
explained 0.0018018018018018018
particular 0.0018018018018018018
attention 0.0018018018018018018
given 0.0018018018018018018
problems 0.0018018018018018018
marking 0.0018018018018018018
cells 0.0018018018018018018
another 0.0018018018018018018
may 0.0018018018018018018
be 0.0018018018018018018
operating 0.0018018018018018018
on 0.0018018018018018018
them 0.0018018018018018018
primary 0.0018018018018018018
aim 0.0018018018018018018
throughout 0.0018018018018018018
allow 0.0018018018018018018
run 0.0018018018018018018
complex 0.0018018018018018018
cases 0.0018018018018018018
involving 0.0018018018018018018
several 0.0018018018018018018
or 0.0018018018018018018
also 0.0018018018018018018
briefly 0.0018018018018018018
cacm 0.0018018018018018018
september 0.0018018018018018018
1975 0.0018018018018018018
g 0.0018018018018018018
l 0.0018018018018018018
jr 0.0018018018018018018
reclamation 0.0018018018018018018
allocation 0.0018018018018018018
synchronization 0.0018018018018018018
semaphores 0.0018018018018018018
parallel 0.0018018018018018018
relocation 0.0018018018018018018
lisp 0.0018018018018018018
free 0.0018018018018018018
pointers 0.0018018018018018018
data 0.0018018018018018018
structures 0.0018018018018018018
4.19 0.0018018018018018018
4.32 0.0018018018018018018
4.40 0.0018018018018018018
4.49 0.0018018018018018018
4.9 0.0018018018018018018
jb 0.0018018018018018018
january 0.0018018018018018018
6 0.0018018018018018018
1978 0.0018018018018018018
3 0.0018018018018018018
39 0.0018018018018018018
pm 0.0018018018018018018
1024 0.0018018018018018018
4 0.0018018018018018018
2723 0.0018018018018018018
1050 0.0018018018018018018
1051 0.0018018018018018018
1098 0.0018018018018018018
1102 0.0018018018018018018
1132 0.0018018018018018018
1214 0.0018018018018018018
1380 0.0018018018018018018
1388 0.0018018018018018018
1390 0.0018018018018018018
1393 0.0018018018018018018
1485 0.0018018018018018018
1486 0.0018018018018018018
1487 0.0018018018018018018
1549 0.0018018018018018018
1570 0.0018018018018018018
1706 0.0018018018018018018
1826 0.0018018018018018018
1828 0.0018018018018018018
1854 0.0018018018018018018
1869 0.0018018018018018018
1877 0.0018018018018018018
1878 0.0018018018018018018
1946 0.0018018018018018018
1957 0.0018018018018018018
1960 0.0018018018018018018
1972 0.0018018018018018018
378 0.0018018018018018018
2060 0.0018018018018018018
2150 0.0018018018018018018
2155 0.0018018018018018018
2156 0.0018018018018018018
2168 0.0018018018018018018
2317 0.0018018018018018018
2319 0.0018018018018018018
2377 0.0018018018018018018
2342 0.0018018018018018018
2376 0.0018018018018018018
2379 0.0018018018018018018
2424 0.0018018018018018018
2438 0.0018018018018018018
2482 0.0018018018018018018
2513 0.0018018018018018018
2618 0.0018018018018018018
2632 0.0018018018018018018
2665 0.0018018018018018018
2704 0.0018018018018018018
2719 0.0018018018018018018
2736 0.0018018018018018018
2738 0.0018018018018018018
2740 0.0018018018018018018
2741 0.0018018018018018018
2833 0.0018018018018018018
2838 0.0018018018018018018
2842 0.0018018018018018018
2855 0.0018018018018018018
2857 0.0018018018018018018
2867 0.0018018018018018018
2879 0.0018018018018018018
2882 0.0018018018018018018
2941 0.0018018018018018018
2956 0.0018018018018018018
3030 0.0018018018018018018
3074 0.0018018018018018018
3077 0.0018018018018018018
3080 0.0018018018018018018
3106 0.0018018018018018018
3112 0.0018018018018018018
3184 0.0018018018018018018
627 0.0018018018018018018
731 0.0018018018018018018
793 0.0018018018018018018
106 0.0018018018018018018
210 0.0018018018018018018
5 0.0018018018018018018
1749 0.0018018018018018018
2651 0.0018018018018018018
2896 0.0018018018018018018
3039 0.0018018018018018018
1834 0.0018018018018018018
1853 0.0018018018018018018
2732 0.0018018018018018018
