ca611008 0.1395716201259731
experience 0.015384615384615385
in 0.015384615384615385
automatic 0.015384615384615385
storage 0.015384615384615385
allocation 0.015384615384615385
cacm 0.015384615384615385
october 0.015384615384615385
1961 0.015384615384615385
collins 0.015384615384615385
jr 0.015384615384615385
g 0.015384615384615385
o 0.015384615384615385
jb 0.015384615384615385
march 0.015384615384615385
16 0.015384615384615385
1978 0.015384615384615385
12 0.015384615384615385
55 0.015384615384615385
pm 0.015384615384615385
972 0.015384615384615385
5 0.015384615384615385
273 0.015384615384615385
2911 0.015384615384615385
1879 0.015384615384615385
6 0.015384615384615385
271 0.015384615384615385
276 0.015384615384615385
2435 0.015384615384615385
2498 0.015384615384615385
2734 0.015384615384615385
2773 0.015384615384615385
2983 0.015384615384615385
