ca750804 0.09861038378465489
mean 0.021739130434782608
standard 0.021739130434782608
deviation 0.021739130434782608
remark 0.010869565217391304
on 0.010869565217391304
stably 0.010869565217391304
updating 0.010869565217391304
and 0.010869565217391304
of 0.010869565217391304
data 0.010869565217391304
cacm 0.010869565217391304
august 0.010869565217391304
1975 0.010869565217391304
cotton 0.010869565217391304
i 0.010869565217391304
w 0.010869565217391304
5.5 0.010869565217391304
5.19 0.010869565217391304
jb 0.010869565217391304
january 0.010869565217391304
6 0.010869565217391304
1978 0.010869565217391304
4 0.010869565217391304
40 0.010869565217391304
pm 0.010869565217391304
2731 0.010869565217391304
3159 0.010869565217391304
3166 0.010869565217391304
3167 0.010869565217391304
5 0.010869565217391304
2799 0.010869565217391304
1411 0.010869565217391304
