nondeterminacy 0.04774363605486213
guarded 0.04543329355851932
case-construction 0.025846596319624646
ca750803 0.025846596319624646
of 0.011396011396011397
the 0.011396011396011397
derivation 0.008547008547008548
programs 0.008547008547008548
for 0.008547008547008548
programming 0.008547008547008548
commands 0.005698005698005698
and 0.005698005698005698
formal 0.005698005698005698
a 0.005698005698005698
constructs 0.005698005698005698
program 0.005698005698005698
state 0.005698005698005698
semantics 0.005698005698005698
so-called 0.002849002849002849
are 0.002849002849002849
introduced 0.002849002849002849
as 0.002849002849002849
building 0.002849002849002849
block 0.002849002849002849
alternative 0.002849002849002849
repetitive 0.002849002849002849
that 0.002849002849002849
allow 0.002849002849002849
nondeterministic 0.002849002849002849
components 0.002849002849002849
which 0.002849002849002849
at 0.002849002849002849
least 0.002849002849002849
activity 0.002849002849002849
evoked 0.002849002849002849
but 0.002849002849002849
possible 0.002849002849002849
even 0.002849002849002849
final 0.002849002849002849
is 0.002849002849002849
not 0.002849002849002849
necessarily 0.002849002849002849
uniquely 0.002849002849002849
determined 0.002849002849002849
by 0.002849002849002849
initial 0.002849002849002849
expressed 0.002849002849002849
in 0.002849002849002849
terms 0.002849002849002849
these 0.002849002849002849
calculus 0.002849002849002849
will 0.002849002849002849
be 0.002849002849002849
shown 0.002849002849002849
cacm 0.002849002849002849
august 0.002849002849002849
1975 0.002849002849002849
dijkstra 0.002849002849002849
e 0.002849002849002849
w 0.002849002849002849
languages 0.002849002849002849
sequencing 0.002849002849002849
primitives 0.002849002849002849
language 0.002849002849002849
repetition 0.002849002849002849
termination 0.002849002849002849
correctness 0.002849002849002849
proof 0.002849002849002849
methodology 0.002849002849002849
4.20 0.002849002849002849
4.22 0.002849002849002849
jb 0.002849002849002849
january 0.002849002849002849
6 0.002849002849002849
1978 0.002849002849002849
4 0.002849002849002849
46 0.002849002849002849
pm 0.002849002849002849
249 0.002849002849002849
2732 0.002849002849002849
254 0.002849002849002849
272 0.002849002849002849
1102 0.002849002849002849
1109 0.002849002849002849
1140 0.002849002849002849
1188 0.002849002849002849
1306 0.002849002849002849
1464 0.002849002849002849
1491 0.002849002849002849
1767 0.002849002849002849
1781 0.002849002849002849
1787 0.002849002849002849
1949 0.002849002849002849
321 0.002849002849002849
2021 0.002849002849002849
2059 0.002849002849002849
2126 0.002849002849002849
2222 0.002849002849002849
2227 0.002849002849002849
2315 0.002849002849002849
2326 0.002849002849002849
2470 0.002849002849002849
435 0.002849002849002849
437 0.002849002849002849
463 0.002849002849002849
483 0.002849002849002849
491 0.002849002849002849
2865 0.002849002849002849
2896 0.002849002849002849
2943 0.002849002849002849
560 0.002849002849002849
583 0.002849002849002849
3014 0.002849002849002849
3068 0.002849002849002849
3073 0.002849002849002849
3077 0.002849002849002849
3143 0.002849002849002849
627 0.002849002849002849
631 0.002849002849002849
632 0.002849002849002849
642 0.002849002849002849
644 0.002849002849002849
653 0.002849002849002849
680 0.002849002849002849
761 0.002849002849002849
762 0.002849002849002849
763 0.002849002849002849
123 0.002849002849002849
140 0.002849002849002849
919 0.002849002849002849
989 0.002849002849002849
196 0.002849002849002849
5 0.002849002849002849
1834 0.002849002849002849
2972 0.002849002849002849
3037 0.002849002849002849
3039 0.002849002849002849
3043 0.002849002849002849
970 0.002849002849002849
2204 0.002849002849002849
2597 0.002849002849002849
2723 0.002849002849002849
2738 0.002849002849002849
2927 0.002849002849002849
799 0.002849002849002849
