ca750706 0.041807167318839863
hash 0.009216589861751152
a 0.004608294930875576
note 0.004608294930875576
on 0.004608294930875576
linking 0.004608294930875576
cacm 0.004608294930875576
july 0.004608294930875576
1975 0.004608294930875576
bobrow 0.004608294930875576
d 0.004608294930875576
g 0.004608294930875576
search 0.004608294930875576
address 0.004608294930875576
space 0.004608294930875576
extension 0.004608294930875576
implicit 0.004608294930875576
pointers 0.004608294930875576
monitor 0.004608294930875576
conditions 0.004608294930875576
3.7 0.004608294930875576
3.73 0.004608294930875576
4.1 0.004608294930875576
jb 0.004608294930875576
january 0.004608294930875576
9 0.004608294930875576
1978 0.004608294930875576
59 0.004608294930875576
am 0.004608294930875576
1708 0.004608294930875576
4 0.004608294930875576
2736 0.004608294930875576
1781 0.004608294930875576
1826 0.004608294930875576
1860 0.004608294930875576
1972 0.004608294930875576
2156 0.004608294930875576
2168 0.004608294930875576
2249 0.004608294930875576
2314 0.004608294930875576
2361 0.004608294930875576
2438 0.004608294930875576
2513 0.004608294930875576
2719 0.004608294930875576
2723 0.004608294930875576
2833 0.004608294930875576
2855 0.004608294930875576
3074 0.004608294930875576
3106 0.004608294930875576
3112 0.004608294930875576
1626 0.004608294930875576
5 0.004608294930875576
1853 0.004608294930875576
2845 0.004608294930875576
106 0.004608294930875576
6 0.004608294930875576
1184 0.004608294930875576
1380 0.004608294930875576
2435 0.004608294930875576
2598 0.004608294930875576
2747 0.004608294930875576
2768 0.004608294930875576
2838 0.004608294930875576
731 0.004608294930875576
