siewiorek 0.03397810976849532
bottom 0.03397810976849532
ca750704 0.03397810976849532
of 0.033707865168539325
the 0.018726591760299626
design 0.011235955056179775
systems 0.011235955056179775
a 0.011235955056179775
hierarchically 0.00749063670411985
structured 0.00749063670411985
with 0.00749063670411985
method 0.00749063670411985
abstraction 0.00749063670411985
d 0.00749063670411985
use 0.003745318352059925
concept 0.003745318352059925
transparency 0.003745318352059925
in 0.003745318352059925
this 0.003745318352059925
paper 0.003745318352059925
deals 0.003745318352059925
programming 0.003745318352059925
it 0.003745318352059925
develops 0.003745318352059925
for 0.003745318352059925
evaluating 0.003745318352059925
cost 0.003745318352059925
requiring 0.003745318352059925
programmers 0.003745318352059925
to 0.003745318352059925
work 0.003745318352059925
an 0.003745318352059925
real 0.003745318352059925
machine 0.003745318352059925
number 0.003745318352059925
examples 0.003745318352059925
from 0.003745318352059925
hardware 0.003745318352059925
and 0.003745318352059925
software 0.003745318352059925
are 0.003745318352059925
given 0.003745318352059925
as 0.003745318352059925
illustrations 0.003745318352059925
cacm 0.003745318352059925
july 0.003745318352059925
1975 0.003745318352059925
parnas 0.003745318352059925
l 0.003745318352059925
p 0.003745318352059925
hierarchical 0.003745318352059925
up 0.003745318352059925
levels 0.003745318352059925
synchronization 0.003745318352059925
primitives 0.003745318352059925
4.20 0.003745318352059925
4.30 0.003745318352059925
6.1 0.003745318352059925
6.20 0.003745318352059925
dmm 0.003745318352059925
january 0.003745318352059925
31 0.003745318352059925
1978 0.003745318352059925
3 0.003745318352059925
46 0.003745318352059925
pm 0.003745318352059925
1828 0.003745318352059925
4 0.003745318352059925
2738 0.003745318352059925
1854 0.003745318352059925
1877 0.003745318352059925
1960 0.003745318352059925
2150 0.003745318352059925
2317 0.003745318352059925
2319 0.003745318352059925
2377 0.003745318352059925
2378 0.003745318352059925
2342 0.003745318352059925
2376 0.003745318352059925
2379 0.003745318352059925
2320 0.003745318352059925
2424 0.003745318352059925
2482 0.003745318352059925
2480 0.003745318352059925
2618 0.003745318352059925
2632 0.003745318352059925
2704 0.003745318352059925
2723 0.003745318352059925
2740 0.003745318352059925
2741 0.003745318352059925
2866 0.003745318352059925
2867 0.003745318352059925
2868 0.003745318352059925
2869 0.003745318352059925
2941 0.003745318352059925
2958 0.003745318352059925
3004 0.003745318352059925
3030 0.003745318352059925
3127 0.003745318352059925
3155 0.003745318352059925
3184 0.003745318352059925
1749 0.003745318352059925
5 0.003745318352059925
2080 0.003745318352059925
2247 0.003745318352059925
2356 0.003745318352059925
2777 0.003745318352059925
2972 0.003745318352059925
970 0.003745318352059925
6 0.003745318352059925
2204 0.003745318352059925
2597 0.003745318352059925
2732 0.003745318352059925
