recombination 0.10368177495072287
cranston 0.05184088747536143
ca750606 0.05184088747536143
buddy 0.022857142857142857
system 0.022857142857142857
fibonacci 0.017142857142857144
a 0.011428571428571429
simplified 0.011428571428571429
scheme 0.011428571428571429
for 0.011428571428571429
the 0.011428571428571429
which 0.005714285714285714
requires 0.005714285714285714
neither 0.005714285714285714
tables 0.005714285714285714
nor 0.005714285714285714
repetitive 0.005714285714285714
calculations 0.005714285714285714
and 0.005714285714285714
uses 0.005714285714285714
only 0.005714285714285714
two 0.005714285714285714
additional 0.005714285714285714
bits 0.005714285714285714
per 0.005714285714285714
buffer 0.005714285714285714
is 0.005714285714285714
presented 0.005714285714285714
cacm 0.005714285714285714
june 0.005714285714285714
1975 0.005714285714285714
b 0.005714285714285714
thomas 0.005714285714285714
r 0.005714285714285714
dynamic 0.005714285714285714
storage 0.005714285714285714
allocation 0.005714285714285714
3.89 0.005714285714285714
4.32 0.005714285714285714
4.39 0.005714285714285714
jb 0.005714285714285714
january 0.005714285714285714
9 0.005714285714285714
1978 0.005714285714285714
1 0.005714285714285714
07 0.005714285714285714
pm 0.005714285714285714
2596 0.005714285714285714
4 0.005714285714285714
2747 0.005714285714285714
2768 0.005714285714285714
2845 0.005714285714285714
2902 0.005714285714285714
2911 0.005714285714285714
2955 0.005714285714285714
2435 0.005714285714285714
5 0.005714285714285714
2773 0.005714285714285714
1051 0.005714285714285714
6 0.005714285714285714
1062 0.005714285714285714
1184 0.005714285714285714
1211 0.005714285714285714
1552 0.005714285714285714
1879 0.005714285714285714
2598 0.005714285714285714
2734 0.005714285714285714
2736 0.005714285714285714
