kth 0.30753068841316106
ca750510 0.15376534420658053
shortest 0.03389830508474576
paths 0.03389830508474576
more 0.01694915254237288
on 0.01694915254237288
cacm 0.01694915254237288
may 0.01694915254237288
1975 0.01694915254237288
fox 0.01694915254237288
b 0.01694915254237288
networks 0.01694915254237288
5.32 0.01694915254237288
jb 0.01694915254237288
january 0.01694915254237288
9 0.01694915254237288
1978 0.01694915254237288
2 0.01694915254237288
24 0.01694915254237288
pm 0.01694915254237288
2757 0.01694915254237288
4 0.01694915254237288
2844 0.01694915254237288
2933 0.01694915254237288
1059 0.01694915254237288
5 0.01694915254237288
2630 0.01694915254237288
6 0.01694915254237288
