ca750409 0.04851419950902808
hinds 0.044807530094269
storage 0.0213903743315508
the 0.0213903743315508
buddy 0.016042780748663103
a 0.016042780748663103
of 0.016042780748663103
for 0.0106951871657754
blocks 0.0106951871657754
system 0.0106951871657754
scheme 0.0106951871657754
to 0.0106951871657754
is 0.0106951871657754
allocation 0.0106951871657754
an 0.0053475935828877
algorithm 0.0053475935828877
locating 0.0053475935828877
adjacent 0.0053475935828877
in 0.0053475935828877
simple 0.0053475935828877
determination 0.0053475935828877
location 0.0053475935828877
block 0.0053475935828877
relative 0.0053475935828877
other 0.0053475935828877
described 0.0053475935828877
this 0.0053475935828877
applicable 0.0053475935828877
type 0.0053475935828877
systems 0.0053475935828877
cacm 0.0053475935828877
april 0.0053475935828877
1975 0.0053475935828877
j 0.0053475935828877
dynamic 0.0053475935828877
generalized 0.0053475935828877
fibonacci 0.0053475935828877
sequences 0.0053475935828877
3.89 0.0053475935828877
4.32 0.0053475935828877
4.39 0.0053475935828877
jb 0.0053475935828877
january 0.0053475935828877
9 0.0053475935828877
1978 0.0053475935828877
3 0.0053475935828877
46 0.0053475935828877
pm 0.0053475935828877
1389 0.0053475935828877
4 0.0053475935828877
2768 0.0053475935828877
1552 0.0053475935828877
2162 0.0053475935828877
2435 0.0053475935828877
2596 0.0053475935828877
2747 0.0053475935828877
2845 0.0053475935828877
2902 0.0053475935828877
2911 0.0053475935828877
2955 0.0053475935828877
1184 0.0053475935828877
5 0.0053475935828877
1051 0.0053475935828877
6 0.0053475935828877
1062 0.0053475935828877
1211 0.0053475935828877
1879 0.0053475935828877
2598 0.0053475935828877
2734 0.0053475935828877
2736 0.0053475935828877
