ca750404 0.09861038378465489
k 0.021739130434782608
a 0.010869565217391304
weighted 0.010869565217391304
buddy 0.010869565217391304
method 0.010869565217391304
for 0.010869565217391304
dynamic 0.010869565217391304
storage 0.010869565217391304
allocation 0.010869565217391304
corrigendum 0.010869565217391304
cacm 0.010869565217391304
april 0.010869565217391304
1975 0.010869565217391304
shen 0.010869565217391304
peterson 0.010869565217391304
j 0.010869565217391304
l 0.010869565217391304
jb 0.010869565217391304
january 0.010869565217391304
9 0.010869565217391304
1978 0.010869565217391304
4 0.010869565217391304
06 0.010869565217391304
pm 0.010869565217391304
2773 0.010869565217391304
2845 0.010869565217391304
2902 0.010869565217391304
2955 0.010869565217391304
2747 0.010869565217391304
5 0.010869565217391304
2911 0.010869565217391304
1184 0.010869565217391304
6 0.010869565217391304
1879 0.010869565217391304
273 0.010869565217391304
2435 0.010869565217391304
2498 0.010869565217391304
2596 0.010869565217391304
2734 0.010869565217391304
2983 0.010869565217391304
