ca750403 0.33600575215512035
remark 0.037037037037037035
on 0.037037037037037035
algorithm 0.037037037037037035
475 0.037037037037037035
cacm 0.037037037037037035
april 0.037037037037037035
1975 0.037037037037037035
frederick 0.037037037037037035
l 0.037037037037037035
w 0.037037037037037035
jb 0.037037037037037035
january 0.037037037037037035
9 0.037037037037037035
1978 0.037037037037037035
4 0.037037037037037035
07 0.037037037037037035
pm 0.037037037037037035
2774 0.037037037037037035
5 0.037037037037037035
