select-for 0.09549637166513948
ca750305 0.09549637166513948
medians 0.08820008555398214
rivest 0.08090379944282483
the 0.021052631578947368
algorithm 0.021052631578947368
r 0.021052631578947368
finding 0.010526315789473684
ith 0.010526315789473684
smallest 0.010526315789473684
of 0.010526315789473684
n 0.010526315789473684
elements 0.010526315789473684
m1 0.010526315789473684
489 0.010526315789473684
cacm 0.010526315789473684
march 0.010526315789473684
1975 0.010526315789473684
floyd 0.010526315789473684
w 0.010526315789473684
l 0.010526315789473684
selection 0.010526315789473684
quantiles 0.010526315789473684
5.30 0.010526315789473684
5.39 0.010526315789473684
jb 0.010526315789473684
january 0.010526315789473684
9 0.010526315789473684
1978 0.010526315789473684
4 0.010526315789473684
43 0.010526315789473684
pm 0.010526315789473684
1919 0.010526315789473684
2783 0.010526315789473684
2191 0.010526315789473684
2227 0.010526315789473684
2388 0.010526315789473684
2784 0.010526315789473684
3054 0.010526315789473684
3121 0.010526315789473684
864 0.010526315789473684
307 0.010526315789473684
5 0.010526315789473684
309 0.010526315789473684
1729 0.010526315789473684
6 0.010526315789473684
