ca611002 0.23874092916284867
the 0.02631578947368421
case 0.02631578947368421
for 0.02631578947368421
dynamic 0.02631578947368421
storage 0.02631578947368421
allocation 0.02631578947368421
cacm 0.02631578947368421
october 0.02631578947368421
1961 0.02631578947368421
sams 0.02631578947368421
b 0.02631578947368421
h 0.02631578947368421
jb 0.02631578947368421
march 0.02631578947368421
16 0.02631578947368421
1978 0.02631578947368421
1 0.02631578947368421
23 0.02631578947368421
pm 0.02631578947368421
279 0.02631578947368421
5 0.02631578947368421
657 0.02631578947368421
6 0.02631578947368421
409 0.02631578947368421
