r332 0.2212720806875183
skovgaard 0.2212720806875183
ca750207 0.2212720806875183
jacobi 0.024390243902439025
polynomials 0.024390243902439025
algorithm 0.024390243902439025
cacm 0.024390243902439025
february 0.024390243902439025
1975 0.024390243902439025
o 0.024390243902439025
jb 0.024390243902439025
january 0.024390243902439025
10 0.024390243902439025
1978 0.024390243902439025
9 0.024390243902439025
32 0.024390243902439025
am 0.024390243902439025
2647 0.024390243902439025
4 0.024390243902439025
2792 0.024390243902439025
2267 0.024390243902439025
5 0.024390243902439025
