c451 0.25920443737680715
ca750206 0.25920443737680715
chi-square 0.02857142857142857
quantiles 0.02857142857142857
algorithm 0.02857142857142857
cacm 0.02857142857142857
february 0.02857142857142857
1975 0.02857142857142857
knight 0.02857142857142857
w 0.02857142857142857
jb 0.02857142857142857
january 0.02857142857142857
10 0.02857142857142857
1978 0.02857142857142857
9 0.02857142857142857
40 0.02857142857142857
am 0.02857142857142857
2467 0.02857142857142857
4 0.02857142857142857
2793 0.02857142857142857
1606 0.02857142857142857
5 0.02857142857142857
