duong-kien 0.06129834667694764
hoffmann 0.06129834667694764
ca761007 0.06129834667694764
precedence 0.013513513513513514
functions 0.013513513513513514
an 0.006756756756756757
improvement 0.006756756756756757
to 0.006756756756756757
martin 0.006756756756756757
s 0.006756756756756757
algorithm 0.006756756756756757
for 0.006756756756756757
computation 0.006756756756756757
of 0.006756756756756757
linear 0.006756756756756757
cacm 0.006756756756756757
october 0.006756756756756757
1976 0.006756756756756757
c 0.006756756756756757
h 0.006756756756756757
j 0.006756756756756757
muth 0.006756756756756757
d 0.006756756756756757
syntax 0.006756756756756757
analysis 0.006756756756756757
boolean 0.006756756756756757
matrices 0.006756756756756757
4.12 0.006756756756756757
jb 0.006756756756756757
january 0.006756756756756757
3 0.006756756756756757
1978 0.006756756756756757
4 0.006756756756756757
13 0.006756756756756757
pm 0.006756756756756757
1542 0.006756756756756757
2824 0.006756756756756757
1683 0.006756756756756757
1693 0.006756756756756757
1781 0.006756756756756757
1787 0.006756756756756757
1836 0.006756756756756757
1945 0.006756756756756757
2060 0.006756756756756757
2061 0.006756756756756757
2082 0.006756756756756757
2091 0.006756756756756757
2152 0.006756756756756757
2179 0.006756756756756757
2221 0.006756756756756757
2340 0.006756756756756757
2356 0.006756756756756757
2546 0.006756756756756757
2603 0.006756756756756757
2698 0.006756756756756757
2708 0.006756756756756757
2982 0.006756756756756757
2986 0.006756756756756757
3045 0.006756756756756757
3093 0.006756756756756757
1491 0.006756756756756757
5 0.006756756756756757
