the 0.02528735632183908
continuations 0.02085552944411092
tennent 0.02085552944411092
continuation 0.02085552944411092
higher-order 0.02085552944411092
ca760802 0.02085552944411092
of 0.020689655172413793
denotational 0.019262087649720237
strachey 0.019262087649720237
and 0.016091954022988506
language 0.013793103448275862
programming 0.009195402298850575
is 0.009195402298850575
to 0.009195402298850575
theory 0.009195402298850575
semantics 0.006896551724137931
definition 0.006896551724137931
paper 0.004597701149425287
a 0.004597701149425287
d 0.004597701149425287
scott 0.004597701149425287
formal 0.004597701149425287
are 0.004597701149425287
loop 0.004597701149425287
computation 0.004597701149425287
gedanken 0.004597701149425287
languages 0.0022988505747126436
this 0.0022988505747126436
tutorial 0.0022988505747126436
introduction 0.0022988505747126436
developed 0.0022988505747126436
by 0.0022988505747126436
c 0.0022988505747126436
application 0.0022988505747126436
specification 0.0022988505747126436
demonstrated 0.0022988505747126436
other 0.0022988505747126436
applications 0.0022988505747126436
surveyed 0.0022988505747126436
first 0.0022988505747126436
considered 0.0022988505747126436
very 0.0022988505747126436
elementary 0.0022988505747126436
its 0.0022988505747126436
merely 0.0022988505747126436
introduces 0.0022988505747126436
notation 0.0022988505747126436
methodology 0.0022988505747126436
approach 0.0022988505747126436
then 0.0022988505747126436
semantic 0.0022988505747126436
concepts 0.0022988505747126436
environments 0.0022988505747126436
stores 0.0022988505747126436
introduced 0.0022988505747126436
model 0.0022988505747126436
classes 0.0022988505747126436
features 0.0022988505747126436
underlying 0.0022988505747126436
mathematical 0.0022988505747126436
due 0.0022988505747126436
motivated 0.0022988505747126436
outlined 0.0022988505747126436
finally 0.0022988505747126436
presents 0.0022988505747126436
cacm 0.0022988505747126436
august 0.0022988505747126436
1976 0.0022988505747126436
r 0.0022988505747126436
applicative 0.0022988505747126436
imperative 0.0022988505747126436
environment 0.0022988505747126436
store 0.0022988505747126436
function 0.0022988505747126436
recursive 0.0022988505747126436
4.22 0.0022988505747126436
5.24 0.0022988505747126436
jb 0.0022988505747126436
january 0.0022988505747126436
4 0.0022988505747126436
1978 0.0022988505747126436
10 0.0022988505747126436
33 0.0022988505747126436
am 0.0022988505747126436
1024 0.0022988505747126436
2842 0.0022988505747126436
1051 0.0022988505747126436
1086 0.0022988505747126436
1102 0.0022988505747126436
1132 0.0022988505747126436
1234 0.0022988505747126436
1263 0.0022988505747126436
1265 0.0022988505747126436
1270 0.0022988505747126436
1323 0.0022988505747126436
1358 0.0022988505747126436
1379 0.0022988505747126436
1380 0.0022988505747126436
1390 0.0022988505747126436
1453 0.0022988505747126436
1464 0.0022988505747126436
1484 0.0022988505747126436
1486 0.0022988505747126436
1491 0.0022988505747126436
1498 0.0022988505747126436
1549 0.0022988505747126436
1613 0.0022988505747126436
1614 0.0022988505747126436
1706 0.0022988505747126436
1781 0.0022988505747126436
1825 0.0022988505747126436
1826 0.0022988505747126436
1860 0.0022988505747126436
1878 0.0022988505747126436
378 0.0022988505747126436
2060 0.0022988505747126436
2083 0.0022988505747126436
2155 0.0022988505747126436
2168 0.0022988505747126436
2178 0.0022988505747126436
2179 0.0022988505747126436
2252 0.0022988505747126436
2294 0.0022988505747126436
2314 0.0022988505747126436
2317 0.0022988505747126436
2325 0.0022988505747126436
2326 0.0022988505747126436
2341 0.0022988505747126436
2457 0.0022988505747126436
2546 0.0022988505747126436
2558 0.0022988505747126436
2645 0.0022988505747126436
2652 0.0022988505747126436
2684 0.0022988505747126436
2719 0.0022988505747126436
2723 0.0022988505747126436
2838 0.0022988505747126436
2855 0.0022988505747126436
2879 0.0022988505747126436
2903 0.0022988505747126436
2929 0.0022988505747126436
2934 0.0022988505747126436
3069 0.0022988505747126436
3077 0.0022988505747126436
3080 0.0022988505747126436
3106 0.0022988505747126436
3150 0.0022988505747126436
627 0.0022988505747126436
669 0.0022988505747126436
679 0.0022988505747126436
691 0.0022988505747126436
761 0.0022988505747126436
106 0.0022988505747126436
949 0.0022988505747126436
989 0.0022988505747126436
210 0.0022988505747126436
5 0.0022988505747126436
2148 0.0022988505747126436
2192 0.0022988505747126436
2837 0.0022988505747126436
3184 0.0022988505747126436
6 0.0022988505747126436
2704 0.0022988505747126436
2784 0.0022988505747126436
2939 0.0022988505747126436
2940 0.0022988505747126436
2941 0.0022988505747126436
2943 0.0022988505747126436
3073 0.0022988505747126436
3148 0.0022988505747126436
