heaps 0.13138223841142496
gonnet 0.07753978895887394
ca760709 0.07753978895887394
event 0.017094017094017096
mechanisms 0.017094017094017096
applied 0.008547008547008548
to 0.008547008547008548
driven 0.008547008547008548
cacm 0.008547008547008548
july 0.008547008547008548
1976 0.008547008547008548
g 0.008547008547008548
h 0.008547008547008548
discrete 0.008547008547008548
simulation 0.008547008547008548
event-scanning 0.008547008547008548
priority 0.008547008547008548
queues 0.008547008547008548
4.34 0.008547008547008548
8.1 0.008547008547008548
jb 0.008547008547008548
january 0.008547008547008548
4 0.008547008547008548
1978 0.008547008547008548
11 0.008547008547008548
05 0.008547008547008548
am 0.008547008547008548
2042 0.008547008547008548
2844 0.008547008547008548
2222 0.008547008547008548
2356 0.008547008547008548
2679 0.008547008547008548
2757 0.008547008547008548
2936 0.008547008547008548
2972 0.008547008547008548
3051 0.008547008547008548
3064 0.008547008547008548
3109 0.008547008547008548
970 0.008547008547008548
5 0.008547008547008548
1059 0.008547008547008548
2742 0.008547008547008548
2767 0.008547008547008548
6 0.008547008547008548
