list-moving 0.0259947143501096
ca760607 0.0259947143501096
the 0.022922636103151862
list 0.014326647564469915
algorithm 0.011461318051575931
is 0.011461318051575931
to 0.011461318051575931
original 0.008595988538681949
an 0.0057306590257879654
efficient 0.0057306590257879654
using 0.0057306590257879654
constant 0.0057306590257879654
workspace 0.0057306590257879654
for 0.0057306590257879654
moving 0.0057306590257879654
no 0.0057306590257879654
from 0.0057306590257879654
and 0.0057306590257879654
copy 0.0057306590257879654
are 0.0057306590257879654
pointers 0.0057306590257879654
presented 0.0028653295128939827
arbitrary 0.0028653295128939827
structures 0.0028653295128939827
storage 0.0028653295128939827
apart 0.0028653295128939827
program 0.0028653295128939827
variables 0.0028653295128939827
other 0.0028653295128939827
than 0.0028653295128939827
that 0.0028653295128939827
required 0.0028653295128939827
hold 0.0028653295128939827
destroyed 0.0028653295128939827
as 0.0028653295128939827
it 0.0028653295128939827
moved 0.0028653295128939827
mark 0.0028653295128939827
bits 0.0028653295128939827
necessary 0.0028653295128939827
but 0.0028653295128939827
must 0.0028653295128939827
be 0.0028653295128939827
distinguishable 0.0028653295128939827
superior 0.0028653295128939827
in 0.0028653295128939827
execution 0.0028653295128939827
speed 0.0028653295128939827
previous 0.0028653295128939827
algorithms 0.0028653295128939827
same 0.0028653295128939827
problem 0.0028653295128939827
some 0.0028653295128939827
variations 0.0028653295128939827
extensions 0.0028653295128939827
of 0.0028653295128939827
discussed 0.0028653295128939827
cacm 0.0028653295128939827
june 0.0028653295128939827
1976 0.0028653295128939827
clark 0.0028653295128939827
d 0.0028653295128939827
w 0.0028653295128939827
copying 0.0028653295128939827
lisp 0.0028653295128939827
space 0.0028653295128939827
complexity 0.0028653295128939827
4.34 0.0028653295128939827
4.49 0.0028653295128939827
5.25 0.0028653295128939827
jb 0.0028653295128939827
january 0.0028653295128939827
4 0.0028653295128939827
1978 0.0028653295128939827
1 0.0028653295128939827
43 0.0028653295128939827
pm 0.0028653295128939827
1024 0.0028653295128939827
2855 0.0028653295128939827
1051 0.0028653295128939827
1102 0.0028653295128939827
1132 0.0028653295128939827
1390 0.0028653295128939827
1486 0.0028653295128939827
1549 0.0028653295128939827
1706 0.0028653295128939827
1826 0.0028653295128939827
1869 0.0028653295128939827
1878 0.0028653295128939827
1972 0.0028653295128939827
378 0.0028653295128939827
2060 0.0028653295128939827
2155 0.0028653295128939827
2156 0.0028653295128939827
2168 0.0028653295128939827
2361 0.0028653295128939827
2438 0.0028653295128939827
2513 0.0028653295128939827
2665 0.0028653295128939827
2719 0.0028653295128939827
2723 0.0028653295128939827
2736 0.0028653295128939827
2833 0.0028653295128939827
2838 0.0028653295128939827
2842 0.0028653295128939827
2879 0.0028653295128939827
2944 0.0028653295128939827
2954 0.0028653295128939827
3074 0.0028653295128939827
3077 0.0028653295128939827
3080 0.0028653295128939827
3106 0.0028653295128939827
3112 0.0028653295128939827
627 0.0028653295128939827
106 0.0028653295128939827
210 0.0028653295128939827
5 0.0028653295128939827
2766 0.0028653295128939827
2998 0.0028653295128939827
6 0.0028653295128939827
