vmin 0.05739046662759111
vmin-an 0.03106902502804195
variable-space 0.03106902502804195
ca760508 0.03106902502804195
page 0.02054794520547945
replacement 0.02054794520547945
algorithms 0.0136986301369863
the 0.0136986301369863
to 0.010273972602739725
memory 0.010273972602739725
optimal 0.00684931506849315
algorithm 0.00684931506849315
criterion 0.00684931506849315
variable 0.00684931506849315
space 0.00684931506849315
is 0.00684931506849315
presented 0.00684931506849315
optimum 0.00684931506849315
and 0.00684931506849315
s 0.00684931506849315
working 0.00684931506849315
set 0.00684931506849315
virtual 0.00684931506849315
a 0.003424657534246575
for 0.003424657534246575
comparing 0.003424657534246575
an 0.003424657534246575
called 0.003424657534246575
described 0.003424657534246575
shown 0.003424657534246575
be 0.003424657534246575
with 0.003424657534246575
respect 0.003424657534246575
this 0.003424657534246575
results 0.003424657534246575
of 0.003424657534246575
simulating 0.003424657534246575
denning 0.003424657534246575
partitioning 0.003424657534246575
on 0.003424657534246575
five 0.003424657534246575
programs 0.003424657534246575
are 0.003424657534246575
demonstrate 0.003424657534246575
improvement 0.003424657534246575
possible 0.003424657534246575
over 0.003424657534246575
known 0.003424657534246575
realizable 0.003424657534246575
cacm 0.003424657534246575
may 0.003424657534246575
1976 0.003424657534246575
prieve 0.003424657534246575
b 0.003424657534246575
g 0.003424657534246575
fabry 0.003424657534246575
r 0.003424657534246575
demand 0.003424657534246575
paging 0.003424657534246575
performance 0.003424657534246575
measurement 0.003424657534246575
multilevel 0.003424657534246575
systems 0.003424657534246575
4.30 0.003424657534246575
4.32 0.003424657534246575
jb 0.003424657534246575
january 0.003424657534246575
4 0.003424657534246575
1978 0.003424657534246575
3 0.003424657534246575
06 0.003424657534246575
pm 0.003424657534246575
1892 0.003424657534246575
2863 0.003424657534246575
1901 0.003424657534246575
1924 0.003424657534246575
2085 0.003424657534246575
2095 0.003424657534246575
2218 0.003424657534246575
2277 0.003424657534246575
2297 0.003424657534246575
2319 0.003424657534246575
2329 0.003424657534246575
2358 0.003424657534246575
2373 0.003424657534246575
2374 0.003424657534246575
2380 0.003424657534246575
2434 0.003424657534246575
2499 0.003424657534246575
2481 0.003424657534246575
2501 0.003424657534246575
2526 0.003424657534246575
2582 0.003424657534246575
2667 0.003424657534246575
2668 0.003424657534246575
2669 0.003424657534246575
2828 0.003424657534246575
2862 0.003424657534246575
2881 0.003424657534246575
2928 0.003424657534246575
2996 0.003424657534246575
3006 0.003424657534246575
3016 0.003424657534246575
3052 0.003424657534246575
3067 0.003424657534246575
1728 0.003424657534246575
5 0.003424657534246575
1751 0.003424657534246575
6 0.003424657534246575
2595 0.003424657534246575
2682 0.003424657534246575
2864 0.003424657534246575
