ca760301 0.06872844930445644
cognition 0.06347733430021442
5.7 0.05822621929597242
science 0.022727272727272728
computer 0.015151515151515152
empirical 0.015151515151515152
symbols 0.015151515151515152
search 0.015151515151515152
a 0.015151515151515152
intelligence 0.015151515151515152
as 0.007575757575757576
inquiry 0.007575757575757576
and 0.007575757575757576
cacm 0.007575757575757576
march 0.007575757575757576
1976 0.007575757575757576
newell 0.007575757575757576
simon 0.007575757575757576
h 0.007575757575757576
turing 0.007575757575757576
artificial 0.007575757575757576
list 0.007575757575757576
processing 0.007575757575757576
heuristics 0.007575757575757576
problem 0.007575757575757576
solving 0.007575757575757576
1.0 0.007575757575757576
2.1 0.007575757575757576
3.3 0.007575757575757576
3.6 0.007575757575757576
jb 0.007575757575757576
january 0.007575757575757576
5 0.007575757575757576
1978 0.007575757575757576
8 0.007575757575757576
39 0.007575757575757576
am 0.007575757575757576
1024 0.007575757575757576
4 0.007575757575757576
2879 0.007575757575757576
1051 0.007575757575757576
1102 0.007575757575757576
1132 0.007575757575757576
1390 0.007575757575757576
1486 0.007575757575757576
1549 0.007575757575757576
1706 0.007575757575757576
1826 0.007575757575757576
1878 0.007575757575757576
378 0.007575757575757576
2060 0.007575757575757576
2155 0.007575757575757576
2168 0.007575757575757576
2719 0.007575757575757576
2723 0.007575757575757576
2838 0.007575757575757576
2842 0.007575757575757576
2855 0.007575757575757576
3077 0.007575757575757576
3080 0.007575757575757576
3106 0.007575757575757576
627 0.007575757575757576
106 0.007575757575757576
210 0.007575757575757576
