waychoff 0.039104117707707976
ca610906jb 0.039104117707707976
turner 0.03436871991172474
a 0.004310344827586207
syntactical 0.004310344827586207
chart 0.004310344827586207
of 0.004310344827586207
algol 0.004310344827586207
60 0.004310344827586207
cacm 0.004310344827586207
september 0.004310344827586207
1961 0.004310344827586207
taylor 0.004310344827586207
w 0.004310344827586207
l 0.004310344827586207
r 0.004310344827586207
march 0.004310344827586207
16 0.004310344827586207
1978 0.004310344827586207
9 0.004310344827586207
43 0.004310344827586207
pm 0.004310344827586207
989 0.004310344827586207
5 0.004310344827586207
288 0.004310344827586207
1781 0.004310344827586207
729 0.004310344827586207
123 0.004310344827586207
6 0.004310344827586207
196 0.004310344827586207
919 0.004310344827586207
990 0.004310344827586207
1007 0.004310344827586207
1046 0.004310344827586207
1131 0.004310344827586207
1139 0.004310344827586207
1140 0.004310344827586207
1149 0.004310344827586207
1198 0.004310344827586207
1215 0.004310344827586207
1223 0.004310344827586207
1265 0.004310344827586207
1303 0.004310344827586207
1323 0.004310344827586207
1358 0.004310344827586207
1366 0.004310344827586207
1421 0.004310344827586207
1460 0.004310344827586207
1462 0.004310344827586207
1463 0.004310344827586207
1467 0.004310344827586207
1468 0.004310344827586207
1477 0.004310344827586207
1491 0.004310344827586207
1496 0.004310344827586207
1531 0.004310344827586207
1535 0.004310344827586207
1565 0.004310344827586207
1601 0.004310344827586207
1602 0.004310344827586207
1613 0.004310344827586207
1614 0.004310344827586207
1626 0.004310344827586207
1641 0.004310344827586207
1787 0.004310344827586207
1788 0.004310344827586207
205 0.004310344827586207
224 0.004310344827586207
249 0.004310344827586207
316 0.004310344827586207
381 0.004310344827586207
398 0.004310344827586207
11 0.004310344827586207
404 0.004310344827586207
410 0.004310344827586207
463 0.004310344827586207
464 0.004310344827586207
483 0.004310344827586207
3184 0.004310344827586207
3188 0.004310344827586207
584 0.004310344827586207
600 0.004310344827586207
616 0.004310344827586207
680 0.004310344827586207
691 0.004310344827586207
763 0.004310344827586207
799 0.004310344827586207
