ca760206 0.05741870448220412
said 0.05303169701030572
miss 0.05046546214886165
a 0.0189873417721519
is 0.0189873417721519
to 0.0189873417721519
the 0.0189873417721519
of 0.012658227848101266
computer 0.012658227848101266
paging 0.012658227848101266
optimal 0.012658227848101266
independent 0.012658227848101266
reference 0.012658227848101266
model 0.012658227848101266
organization 0.012658227848101266
least 0.012658227848101266
recently 0.012658227848101266
used 0.012658227848101266
counterintuitive 0.006329113924050633
example 0.006329113924050633
counterexample 0.006329113924050633
exhibited 0.006329113924050633
natural 0.006329113924050633
conjecture 0.006329113924050633
concerning 0.006329113924050633
way 0.006329113924050633
group 0.006329113924050633
records 0.006329113924050633
into 0.006329113924050633
pages 0.006329113924050633
in 0.006329113924050633
an 0.006329113924050633
be 0.006329113924050633
if 0.006329113924050633
ratio 0.006329113924050633
minimized 0.006329113924050633
cacm 0.006329113924050633
february 0.006329113924050633
1976 0.006329113924050633
fagin 0.006329113924050633
r 0.006329113924050633
most 0.006329113924050633
likely 0.006329113924050633
together 0.006329113924050633
storage 0.006329113924050633
record 0.006329113924050633
allocation 0.006329113924050633
3.70 0.006329113924050633
3.73 0.006329113924050633
4.0 0.006329113924050633
5.30 0.006329113924050633
jb 0.006329113924050633
january 0.006329113924050633
5 0.006329113924050633
1978 0.006329113924050633
8 0.006329113924050633
53 0.006329113924050633
am 0.006329113924050633
1892 0.006329113924050633
4 0.006329113924050633
2881 0.006329113924050633
1901 0.006329113924050633
2085 0.006329113924050633
2095 0.006329113924050633
2218 0.006329113924050633
2277 0.006329113924050633
2319 0.006329113924050633
2329 0.006329113924050633
2358 0.006329113924050633
2373 0.006329113924050633
2380 0.006329113924050633
2434 0.006329113924050633
2499 0.006329113924050633
2501 0.006329113924050633
2582 0.006329113924050633
2669 0.006329113924050633
2828 0.006329113924050633
2863 0.006329113924050633
2928 0.006329113924050633
2996 0.006329113924050633
3006 0.006329113924050633
3067 0.006329113924050633
1751 0.006329113924050633
