terleaving 0.04903867734155811
ca771204 0.04903867734155811
on-the-fly 0.04529193582501786
in 0.016216216216216217
parallel 0.016216216216216217
correct 0.016216216216216217
program 0.016216216216216217
proving 0.010810810810810811
programs 0.010810810810810811
a 0.010810810810810811
garbage 0.010810810810810811
proof 0.010810810810810811
the 0.010810810810810811
multiprocessing 0.010810810810810811
an 0.005405405405405406
exercise 0.005405405405405406
dijkstra 0.005405405405405406
s 0.005405405405405406
collector 0.005405405405405406
is 0.005405405405405406
proved 0.005405405405405406
using 0.005405405405405406
method 0.005405405405405406
developed 0.005405405405405406
by 0.005405405405405406
owicki 0.005405405405405406
fine 0.005405405405405406
degree 0.005405405405405406
of 0.005405405405405406
this 0.005405405405405406
makes 0.005405405405405406
it 0.005405405405405406
especially 0.005405405405405406
difficult 0.005405405405405406
to 0.005405405405405406
understand 0.005405405405405406
and 0.005405405405405406
complicates 0.005405405405405406
greatly 0.005405405405405406
difficulties 0.005405405405405406
with 0.005405405405405406
such 0.005405405405405406
are 0.005405405405405406
discussed 0.005405405405405406
cacm 0.005405405405405406
december 0.005405405405405406
1977 0.005405405405405406
gries 0.005405405405405406
d 0.005405405405405406
collection 0.005405405405405406
correctness 0.005405405405405406
for 0.005405405405405406
tasks 0.005405405405405406
4.32 0.005405405405405406
4.34 0.005405405405405406
4.35 0.005405405405405406
4.39 0.005405405405405406
5.24 0.005405405405405406
jb 0.005405405405405406
february 0.005405405405405406
1 0.005405405405405406
1980 0.005405405405405406
3 0.005405405405405406
37 0.005405405405405406
am 0.005405405405405406
2021 0.005405405405405406
4 0.005405405405405406
2896 0.005405405405405406
2222 0.005405405405405406
2227 0.005405405405405406
2315 0.005405405405405406
2326 0.005405405405405406
2470 0.005405405405405406
2732 0.005405405405405406
2838 0.005405405405405406
2865 0.005405405405405406
2943 0.005405405405405406
2972 0.005405405405405406
3014 0.005405405405405406
3037 0.005405405405405406
3039 0.005405405405405406
3043 0.005405405405405406
3068 0.005405405405405406
3073 0.005405405405405406
3074 0.005405405405405406
3077 0.005405405405405406
3112 0.005405405405405406
3143 0.005405405405405406
1834 0.005405405405405406
5 0.005405405405405406
2723 0.005405405405405406
6 0.005405405405405406
