ca610904 0.33600575215512035
mayoh 0.28466151655808736
chain 0.037037037037037035
tracing 0.037037037037037035
algorithm 0.037037037037037035
69 0.037037037037037035
cacm 0.037037037037037035
september 0.037037037037037035
1961 0.037037037037037035
b 0.037037037037037035
h 0.037037037037037035
jb 0.037037037037037035
march 0.037037037037037035
16 0.037037037037037035
1978 0.037037037037037035
9 0.037037037037037035
45 0.037037037037037035
pm 0.037037037037037035
290 0.037037037037037035
5 0.037037037037037035
