ca771108 0.1314805117128732
reflection-free 0.028985507246376812
a 0.014492753623188406
note 0.014492753623188406
on 0.014492753623188406
permutation 0.014492753623188406
enumeration 0.014492753623188406
cacm 0.014492753623188406
november 0.014492753623188406
1977 0.014492753623188406
roy 0.014492753623188406
m 0.014492753623188406
k 0.014492753623188406
permutations 0.014492753623188406
generation 0.014492753623188406
5.30 0.014492753623188406
jb 0.014492753623188406
december 0.014492753623188406
27 0.014492753623188406
7 0.014492753623188406
17 0.014492753623188406
am 0.014492753623188406
2044 0.014492753623188406
4 0.014492753623188406
2908 0.014492753623188406
2189 0.014492753623188406
2417 0.014492753623188406
2505 0.014492753623188406
2874 0.014492753623188406
3115 0.014492753623188406
5 0.014492753623188406
2884 0.014492753623188406
521 0.014492753623188406
