ca770809 0.055657394528762276
shortest 0.012269938650306749
graph 0.012269938650306749
comment 0.006134969325153374
on 0.006134969325153374
computing 0.006134969325153374
the 0.006134969325153374
k 0.006134969325153374
paths 0.006134969325153374
in 0.006134969325153374
a 0.006134969325153374
cacm 0.006134969325153374
august 0.006134969325153374
1977 0.006134969325153374
lawler 0.006134969325153374
e 0.006134969325153374
l 0.006134969325153374
network 0.006134969325153374
path 0.006134969325153374
algorithm 0.006134969325153374
ranking 0.006134969325153374
5.32 0.006134969325153374
jb 0.006134969325153374
december 0.006134969325153374
28 0.006134969325153374
7 0.006134969325153374
00 0.006134969325153374
am 0.006134969325153374
1086 0.006134969325153374
4 0.006134969325153374
2934 0.006134969325153374
1132 0.006134969325153374
1234 0.006134969325153374
1263 0.006134969325153374
1265 0.006134969325153374
1270 0.006134969325153374
1323 0.006134969325153374
1358 0.006134969325153374
1379 0.006134969325153374
1380 0.006134969325153374
1453 0.006134969325153374
1464 0.006134969325153374
1484 0.006134969325153374
1491 0.006134969325153374
1498 0.006134969325153374
1613 0.006134969325153374
1614 0.006134969325153374
1781 0.006134969325153374
1825 0.006134969325153374
1860 0.006134969325153374
2083 0.006134969325153374
2178 0.006134969325153374
2179 0.006134969325153374
2252 0.006134969325153374
2325 0.006134969325153374
2341 0.006134969325153374
2546 0.006134969325153374
2645 0.006134969325153374
2652 0.006134969325153374
2684 0.006134969325153374
2842 0.006134969325153374
2929 0.006134969325153374
3069 0.006134969325153374
669 0.006134969325153374
679 0.006134969325153374
691 0.006134969325153374
761 0.006134969325153374
949 0.006134969325153374
989 0.006134969325153374
5 0.006134969325153374
3184 0.006134969325153374
