mesa 0.1417524266904414
users-primarily 0.03543810667261035
implementers-are 0.03543810667261035
data-structuring 0.03543810667261035
coercions 0.03543810667261035
breached 0.03543810667261035
geschke 0.03543810667261035
satterthwaite 0.03543810667261035
ca770802 0.03543810667261035
the 0.0234375
and 0.0234375
of 0.015625
programming 0.01171875
its 0.0078125
for 0.0078125
languages 0.0078125
are 0.0078125
in 0.0078125
types 0.0078125
type 0.0078125
h 0.0078125
early 0.00390625
experience 0.00390625
with 0.00390625
experiences 0.00390625
s 0.00390625
first 0.00390625
discussed 0.00390625
some 0.00390625
implications 0.00390625
similar 0.00390625
suggested 0.00390625
specific 0.00390625
topics 0.00390625
addressed 0.00390625
module 0.00390625
structure 0.00390625
use 0.00390625
defining 0.00390625
abstractions 0.00390625
facilities 0.00390625
an 0.00390625
equivalence 0.00390625
algorithm 0.00390625
benefits 0.00390625
system 0.00390625
why 0.00390625
it 0.00390625
is 0.00390625
occasionally 0.00390625
difficulty 0.00390625
making 0.00390625
treatment 0.00390625
variant 0.00390625
records 0.00390625
safe 0.00390625
cacm 0.00390625
august 0.00390625
1977 0.00390625
c 0.00390625
m 0.00390625
morris 0.00390625
j 0.00390625
jr 0.00390625
e 0.00390625
modules 0.00390625
data 0.00390625
structures 0.00390625
systems 0.00390625
4.22 0.00390625
jb 0.00390625
december 0.00390625
28 0.00390625
8 0.00390625
07 0.00390625
am 0.00390625
1458 0.00390625
4 0.00390625
2941 0.00390625
1523 0.00390625
1603 0.00390625
1698 0.00390625
1747 0.00390625
1748 0.00390625
1854 0.00390625
1877 0.00390625
1960 0.00390625
2377 0.00390625
2378 0.00390625
2497 0.00390625
2558 0.00390625
2625 0.00390625
2632 0.00390625
2704 0.00390625
2723 0.00390625
2738 0.00390625
2840 0.00390625
2866 0.00390625
2868 0.00390625
2869 0.00390625
2939 0.00390625
2956 0.00390625
2958 0.00390625
3004 0.00390625
3030 0.00390625
3105 0.00390625
3144 0.00390625
1471 0.00390625
5 0.00390625
2356 0.00390625
2651 0.00390625
3150 0.00390625
2060 0.00390625
6 0.00390625
2842 0.00390625
2940 0.00390625
2943 0.00390625
3073 0.00390625
3148 0.00390625
