s-complement 0.19510011415458606
word-parallel 0.09755005707729303
ca770611 0.09755005707729303
functions 0.021505376344086023
two 0.021505376344086023
realizable 0.010752688172043012
with 0.010752688172043012
logical 0.010752688172043012
and 0.010752688172043012
addition 0.010752688172043012
instructions 0.010752688172043012
cacm 0.010752688172043012
june 0.010752688172043012
1977 0.010752688172043012
warren 0.010752688172043012
h 0.010752688172043012
s 0.010752688172043012
jr 0.010752688172043012
boolean 0.010752688172043012
sign 0.010752688172043012
propagation 0.010752688172043012
4.0 0.010752688172043012
6.32 0.010752688172043012
jb 0.010752688172043012
december 0.010752688172043012
28 0.010752688172043012
12 0.010752688172043012
45 0.010752688172043012
pm 0.010752688172043012
362 0.010752688172043012
4 0.010752688172043012
2952 0.010752688172043012
2296 0.010752688172043012
142 0.010752688172043012
5 0.010752688172043012
162 0.010752688172043012
163 0.010752688172043012
192 0.010752688172043012
2185 0.010752688172043012
2727 0.010752688172043012
