cox 0.20618534791336934
ca610808 0.20618534791336934
a 0.06818181818181818
note 0.022727272727272728
on 0.022727272727272728
multiple 0.022727272727272728
precision 0.022727272727272728
arithmetic 0.022727272727272728
cacm 0.022727272727272728
august 0.022727272727272728
1961 0.022727272727272728
g 0.022727272727272728
luther 0.022727272727272728
h 0.022727272727272728
jb 0.022727272727272728
march 0.022727272727272728
16 0.022727272727272728
1978 0.022727272727272728
10 0.022727272727272728
04 0.022727272727272728
pm 0.022727272727272728
1393 0.022727272727272728
5 0.022727272727272728
296 0.022727272727272728
106 0.022727272727272728
6 0.022727272727272728
731 0.022727272727272728
