hanani 0.07623659922847269
ca770507 0.07623659922847269
an 0.01680672268907563
boolean 0.01680672268907563
query 0.01680672268907563
optimal 0.008403361344537815
evaluation 0.008403361344537815
of 0.008403361344537815
expressions 0.008403361344537815
in 0.008403361344537815
online 0.008403361344537815
system 0.008403361344537815
cacm 0.008403361344537815
may 0.008403361344537815
1977 0.008403361344537815
m 0.008403361344537815
z 0.008403361344537815
expression 0.008403361344537815
information 0.008403361344537815
retrieval 0.008403361344537815
file 0.008403361344537815
organization 0.008403361344537815
3.5 0.008403361344537815
3.70 0.008403361344537815
3.74 0.008403361344537815
jb 0.008403361344537815
december 0.008403361344537815
29 0.008403361344537815
1 0.008403361344537815
51 0.008403361344537815
am 0.008403361344537815
2155 0.008403361344537815
4 0.008403361344537815
2965 0.008403361344537815
2406 0.008403361344537815
2710 0.008403361344537815
2715 0.008403361344537815
2716 0.008403361344537815
2717 0.008403361344537815
2718 0.008403361344537815
2765 0.008403361344537815
2817 0.008403361344537815
2888 0.008403361344537815
2901 0.008403361344537815
2957 0.008403361344537815
2959 0.008403361344537815
3087 0.008403361344537815
3154 0.008403361344537815
2046 0.008403361344537815
5 0.008403361344537815
2451 0.008403361344537815
3168 0.008403361344537815
3169 0.008403361344537815
6 0.008403361344537815
3002 0.008403361344537815
