bandyopadhyay 0.11483740896440824
ca770408 0.11483740896440824
search 0.02531645569620253
comment 0.012658227848101266
on 0.012658227848101266
weighted 0.012658227848101266
increment 0.012658227848101266
linear 0.012658227848101266
for 0.012658227848101266
scatter 0.012658227848101266
tables 0.012658227848101266
cacm 0.012658227848101266
april 0.012658227848101266
1977 0.012658227848101266
s 0.012658227848101266
k 0.012658227848101266
hash 0.012658227848101266
address 0.012658227848101266
primary 0.012658227848101266
clustering 0.012658227848101266
index 0.012658227848101266
sequence 0.012658227848101266
complementary 0.012658227848101266
relation 0.012658227848101266
3.73 0.012658227848101266
3.74 0.012658227848101266
4.9 0.012658227848101266
4.11 0.012658227848101266
4.12 0.012658227848101266
jb 0.012658227848101266
december 0.012658227848101266
29 0.012658227848101266
5 0.012658227848101266
02 0.012658227848101266
am 0.012658227848101266
1973 0.012658227848101266
4 0.012658227848101266
2974 0.012658227848101266
2018 0.012658227848101266
2203 0.012658227848101266
2251 0.012658227848101266
2543 0.012658227848101266
2770 0.012658227848101266
3053 0.012658227848101266
2109 0.012658227848101266
