bertsch 0.06770265155364366
ca770310jb 0.06770265155364366
storage 0.014925373134328358
requirement 0.014925373134328358
precedence 0.014925373134328358
parsing 0.014925373134328358
the 0.007462686567164179
in 0.007462686567164179
cacm 0.007462686567164179
march 0.007462686567164179
1977 0.007462686567164179
e 0.007462686567164179
value 0.007462686567164179
table 0.007462686567164179
4.12 0.007462686567164179
5.22 0.007462686567164179
december 0.007462686567164179
29 0.007462686567164179
6 0.007462686567164179
34 0.007462686567164179
am 0.007462686567164179
1542 0.007462686567164179
4 0.007462686567164179
2982 0.007462686567164179
1683 0.007462686567164179
1693 0.007462686567164179
1781 0.007462686567164179
1787 0.007462686567164179
1836 0.007462686567164179
1945 0.007462686567164179
2060 0.007462686567164179
2061 0.007462686567164179
2082 0.007462686567164179
2091 0.007462686567164179
2152 0.007462686567164179
2179 0.007462686567164179
2340 0.007462686567164179
2356 0.007462686567164179
2546 0.007462686567164179
2603 0.007462686567164179
2698 0.007462686567164179
2708 0.007462686567164179
2824 0.007462686567164179
2986 0.007462686567164179
3045 0.007462686567164179
3093 0.007462686567164179
1491 0.007462686567164179
5 0.007462686567164179
