next-fit 0.2520043141163403
ca770309 0.12600215705817014
first-fit 0.027777777777777776
best-fit 0.027777777777777776
a 0.013888888888888888
comparison 0.013888888888888888
of 0.013888888888888888
and 0.013888888888888888
cacm 0.013888888888888888
march 0.013888888888888888
1977 0.013888888888888888
bays 0.013888888888888888
c 0.013888888888888888
memory 0.013888888888888888
allocation 0.013888888888888888
4.32 0.013888888888888888
4.35 0.013888888888888888
jb 0.013888888888888888
december 0.013888888888888888
29 0.013888888888888888
6 0.013888888888888888
36 0.013888888888888888
am 0.013888888888888888
2902 0.013888888888888888
4 0.013888888888888888
2983 0.013888888888888888
2911 0.013888888888888888
2734 0.013888888888888888
5 0.013888888888888888
1879 0.013888888888888888
273 0.013888888888888888
2435 0.013888888888888888
2498 0.013888888888888888
2773 0.013888888888888888
