ca610805 0.13540530310728732
a 0.014925373134328358
generalized 0.014925373134328358
polyphase 0.014925373134328358
merge 0.014925373134328358
algorithm 0.014925373134328358
cacm 0.014925373134328358
august 0.014925373134328358
1961 0.014925373134328358
reynolds 0.014925373134328358
s 0.014925373134328358
w 0.014925373134328358
jb 0.014925373134328358
march 0.014925373134328358
16 0.014925373134328358
1978 0.014925373134328358
10 0.014925373134328358
pm 0.014925373134328358
299 0.014925373134328358
5 0.014925373134328358
2146 0.014925373134328358
479 0.014925373134328358
862 0.014925373134328358
863 0.014925373134328358
861 0.014925373134328358
6 0.014925373134328358
264 0.014925373134328358
