ca770102 0.038118299614236344
of 0.03361344537815126
barnes 0.033502281594622436
the 0.025210084033613446
in 0.012605042016806723
computer 0.012605042016806723
science 0.012605042016806723
education 0.012605042016806723
a 0.008403361344537815
survey 0.008403361344537815
literature 0.008403361344537815
since 0.008403361344537815
curriculum 0.008403361344537815
bibliography 0.008403361344537815
references 0.008403361344537815
is 0.008403361344537815
materials 0.008403361344537815
programs 0.008403361344537815
description 0.008403361344537815
january 0.008403361344537815
h 0.008403361344537815
68 0.004201680672268907
approximately 0.004201680672268907
two 0.004201680672268907
hundred 0.004201680672268907
appearing 0.004201680672268907
publication 0.004201680672268907
presented 0.004201680672268907
itself 0.004201680672268907
preceded 0.004201680672268907
by 0.004201680672268907
brief 0.004201680672268907
descriptive 0.004201680672268907
organizing 0.004201680672268907
into 0.004201680672268907
categories 0.004201680672268907
reports 0.004201680672268907
activities 0.004201680672268907
professional 0.004201680672268907
organizations 0.004201680672268907
philosophy 0.004201680672268907
courses 0.004201680672268907
and 0.004201680672268907
other 0.004201680672268907
cacm 0.004201680672268907
1977 0.004201680672268907
austing 0.004201680672268907
r 0.004201680672268907
b 0.004201680672268907
curricula 0.004201680672268907
1.5 0.004201680672268907
jb 0.004201680672268907
3 0.004201680672268907
1978 0.004201680672268907
12 0.004201680672268907
34 0.004201680672268907
am 0.004201680672268907
1927 0.004201680672268907
4 0.004201680672268907
3003 0.004201680672268907
2153 0.004201680672268907
2163 0.004201680672268907
2407 0.004201680672268907
2478 0.004201680672268907
2852 0.004201680672268907
2899 0.004201680672268907
3011 0.004201680672268907
3050 0.004201680672268907
1659 0.004201680672268907
5 0.004201680672268907
1678 0.004201680672268907
1945 0.004201680672268907
2097 0.004201680672268907
2147 0.004201680672268907
2187 0.004201680672268907
2329 0.004201680672268907
2345 0.004201680672268907
2367 0.004201680672268907
2479 0.004201680672268907
2480 0.004201680672268907
2538 0.004201680672268907
3130 0.004201680672268907
1771 0.004201680672268907
6 0.004201680672268907
