recovery-only 0.03876989447943697
ripley 0.03876989447943697
ca781106 0.03876989447943697
simple 0.021367521367521368
a 0.01282051282051282
precedence 0.01282051282051282
is 0.01282051282051282
to 0.01282051282051282
syntax 0.01282051282051282
errors 0.01282051282051282
parsing 0.01282051282051282
and 0.01282051282051282
parsers 0.008547008547008548
the 0.008547008547008548
error 0.008547008547008548
procedure 0.004273504273504274
for 0.004273504273504274
method 0.004273504273504274
described 0.004273504273504274
enabling 0.004273504273504274
recover 0.004273504273504274
from 0.004273504273504274
no 0.004273504273504274
attempt 0.004273504273504274
repair 0.004273504273504274
made 0.004273504273504274
yet 0.004273504273504274
most 0.004273504273504274
semantic 0.004273504273504274
processing 0.004273504273504274
can 0.004273504273504274
continue 0.004273504273504274
result 0.004273504273504274
good 0.004273504273504274
first 0.004273504273504274
approximation 0.004273504273504274
handling 0.004273504273504274
with 0.004273504273504274
negligible 0.004273504273504274
increase 0.004273504273504274
in 0.004273504273504274
time 0.004273504273504274
space 0.004273504273504274
complexity 0.004273504273504274
of 0.004273504273504274
both 0.004273504273504274
parser 0.004273504273504274
its 0.004273504273504274
table 0.004273504273504274
generator 0.004273504273504274
cacm 0.004273504273504274
november 0.004273504273504274
1978 0.004273504273504274
d 0.004273504273504274
recovery 0.004273504273504274
compilers 0.004273504273504274
debugging 0.004273504273504274
4.12 0.004273504273504274
4.42 0.004273504273504274
5.23 0.004273504273504274
dh 0.004273504273504274
january 0.004273504273504274
26 0.004273504273504274
1979 0.004273504273504274
10 0.004273504273504274
52 0.004273504273504274
am 0.004273504273504274
1379 0.004273504273504274
4 0.004273504273504274
3045 0.004273504273504274
1542 0.004273504273504274
1683 0.004273504273504274
1693 0.004273504273504274
1781 0.004273504273504274
1787 0.004273504273504274
1836 0.004273504273504274
1945 0.004273504273504274
2015 0.004273504273504274
2060 0.004273504273504274
2061 0.004273504273504274
2082 0.004273504273504274
2091 0.004273504273504274
2152 0.004273504273504274
2179 0.004273504273504274
2340 0.004273504273504274
2356 0.004273504273504274
2546 0.004273504273504274
2603 0.004273504273504274
2698 0.004273504273504274
2708 0.004273504273504274
2820 0.004273504273504274
2824 0.004273504273504274
2971 0.004273504273504274
2982 0.004273504273504274
2986 0.004273504273504274
3093 0.004273504273504274
1477 0.004273504273504274
5 0.004273504273504274
1491 0.004273504273504274
2534 0.004273504273504274
