tl 0.2419241415516867
ca781010 0.12096207077584335
heaps 0.02666666666666667
the 0.02666666666666667
structure 0.02666666666666667
simulation 0.02666666666666667
event 0.02666666666666667
set 0.02666666666666667
a 0.013333333333333334
comparison 0.013333333333333334
of 0.013333333333333334
and 0.013333333333333334
for 0.013333333333333334
none 0.013333333333333334
cacm 0.013333333333333334
october 0.013333333333333334
1978 0.013333333333333334
franta 0.013333333333333334
w 0.013333333333333334
maly 0.013333333333333334
k 0.013333333333333334
3.34 0.013333333333333334
4.22 0.013333333333333334
5.5 0.013333333333333334
8.1 0.013333333333333334
dh 0.013333333333333334
january 0.013333333333333334
29 0.013333333333333334
1979 0.013333333333333334
11 0.013333333333333334
51 0.013333333333333334
am 0.013333333333333334
2844 0.013333333333333334
4 0.013333333333333334
3051 0.013333333333333334
2936 0.013333333333333334
3064 0.013333333333333334
3109 0.013333333333333334
2767 0.013333333333333334
5 0.013333333333333334
