ward 0.1564164708308319
ca780910 0.1564164708308319
plotting 0.034482758620689655
contour 0.034482758620689655
real 0.017241379310344827
time 0.017241379310344827
of 0.017241379310344827
approximate 0.017241379310344827
maps 0.017241379310344827
none 0.017241379310344827
cacm 0.017241379310344827
september 0.017241379310344827
1978 0.017241379310344827
s 0.017241379310344827
map 0.017241379310344827
digital 0.017241379310344827
graphical 0.017241379310344827
characters 0.017241379310344827
3.10 0.017241379310344827
3.20 0.017241379310344827
4.41 0.017241379310344827
8.2 0.017241379310344827
dh 0.017241379310344827
january 0.017241379310344827
29 0.017241379310344827
1979 0.017241379310344827
6 0.017241379310344827
33 0.017241379310344827
pm 0.017241379310344827
2287 0.017241379310344827
4 0.017241379310344827
3062 0.017241379310344827
2547 0.017241379310344827
1871 0.017241379310344827
5 0.017241379310344827
1925 0.017241379310344827
