ca610710 0.10800184890700297
find 0.011904761904761904
algorithm 0.011904761904761904
65 0.011904761904761904
cacm 0.011904761904761904
july 0.011904761904761904
1961 0.011904761904761904
hoare 0.011904761904761904
c 0.011904761904761904
a 0.011904761904761904
r 0.011904761904761904
jb 0.011904761904761904
march 0.011904761904761904
16 0.011904761904761904
1978 0.011904761904761904
10 0.011904761904761904
20 0.011904761904761904
pm 0.011904761904761904
307 0.011904761904761904
5 0.011904761904761904
2227 0.011904761904761904
2783 0.011904761904761904
3054 0.011904761904761904
1175 0.011904761904761904
6 0.011904761904761904
1834 0.011904761904761904
1880 0.011904761904761904
1919 0.011904761904761904
1969 0.011904761904761904
1980 0.011904761904761904
1997 0.011904761904761904
308 0.011904761904761904
309 0.011904761904761904
2017 0.011904761904761904
2679 0.011904761904761904
776 0.011904761904761904
