ca780805 0.02458578674305759
programming 0.016260162601626018
of 0.013550135501355014
a 0.008130081300813009
communicating 0.005420054200542005
sequential 0.005420054200542005
processes 0.005420054200542005
that 0.005420054200542005
input 0.005420054200542005
and 0.005420054200542005
output 0.005420054200542005
are 0.005420054200542005
primitives 0.005420054200542005
parallel 0.005420054200542005
is 0.005420054200542005
program 0.005420054200542005
guarded 0.005420054200542005
multiple 0.005420054200542005
this 0.0027100271002710027
paper 0.0027100271002710027
suggests 0.0027100271002710027
basic 0.0027100271002710027
composition 0.0027100271002710027
fundamental 0.0027100271002710027
structuring 0.0027100271002710027
method 0.0027100271002710027
when 0.0027100271002710027
combined 0.0027100271002710027
with 0.0027100271002710027
development 0.0027100271002710027
dijkstra 0.0027100271002710027
s 0.0027100271002710027
command 0.0027100271002710027
these 0.0027100271002710027
concepts 0.0027100271002710027
surprisingly 0.0027100271002710027
versatile 0.0027100271002710027
their 0.0027100271002710027
use 0.0027100271002710027
illustrated 0.0027100271002710027
by 0.0027100271002710027
sample 0.0027100271002710027
solutions 0.0027100271002710027
variety 0.0027100271002710027
familiar 0.0027100271002710027
exercises 0.0027100271002710027
cacm 0.0027100271002710027
august 0.0027100271002710027
1978 0.0027100271002710027
hoare 0.0027100271002710027
c 0.0027100271002710027
languages 0.0027100271002710027
structures 0.0027100271002710027
concurrency 0.0027100271002710027
commands 0.0027100271002710027
nondeterminacy 0.0027100271002710027
coroutines 0.0027100271002710027
procedures 0.0027100271002710027
entries 0.0027100271002710027
exits 0.0027100271002710027
classes 0.0027100271002710027
data 0.0027100271002710027
representations 0.0027100271002710027
recursion 0.0027100271002710027
conditional 0.0027100271002710027
critical 0.0027100271002710027
regions 0.0027100271002710027
monitors 0.0027100271002710027
iterative 0.0027100271002710027
arrays 0.0027100271002710027
4.20 0.0027100271002710027
4.22 0.0027100271002710027
4.32 0.0027100271002710027
dh 0.0027100271002710027
february 0.0027100271002710027
7 0.0027100271002710027
1979 0.0027100271002710027
10 0.0027100271002710027
07 0.0027100271002710027
am 0.0027100271002710027
249 0.0027100271002710027
4 0.0027100271002710027
3073 0.0027100271002710027
254 0.0027100271002710027
272 0.0027100271002710027
1102 0.0027100271002710027
1109 0.0027100271002710027
1140 0.0027100271002710027
1188 0.0027100271002710027
1306 0.0027100271002710027
1323 0.0027100271002710027
1358 0.0027100271002710027
1380 0.0027100271002710027
1464 0.0027100271002710027
1491 0.0027100271002710027
1665 0.0027100271002710027
1767 0.0027100271002710027
1781 0.0027100271002710027
1787 0.0027100271002710027
1949 0.0027100271002710027
1989 0.0027100271002710027
321 0.0027100271002710027
2059 0.0027100271002710027
2112 0.0027100271002710027
2126 0.0027100271002710027
2534 0.0027100271002710027
2541 0.0027100271002710027
435 0.0027100271002710027
437 0.0027100271002710027
463 0.0027100271002710027
483 0.0027100271002710027
491 0.0027100271002710027
2698 0.0027100271002710027
2732 0.0027100271002710027
2733 0.0027100271002710027
2820 0.0027100271002710027
2896 0.0027100271002710027
2972 0.0027100271002710027
560 0.0027100271002710027
583 0.0027100271002710027
3037 0.0027100271002710027
3039 0.0027100271002710027
3043 0.0027100271002710027
3155 0.0027100271002710027
627 0.0027100271002710027
631 0.0027100271002710027
632 0.0027100271002710027
642 0.0027100271002710027
644 0.0027100271002710027
653 0.0027100271002710027
680 0.0027100271002710027
761 0.0027100271002710027
762 0.0027100271002710027
763 0.0027100271002710027
123 0.0027100271002710027
140 0.0027100271002710027
919 0.0027100271002710027
989 0.0027100271002710027
196 0.0027100271002710027
5 0.0027100271002710027
3148 0.0027100271002710027
3150 0.0027100271002710027
799 0.0027100271002710027
1860 0.0027100271002710027
6 0.0027100271002710027
2060 0.0027100271002710027
2204 0.0027100271002710027
2247 0.0027100271002710027
2704 0.0027100271002710027
2817 0.0027100271002710027
2842 0.0027100271002710027
2865 0.0027100271002710027
2939 0.0027100271002710027
2940 0.0027100271002710027
2941 0.0027100271002710027
2943 0.0027100271002710027
