ca610709 0.048000821736445765
quicksort 0.005291005291005291
algorithm 0.005291005291005291
64 0.005291005291005291
cacm 0.005291005291005291
july 0.005291005291005291
1961 0.005291005291005291
hoare 0.005291005291005291
c 0.005291005291005291
a 0.005291005291005291
r 0.005291005291005291
jb 0.005291005291005291
march 0.005291005291005291
16 0.005291005291005291
1978 0.005291005291005291
10 0.005291005291005291
21 0.005291005291005291
pm 0.005291005291005291
1175 0.005291005291005291
5 0.005291005291005291
308 0.005291005291005291
1919 0.005291005291005291
1969 0.005291005291005291
1997 0.005291005291005291
2191 0.005291005291005291
2388 0.005291005291005291
2679 0.005291005291005291
3054 0.005291005291005291
3121 0.005291005291005291
864 0.005291005291005291
6 0.005291005291005291
970 0.005291005291005291
1190 0.005291005291005291
1228 0.005291005291005291
1312 0.005291005291005291
1880 0.005291005291005291
1980 0.005291005291005291
307 0.005291005291005291
309 0.005291005291005291
2017 0.005291005291005291
2042 0.005291005291005291
2456 0.005291005291005291
2709 0.005291005291005291
74 0.005291005291005291
3187 0.005291005291005291
507 0.005291005291005291
716 0.005291005291005291
776 0.005291005291005291
783 0.005291005291005291
