ca610708 0.05815484171915545
partition 0.00641025641025641
algorithm 0.00641025641025641
63 0.00641025641025641
cacm 0.00641025641025641
july 0.00641025641025641
1961 0.00641025641025641
hoare 0.00641025641025641
c 0.00641025641025641
a 0.00641025641025641
r 0.00641025641025641
jb 0.00641025641025641
march 0.00641025641025641
16 0.00641025641025641
1978 0.00641025641025641
10 0.00641025641025641
22 0.00641025641025641
pm 0.00641025641025641
1919 0.00641025641025641
5 0.00641025641025641
309 0.00641025641025641
2191 0.00641025641025641
2388 0.00641025641025641
2783 0.00641025641025641
2784 0.00641025641025641
3054 0.00641025641025641
3121 0.00641025641025641
864 0.00641025641025641
6 0.00641025641025641
1175 0.00641025641025641
1312 0.00641025641025641
1729 0.00641025641025641
232 0.00641025641025641
1880 0.00641025641025641
1969 0.00641025641025641
1980 0.00641025641025641
1997 0.00641025641025641
307 0.00641025641025641
308 0.00641025641025641
2017 0.00641025641025641
2456 0.00641025641025641
2679 0.00641025641025641
2709 0.00641025641025641
74 0.00641025641025641
3187 0.00641025641025641
776 0.00641025641025641
