patterned 0.03795880882087134
modry 0.03795880882087134
ca780604 0.03795880882087134
levy 0.03505861141267072
is 0.02510460251046025
and 0.02092050209205021
lr 0.016736401673640166
which 0.016736401673640166
error 0.012552301255230125
in 0.012552301255230125
the 0.012552301255230125
automatic 0.008368200836820083
recovery 0.008368200836820083
for 0.008368200836820083
present 0.008368200836820083
scheme 0.008368200836820083
from 0.008368200836820083
syntax 0.008368200836820083
errors 0.008368200836820083
parsing 0.008368200836820083
information 0.008368200836820083
that 0.008368200836820083
correction 0.008368200836820083
parsers 0.0041841004184100415
this 0.0041841004184100415
paper 0.0041841004184100415
we 0.0041841004184100415
a 0.0041841004184100415
detecting 0.0041841004184100415
recovering 0.0041841004184100415
programs 0.0041841004184100415
based 0.0041841004184100415
on 0.0041841004184100415
driven 0.0041841004184100415
by 0.0041841004184100415
directly 0.0041841004184100415
automatically 0.0041841004184100415
obtainable 0.0041841004184100415
already 0.0041841004184100415
an 0.0041841004184100415
parser 0.0041841004184100415
approach 0.0041841004184100415
after 0.0041841004184100415
of 0.0041841004184100415
graham 0.0041841004184100415
rhodes 0.0041841004184100415
appears 0.0041841004184100415
to 0.0041841004184100415
provide 0.0041841004184100415
both 0.0041841004184100415
simple 0.0041841004184100415
powerful 0.0041841004184100415
cacm 0.0041841004184100415
june 0.0041841004184100415
1978 0.0041841004184100415
mickunas 0.0041841004184100415
m 0.0041841004184100415
j 0.0041841004184100415
programming 0.0041841004184100415
languages 0.0041841004184100415
compilers 0.0041841004184100415
4.12 0.0041841004184100415
4.42 0.0041841004184100415
5.23 0.0041841004184100415
dh 0.0041841004184100415
february 0.0041841004184100415
26 0.0041841004184100415
1979 0.0041841004184100415
12 0.0041841004184100415
22 0.0041841004184100415
pm 0.0041841004184100415
1225 0.0041841004184100415
4 0.0041841004184100415
3093 0.0041841004184100415
1350 0.0041841004184100415
1542 0.0041841004184100415
1646 0.0041841004184100415
1683 0.0041841004184100415
1693 0.0041841004184100415
1781 0.0041841004184100415
1787 0.0041841004184100415
1836 0.0041841004184100415
1945 0.0041841004184100415
2060 0.0041841004184100415
2061 0.0041841004184100415
2082 0.0041841004184100415
2091 0.0041841004184100415
2152 0.0041841004184100415
2179 0.0041841004184100415
2340 0.0041841004184100415
2356 0.0041841004184100415
2546 0.0041841004184100415
2603 0.0041841004184100415
2650 0.0041841004184100415
2698 0.0041841004184100415
2708 0.0041841004184100415
2733 0.0041841004184100415
2824 0.0041841004184100415
2982 0.0041841004184100415
2986 0.0041841004184100415
3045 0.0041841004184100415
3094 0.0041841004184100415
1491 0.0041841004184100415
5 0.0041841004184100415
680 0.0041841004184100415
