ca610706 0.13540530310728732
gibb 0.12505982280042244
procedures 0.014925373134328358
for 0.014925373134328358
range 0.014925373134328358
arithmetic 0.014925373134328358
algorithm 0.014925373134328358
61 0.014925373134328358
cacm 0.014925373134328358
july 0.014925373134328358
1961 0.014925373134328358
a 0.014925373134328358
jb 0.014925373134328358
march 0.014925373134328358
16 0.014925373134328358
1978 0.014925373134328358
10 0.014925373134328358
25 0.014925373134328358
pm 0.014925373134328358
1524 0.014925373134328358
5 0.014925373134328358
311 0.014925373134328358
1931 0.014925373134328358
2214 0.014925373134328358
2544 0.014925373134328358
879 0.014925373134328358
6 0.014925373134328358
1177 0.014925373134328358
1197 0.014925373134328358
