ca790201 0.12960221868840358
s 0.04285714285714286
production 0.02857142857142857
and 0.02857142857142857
employment 0.02857142857142857
of 0.02857142857142857
ph 0.02857142857142857
computer 0.02857142857142857
science 0.02857142857142857
in 0.014285714285714285
- 0.014285714285714285
1977 0.014285714285714285
1978 0.014285714285714285
cacm 0.014285714285714285
february 0.014285714285714285
1979 0.014285714285714285
taulbee 0.014285714285714285
o 0.014285714285714285
conte 0.014285714285714285
students 0.014285714285714285
1.3 0.014285714285714285
1.52 0.014285714285714285
1.53 0.014285714285714285
1.59 0.014285714285714285
dh 0.014285714285714285
april 0.014285714285714285
10 0.014285714285714285
2 0.014285714285714285
09 0.014285714285714285
pm 0.014285714285714285
2962 0.014285714285714285
4 0.014285714285714285
3122 0.014285714285714285
3123 0.014285714285714285
2861 0.014285714285714285
5 0.014285714285714285
