fairley 0.12259669335389528
manpower 0.12259669335389528
ca790202 0.12259669335389528
employment 0.02702702702702703
characteristics 0.02702702702702703
of 0.013513513513513514
doctoral 0.013513513513513514
level 0.013513513513513514
computer 0.013513513513513514
scientists 0.013513513513513514
cacm 0.013513513513513514
february 0.013513513513513514
1979 0.013513513513513514
r 0.013513513513513514
utilization 0.013513513513513514
occupational 0.013513513513513514
trends 0.013513513513513514
1.5 0.013513513513513514
2.1 0.013513513513513514
2.2 0.013513513513513514
dh 0.013513513513513514
april 0.013513513513513514
10 0.013513513513513514
2 0.013513513513513514
13 0.013513513513513514
pm 0.013513513513513514
2962 0.013513513513513514
4 0.013513513513513514
3123 0.013513513513513514
3022 0.013513513513513514
3122 0.013513513513513514
2823 0.013513513513513514
5 0.013513513513513514
2861 0.013513513513513514
