multi-interpreter 0.07923279745142577
exhibits 0.03961639872571288
manthey 0.03961639872571288
transfer-of-control 0.03961639872571288
ca790505 0.03961639872571288
anatomy 0.036589555142481675
and 0.017467248908296942
a 0.013100436681222707
of 0.013100436681222707
interpreters 0.013100436681222707
the 0.013100436681222707
model 0.008733624454148471
system 0.008733624454148471
which 0.008733624454148471
programs 0.008733624454148471
by 0.008733624454148471
interpreted 0.008733624454148471
may 0.008733624454148471
for 0.004366812227074236
discussion 0.004366812227074236
systems 0.004366812227074236
is 0.004366812227074236
in 0.004366812227074236
execute 0.004366812227074236
virtue 0.004366812227074236
being 0.004366812227074236
other 0.004366812227074236
themselves 0.004366812227074236
either 0.004366812227074236
be 0.004366812227074236
i 0.004366812227074236
e 0.004366812227074236
nested 0.004366812227074236
or 0.004366812227074236
run 0.004366812227074236
directly 0.004366812227074236
on 0.004366812227074236
host 0.004366812227074236
machine 0.004366812227074236
reveals 0.004366812227074236
how 0.004366812227074236
these 0.004366812227074236
differ 0.004366812227074236
from 0.004366812227074236
procedures 0.004366812227074236
links 0.004366812227074236
to 0.004366812227074236
protection 0.004366812227074236
domains 0.004366812227074236
multiprocessor 0.004366812227074236
architectures 0.004366812227074236
cacm 0.004366812227074236
1979 0.004366812227074236
m 0.004366812227074236
hierarchies 0.004366812227074236
4.13 0.004366812227074236
3.65 0.004366812227074236
dh 0.004366812227074236
august 0.004366812227074236
21 0.004366812227074236
19791 0.004366812227074236
14 0.004366812227074236
pm 0.004366812227074236
1458 0.004366812227074236
4 0.004366812227074236
3144 0.004366812227074236
1523 0.004366812227074236
1603 0.004366812227074236
1698 0.004366812227074236
1747 0.004366812227074236
1748 0.004366812227074236
1854 0.004366812227074236
1877 0.004366812227074236
1960 0.004366812227074236
2377 0.004366812227074236
2378 0.004366812227074236
2497 0.004366812227074236
2558 0.004366812227074236
2625 0.004366812227074236
2626 0.004366812227074236
2632 0.004366812227074236
2748 0.004366812227074236
2840 0.004366812227074236
2865 0.004366812227074236
2866 0.004366812227074236
2868 0.004366812227074236
2870 0.004366812227074236
2876 0.004366812227074236
2898 0.004366812227074236
2941 0.004366812227074236
2972 0.004366812227074236
3043 0.004366812227074236
3105 0.004366812227074236
3128 0.004366812227074236
1471 0.004366812227074236
5 0.004366812227074236
2298 0.004366812227074236
2491 0.004366812227074236
2597 0.004366812227074236
2624 0.004366812227074236
