paradigms 0.0692530939556355
ca790801 0.0692530939556355
db 0.04351511729612532
the 0.007633587786259542
of 0.007633587786259542
programming 0.007633587786259542
cacm 0.007633587786259542
august 0.007633587786259542
1979 0.007633587786259542
floyd 0.007633587786259542
r 0.007633587786259542
january 0.007633587786259542
4 0.007633587786259542
1980 0.007633587786259542
11 0.007633587786259542
44 0.007633587786259542
am 0.007633587786259542
1323 0.007633587786259542
3155 0.007633587786259542
1358 0.007633587786259542
1380 0.007633587786259542
1665 0.007633587786259542
1781 0.007633587786259542
1787 0.007633587786259542
1989 0.007633587786259542
2112 0.007633587786259542
2319 0.007633587786259542
2480 0.007633587786259542
2534 0.007633587786259542
2541 0.007633587786259542
2594 0.007633587786259542
2698 0.007633587786259542
2709 0.007633587786259542
2733 0.007633587786259542
2738 0.007633587786259542
2820 0.007633587786259542
2867 0.007633587786259542
2939 0.007633587786259542
2972 0.007633587786259542
3004 0.007633587786259542
3030 0.007633587786259542
3073 0.007633587786259542
3148 0.007633587786259542
3150 0.007633587786259542
2204 0.007633587786259542
5 0.007633587786259542
2247 0.007633587786259542
799 0.007633587786259542
