ca790805 0.11063604034375915
mean 0.024390243902439025
standard 0.024390243902439025
deviation 0.024390243902439025
further 0.012195121951219513
remark 0.012195121951219513
on 0.012195121951219513
stably 0.012195121951219513
updating 0.012195121951219513
and 0.012195121951219513
estimates 0.012195121951219513
cacm 0.012195121951219513
august 0.012195121951219513
1979 0.012195121951219513
nelson 0.012195121951219513
l 0.012195121951219513
5.5 0.012195121951219513
5.19 0.012195121951219513
db 0.012195121951219513
january 0.012195121951219513
14 0.012195121951219513
1980 0.012195121951219513
9 0.012195121951219513
38 0.012195121951219513
am 0.012195121951219513
2731 0.012195121951219513
4 0.012195121951219513
3159 0.012195121951219513
3166 0.012195121951219513
3167 0.012195121951219513
5 0.012195121951219513
2799 0.012195121951219513
1411 0.012195121951219513
6 0.012195121951219513
