ca791201 0.11200191738504012
introduction 0.012345679012345678
to 0.012345679012345678
the 0.012345679012345678
eft 0.012345679012345678
symposium 0.012345679012345678
cacm 0.012345679012345678
december 0.012345679012345678
1979 0.012345679012345678
kling 0.012345679012345678
r 0.012345679012345678
db 0.012345679012345678
february 0.012345679012345678
21 0.012345679012345678
1980 0.012345679012345678
5 0.012345679012345678
02 0.012345679012345678
pm 0.012345679012345678
3142 0.012345679012345678
4 0.012345679012345678
3178 0.012345679012345678
3179 0.012345679012345678
3182 0.012345679012345678
3183 0.012345679012345678
3076 0.012345679012345678
3140 0.012345679012345678
3180 0.012345679012345678
3181 0.012345679012345678
