nuar 0.010598312275920852
ca630117 0.010598312275920852
the 0.004672897196261682
language 0.004672897196261682
a 0.004672897196261682
of 0.0035046728971962616
report 0.002336448598130841
algorithmic 0.002336448598130841
algol 0.002336448598130841
for 0.002336448598130841
automatic 0.002336448598130841
revised 0.0011682242990654205
on 0.0011682242990654205
60 0.0011682242990654205
gives 0.0011682242990654205
complete 0.0011682242990654205
defining 0.0011682242990654205
description 0.0011682242990654205
international 0.0011682242990654205
this 0.0011682242990654205
is 0.0011682242990654205
suitable 0.0011682242990654205
expressing 0.0011682242990654205
large 0.0011682242990654205
class 0.0011682242990654205
numerical 0.0011682242990654205
processes 0.0011682242990654205
in 0.0011682242990654205
form 0.0011682242990654205
sufficiently 0.0011682242990654205
concise 0.0011682242990654205
direct 0.0011682242990654205
translation 0.0011682242990654205
into 0.0011682242990654205
programmed 0.0011682242990654205
computers 0.0011682242990654205
cacm 0.0011682242990654205
january 0.0011682242990654205
1963 0.0011682242990654205
p 0.0011682242990654205
es 0.0011682242990654205
march 0.0011682242990654205
17 0.0011682242990654205
1982 0.0011682242990654205
10 0.0011682242990654205
am 0.0011682242990654205
1781 0.0011682242990654205
4 0.0011682242990654205
3184 0.0011682242990654205
1828 0.0011682242990654205
1854 0.0011682242990654205
1877 0.0011682242990654205
1960 0.0011682242990654205
2150 0.0011682242990654205
2228 0.0011682242990654205
2256 0.0011682242990654205
2317 0.0011682242990654205
2319 0.0011682242990654205
2377 0.0011682242990654205
2342 0.0011682242990654205
2376 0.0011682242990654205
2379 0.0011682242990654205
2424 0.0011682242990654205
2482 0.0011682242990654205
2618 0.0011682242990654205
2632 0.0011682242990654205
2704 0.0011682242990654205
2723 0.0011682242990654205
2738 0.0011682242990654205
2740 0.0011682242990654205
2741 0.0011682242990654205
2867 0.0011682242990654205
949 0.0011682242990654205
5 0.0011682242990654205
989 0.0011682242990654205
1086 0.0011682242990654205
1132 0.0011682242990654205
1198 0.0011682242990654205
1234 0.0011682242990654205
1263 0.0011682242990654205
1265 0.0011682242990654205
1270 0.0011682242990654205
1323 0.0011682242990654205
1358 0.0011682242990654205
1379 0.0011682242990654205
1380 0.0011682242990654205
1453 0.0011682242990654205
1464 0.0011682242990654205
1484 0.0011682242990654205
1491 0.0011682242990654205
1498 0.0011682242990654205
1613 0.0011682242990654205
1614 0.0011682242990654205
1749 0.0011682242990654205
1825 0.0011682242990654205
1860 0.0011682242990654205
2083 0.0011682242990654205
2178 0.0011682242990654205
2179 0.0011682242990654205
2252 0.0011682242990654205
2325 0.0011682242990654205
2341 0.0011682242990654205
2546 0.0011682242990654205
2645 0.0011682242990654205
2652 0.0011682242990654205
2684 0.0011682242990654205
2842 0.0011682242990654205
2929 0.0011682242990654205
2934 0.0011682242990654205
557 0.0011682242990654205
3069 0.0011682242990654205
669 0.0011682242990654205
679 0.0011682242990654205
691 0.0011682242990654205
761 0.0011682242990654205
1 0.0011682242990654205
6 0.0011682242990654205
823 0.0011682242990654205
123 0.0011682242990654205
145 0.0011682242990654205
196 0.0011682242990654205
919 0.0011682242990654205
944 0.0011682242990654205
947 0.0011682242990654205
987 0.0011682242990654205
988 0.0011682242990654205
990 0.0011682242990654205
1007 0.0011682242990654205
1046 0.0011682242990654205
1131 0.0011682242990654205
1134 0.0011682242990654205
1137 0.0011682242990654205
1139 0.0011682242990654205
1140 0.0011682242990654205
1149 0.0011682242990654205
1215 0.0011682242990654205
1223 0.0011682242990654205
1303 0.0011682242990654205
1366 0.0011682242990654205
1389 0.0011682242990654205
1421 0.0011682242990654205
1460 0.0011682242990654205
1462 0.0011682242990654205
1463 0.0011682242990654205
1467 0.0011682242990654205
1468 0.0011682242990654205
1466 0.0011682242990654205
1477 0.0011682242990654205
1496 0.0011682242990654205
1531 0.0011682242990654205
1535 0.0011682242990654205
1565 0.0011682242990654205
1601 0.0011682242990654205
1602 0.0011682242990654205
1626 0.0011682242990654205
1641 0.0011682242990654205
1785 0.0011682242990654205
1786 0.0011682242990654205
1787 0.0011682242990654205
1788 0.0011682242990654205
205 0.0011682242990654205
210 0.0011682242990654205
224 0.0011682242990654205
249 0.0011682242990654205
267 0.0011682242990654205
288 0.0011682242990654205
316 0.0011682242990654205
321 0.0011682242990654205
378 0.0011682242990654205
381 0.0011682242990654205
385 0.0011682242990654205
398 0.0011682242990654205
2015 0.0011682242990654205
2059 0.0011682242990654205
2060 0.0011682242990654205
2110 0.0011682242990654205
11 0.0011682242990654205
2126 0.0011682242990654205
2127 0.0011682242990654205
2148 0.0011682242990654205
2155 0.0011682242990654205
2192 0.0011682242990654205
21 0.0011682242990654205
400 0.0011682242990654205
402 0.0011682242990654205
404 0.0011682242990654205
407 0.0011682242990654205
410 0.0011682242990654205
437 0.0011682242990654205
463 0.0011682242990654205
464 0.0011682242990654205
483 0.0011682242990654205
3188 0.0011682242990654205
584 0.0011682242990654205
600 0.0011682242990654205
631 0.0011682242990654205
635 0.0011682242990654205
680 0.0011682242990654205
729 0.0011682242990654205
731 0.0011682242990654205
763 0.0011682242990654205
799 0.0011682242990654205
