considerd 0.07497649015031613
intelligibility 0.07497649015031613
ca680303 0.07497649015031613
go 0.01652892561983471
to 0.01652892561983471
statement 0.01652892561983471
march 0.01652892561983471
instruction 0.01652892561983471
clause 0.01652892561983471
program 0.01652892561983471
harmful 0.008264462809917356
cacm 0.008264462809917356
1968 0.008264462809917356
dijkstra 0.008264462809917356
e 0.008264462809917356
w 0.008264462809917356
jump 0.008264462809917356
branch 0.008264462809917356
conditional 0.008264462809917356
repetitive 0.008264462809917356
sequencing 0.008264462809917356
4.22 0.008264462809917356
5.23 0.008264462809917356
5.24 0.008264462809917356
es 0.008264462809917356
17 0.008264462809917356
1982 0.008264462809917356
10 0.008264462809917356
am 0.008264462809917356
2193 0.008264462809917356
5 0.008264462809917356
3186 0.008264462809917356
2326 0.008264462809917356
2477 0.008264462809917356
2541 0.008264462809917356
2594 0.008264462809917356
3004 0.008264462809917356
1303 0.008264462809917356
6 0.008264462809917356
1323 0.008264462809917356
1425 0.008264462809917356
1771 0.008264462809917356
1834 0.008264462809917356
2016 0.008264462809917356
2155 0.008264462809917356
2192 0.008264462809917356
2204 0.008264462809917356
2247 0.008264462809917356
2356 0.008264462809917356
2456 0.008264462809917356
799 0.008264462809917356
