semiotics 0.06434152700842731
my 0.032170763504213655
syntactics 0.032170763504213655
semiotic 0.032170763504213655
zemanek 0.032170763504213655
ca660319 0.032170763504213655
pragmatics 0.02971279477882377
and 0.01773049645390071
i 0.0070921985815602835
three 0.0070921985815602835
dimension 0.0070921985815602835
that 0.0070921985815602835
aspects 0.0070921985815602835
do 0.0070921985815602835
to 0.0070921985815602835
march 0.0070921985815602835
programming 0.0035460992907801418
languages 0.0035460992907801418
have 0.0035460992907801418
based 0.0035460992907801418
paper 0.0035460992907801418
on 0.0035460992907801418
its 0.0035460992907801418
should 0.0035460992907801418
insert 0.0035460992907801418
at 0.0035460992907801418
this 0.0035460992907801418
point 0.0035460992907801418
language 0.0035460992907801418
has 0.0035460992907801418
many 0.0035460992907801418
semantics 0.0035460992907801418
not 0.0035460992907801418
necessary 0.0035460992907801418
cover 0.0035460992907801418
all 0.0035460992907801418
of 0.0035460992907801418
them 0.0035460992907801418
one 0.0035460992907801418
can 0.0035460992907801418
however 0.0035460992907801418
project 0.0035460992907801418
most 0.0035460992907801418
into 0.0035460992907801418
the 0.0035460992907801418
there 0.0035460992907801418
seems 0.0035460992907801418
be 0.0035460992907801418
a 0.0035460992907801418
strong 0.0035460992907801418
tendency 0.0035460992907801418
so 0.0035460992907801418
today 0.0035460992907801418
cacm 0.0035460992907801418
1966 0.0035460992907801418
h 0.0035460992907801418
es 0.0035460992907801418
17 0.0035460992907801418
1982 0.0035460992907801418
10 0.0035460992907801418
am 0.0035460992907801418
2087 0.0035460992907801418
4 0.0035460992907801418
3188 0.0035460992907801418
2189 0.0035460992907801418
1594 0.0035460992907801418
5 0.0035460992907801418
1781 0.0035460992907801418
612 0.0035460992907801418
123 0.0035460992907801418
6 0.0035460992907801418
196 0.0035460992907801418
919 0.0035460992907801418
990 0.0035460992907801418
1007 0.0035460992907801418
1046 0.0035460992907801418
1131 0.0035460992907801418
1139 0.0035460992907801418
1140 0.0035460992907801418
1149 0.0035460992907801418
1198 0.0035460992907801418
1215 0.0035460992907801418
1223 0.0035460992907801418
1265 0.0035460992907801418
1303 0.0035460992907801418
1323 0.0035460992907801418
1358 0.0035460992907801418
1366 0.0035460992907801418
1421 0.0035460992907801418
1460 0.0035460992907801418
1462 0.0035460992907801418
1463 0.0035460992907801418
1467 0.0035460992907801418
1468 0.0035460992907801418
1477 0.0035460992907801418
1491 0.0035460992907801418
1496 0.0035460992907801418
1531 0.0035460992907801418
1535 0.0035460992907801418
1565 0.0035460992907801418
1601 0.0035460992907801418
1602 0.0035460992907801418
1613 0.0035460992907801418
1614 0.0035460992907801418
1626 0.0035460992907801418
1641 0.0035460992907801418
1787 0.0035460992907801418
1788 0.0035460992907801418
205 0.0035460992907801418
224 0.0035460992907801418
249 0.0035460992907801418
288 0.0035460992907801418
316 0.0035460992907801418
381 0.0035460992907801418
398 0.0035460992907801418
11 0.0035460992907801418
404 0.0035460992907801418
410 0.0035460992907801418
463 0.0035460992907801418
464 0.0035460992907801418
483 0.0035460992907801418
3184 0.0035460992907801418
584 0.0035460992907801418
600 0.0035460992907801418
680 0.0035460992907801418
691 0.0035460992907801418
763 0.0035460992907801418
799 0.0035460992907801418
