ca610602 0.13540530310728732
blachman 0.12505982280042244
the 0.014925373134328358
state 0.014925373134328358
of 0.014925373134328358
digital 0.014925373134328358
computer 0.014925373134328358
technology 0.014925373134328358
in 0.014925373134328358
europe 0.014925373134328358
cacm 0.014925373134328358
june 0.014925373134328358
1961 0.014925373134328358
n 0.014925373134328358
m 0.014925373134328358
jb 0.014925373134328358
march 0.014925373134328358
16 0.014925373134328358
1978 0.014925373134328358
10 0.014925373134328358
56 0.014925373134328358
pm 0.014925373134328358
323 0.014925373134328358
4 0.014925373134328358
689 0.014925373134328358
1349 0.014925373134328358
5 0.014925373134328358
217 0.014925373134328358
6 0.014925373134328358
236 0.014925373134328358
83 0.014925373134328358
415 0.014925373134328358
3197 0.014925373134328358
