ca610601 0.09163793240594194
romberg 0.010101010101010102
integration 0.010101010101010102
algorithm 0.010101010101010102
60 0.010101010101010102
cacm 0.010101010101010102
june 0.010101010101010102
1961 0.010101010101010102
bauer 0.010101010101010102
f 0.010101010101010102
l 0.010101010101010102
jb 0.010101010101010102
march 0.010101010101010102
16 0.010101010101010102
1978 0.010101010101010102
10 0.010101010101010102
57 0.010101010101010102
pm 0.010101010101010102
1352 0.010101010101010102
5 0.010101010101010102
324 0.010101010101010102
1982 0.010101010101010102
2040 0.010101010101010102
1 0.010101010101010102
6 0.010101010101010102
834 0.010101010101010102
872 0.010101010101010102
1040 0.010101010101010102
1092 0.010101010101010102
1241 0.010101010101010102
1273 0.010101010101010102
1356 0.010101010101010102
1883 0.010101010101010102
429 0.010101010101010102
570 0.010101010101010102
621 0.010101010101010102
786 0.010101010101010102
