grout 0.33600575215512035
ca610430 0.33600575215512035
ii 0.037037037037037035
algorithm 0.037037037037037035
43 0.037037037037037035
cacm 0.037037037037037035
april 0.037037037037037035
1961 0.037037037037037035
thacher 0.037037037037037035
jr 0.037037037037037035
h 0.037037037037037035
jb 0.037037037037037035
march 0.037037037037037035
16 0.037037037037037035
1978 0.037037037037037035
11 0.037037037037037035
35 0.037037037037037035
pm 0.037037037037037035
338 0.037037037037037035
5 0.037037037037037035
