ca610428 0.25920443737680715
legendre 0.02857142857142857
polynomial 0.02857142857142857
algorithm 0.02857142857142857
13 0.02857142857142857
cacm 0.02857142857142857
april 0.02857142857142857
1961 0.02857142857142857
herndon 0.02857142857142857
j 0.02857142857142857
jb 0.02857142857142857
march 0.02857142857142857
16 0.02857142857142857
1978 0.02857142857142857
11 0.02857142857142857
37 0.02857142857142857
pm 0.02857142857142857
1611 0.02857142857142857
5 0.02857142857142857
340 0.02857142857142857
1295 0.02857142857142857
6 0.02857142857142857
