ca580101 0.23874092916284867
a 0.02631578947368421
machine 0.02631578947368421
method 0.02631578947368421
for 0.02631578947368421
square-root 0.02631578947368421
computation 0.02631578947368421
cacm 0.02631578947368421
january 0.02631578947368421
1958 0.02631578947368421
bemer 0.02631578947368421
r 0.02631578947368421
w 0.02631578947368421
jb 0.02631578947368421
march 0.02631578947368421
22 0.02631578947368421
1978 0.02631578947368421
9 0.02631578947368421
27 0.02631578947368421
pm 0.02631578947368421
35 0.02631578947368421
5 0.02631578947368421
848 0.02631578947368421
26 0.02631578947368421
6 0.02631578947368421
