ca610408 0.16494827833069545
evaluation 0.01818181818181818
of 0.01818181818181818
determinant 0.01818181818181818
algorithm 0.01818181818181818
41 0.01818181818181818
cacm 0.01818181818181818
april 0.01818181818181818
1961 0.01818181818181818
solomon 0.01818181818181818
j 0.01818181818181818
g 0.01818181818181818
jb 0.01818181818181818
march 0.01818181818181818
17 0.01818181818181818
1978 0.01818181818181818
12 0.01818181818181818
04 0.01818181818181818
am 0.01818181818181818
1946 0.01818181818181818
5 0.01818181818181818
360 0.01818181818181818
878 0.01818181818181818
6 0.01818181818181818
902 0.01818181818181818
1093 0.01818181818181818
1177 0.01818181818181818
1387 0.01818181818181818
1393 0.01818181818181818
731 0.01818181818181818
