look-at 0.25920443737680715
ca610406 0.25920443737680715
table 0.02857142857142857
techniques 0.02857142857142857
cacm 0.02857142857142857
april 0.02857142857142857
1961 0.02857142857142857
sherman 0.02857142857142857
p 0.02857142857142857
m 0.02857142857142857
jb 0.02857142857142857
march 0.02857142857142857
17 0.02857142857142857
1978 0.02857142857142857
12 0.02857142857142857
08 0.02857142857142857
am 0.02857142857142857
362 0.02857142857142857
4 0.02857142857142857
2952 0.02857142857142857
142 0.02857142857142857
5 0.02857142857142857
