ca610404 0.07623659922847269
on 0.008403361344537815
the 0.008403361344537815
compilation 0.008403361344537815
of 0.008403361344537815
subscripted 0.008403361344537815
variables 0.008403361344537815
cacm 0.008403361344537815
april 0.008403361344537815
1961 0.008403361344537815
nather 0.008403361344537815
r 0.008403361344537815
e 0.008403361344537815
jb 0.008403361344537815
march 0.008403361344537815
17 0.008403361344537815
1978 0.008403361344537815
12 0.008403361344537815
10 0.008403361344537815
am 0.008403361344537815
222 0.008403361344537815
4 0.008403361344537815
364 0.008403361344537815
224 0.008403361344537815
267 0.008403361344537815
1134 0.008403361344537815
1139 0.008403361344537815
1141 0.008403361344537815
1215 0.008403361344537815
1223 0.008403361344537815
1647 0.008403361344537815
1781 0.008403361344537815
1787 0.008403361344537815
1792 0.008403361344537815
405 0.008403361344537815
438 0.008403361344537815
561 0.008403361344537815
44 0.008403361344537815
763 0.008403361344537815
100 0.008403361344537815
5 0.008403361344537815
77 0.008403361344537815
98 0.008403361344537815
