ca610311 0.2520043141163403
and 0.08333333333333333
algorithms 0.05555555555555555
march 0.05555555555555555
remarks 0.027777777777777776
on 0.027777777777777776
2 0.027777777777777776
3 0.027777777777777776
algorithm 0.027777777777777776
15 0.027777777777777776
25 0.027777777777777776
26 0.027777777777777776
cacm 0.027777777777777776
1961 0.027777777777777776
wilkinson 0.027777777777777776
j 0.027777777777777776
h 0.027777777777777776
jb 0.027777777777777776
17 0.027777777777777776
1978 0.027777777777777776
12 0.027777777777777776
35 0.027777777777777776
am 0.027777777777777776
371 0.027777777777777776
5 0.027777777777777776
