ca610310 0.33600575215512035
march 0.07407407407407407
critical 0.037037037037037035
path 0.037037037037037035
scheduling 0.037037037037037035
algorithm 0.037037037037037035
40 0.037037037037037035
cacm 0.037037037037037035
1961 0.037037037037037035
leavenworth 0.037037037037037035
b 0.037037037037037035
jb 0.037037037037037035
17 0.037037037037037035
1978 0.037037037037037035
12 0.037037037037037035
36 0.037037037037037035
am 0.037037037037037035
372 0.037037037037037035
5 0.037037037037037035
