tchebycheff 0.25920443737680715
gianni 0.25920443737680715
ca610306 0.25920443737680715
march 0.05714285714285714
algorithm 0.02857142857142857
36 0.02857142857142857
cacm 0.02857142857142857
1961 0.02857142857142857
a 0.02857142857142857
j 0.02857142857142857
jb 0.02857142857142857
17 0.02857142857142857
1978 0.02857142857142857
12 0.02857142857142857
40 0.02857142857142857
am 0.02857142857142857
1754 0.02857142857142857
5 0.02857142857142857
376 0.02857142857142857
274 0.02857142857142857
6 0.02857142857142857
