ca610304 0.03844133605164513
march 0.00847457627118644
a 0.00423728813559322
generalized 0.00423728813559322
technique 0.00423728813559322
for 0.00423728813559322
symbol 0.00423728813559322
manipulation 0.00423728813559322
and 0.00423728813559322
numerical 0.00423728813559322
calculation 0.00423728813559322
cacm 0.00423728813559322
1961 0.00423728813559322
ross 0.00423728813559322
d 0.00423728813559322
t 0.00423728813559322
jb 0.00423728813559322
17 0.00423728813559322
1978 0.00423728813559322
12 0.00423728813559322
42 0.00423728813559322
am 0.00423728813559322
1024 0.00423728813559322
4 0.00423728813559322
378 0.00423728813559322
1050 0.00423728813559322
1051 0.00423728813559322
1102 0.00423728813559322
1132 0.00423728813559322
1390 0.00423728813559322
1486 0.00423728813559322
1549 0.00423728813559322
1706 0.00423728813559322
1826 0.00423728813559322
1878 0.00423728813559322
2060 0.00423728813559322
2155 0.00423728813559322
2168 0.00423728813559322
2719 0.00423728813559322
2723 0.00423728813559322
2838 0.00423728813559322
2842 0.00423728813559322
2855 0.00423728813559322
2879 0.00423728813559322
3008 0.00423728813559322
3077 0.00423728813559322
3080 0.00423728813559322
3106 0.00423728813559322
627 0.00423728813559322
731 0.00423728813559322
798 0.00423728813559322
106 0.00423728813559322
5 0.00423728813559322
208 0.00423728813559322
209 0.00423728813559322
210 0.00423728813559322
1552 0.00423728813559322
1665 0.00423728813559322
1860 0.00423728813559322
1184 0.00423728813559322
6 0.00423728813559322
1366 0.00423728813559322
1389 0.00423728813559322
1421 0.00423728813559322
1496 0.00423728813559322
1626 0.00423728813559322
1641 0.00423728813559322
1781 0.00423728813559322
1785 0.00423728813559322
1786 0.00423728813559322
2046 0.00423728813559322
406 0.00423728813559322
3184 0.00423728813559322
631 0.00423728813559322
793 0.00423728813559322
794 0.00423728813559322
799 0.00423728813559322
