bratman 0.03844133605164513
ca610301 0.03844133605164513
uncol 0.03550427172723857
march 0.00847457627118644
an 0.00423728813559322
alternate 0.00423728813559322
form 0.00423728813559322
of 0.00423728813559322
the 0.00423728813559322
diagram 0.00423728813559322
cacm 0.00423728813559322
1961 0.00423728813559322
h 0.00423728813559322
jb 0.00423728813559322
17 0.00423728813559322
1978 0.00423728813559322
12 0.00423728813559322
46 0.00423728813559322
am 0.00423728813559322
1159 0.00423728813559322
4 0.00423728813559322
381 0.00423728813559322
1988 0.00423728813559322
1781 0.00423728813559322
5 0.00423728813559322
14 0.00423728813559322
123 0.00423728813559322
6 0.00423728813559322
196 0.00423728813559322
919 0.00423728813559322
990 0.00423728813559322
1007 0.00423728813559322
1046 0.00423728813559322
1131 0.00423728813559322
1139 0.00423728813559322
1140 0.00423728813559322
1149 0.00423728813559322
1198 0.00423728813559322
1215 0.00423728813559322
1223 0.00423728813559322
1265 0.00423728813559322
1303 0.00423728813559322
1323 0.00423728813559322
1358 0.00423728813559322
1366 0.00423728813559322
1421 0.00423728813559322
1460 0.00423728813559322
1462 0.00423728813559322
1463 0.00423728813559322
1467 0.00423728813559322
1468 0.00423728813559322
1477 0.00423728813559322
1491 0.00423728813559322
1496 0.00423728813559322
1531 0.00423728813559322
1535 0.00423728813559322
1565 0.00423728813559322
1601 0.00423728813559322
1602 0.00423728813559322
1613 0.00423728813559322
1614 0.00423728813559322
1626 0.00423728813559322
1641 0.00423728813559322
1787 0.00423728813559322
1788 0.00423728813559322
205 0.00423728813559322
224 0.00423728813559322
249 0.00423728813559322
288 0.00423728813559322
316 0.00423728813559322
398 0.00423728813559322
11 0.00423728813559322
404 0.00423728813559322
410 0.00423728813559322
463 0.00423728813559322
464 0.00423728813559322
483 0.00423728813559322
3184 0.00423728813559322
3188 0.00423728813559322
584 0.00423728813559322
600 0.00423728813559322
680 0.00423728813559322
691 0.00423728813559322
763 0.00423728813559322
799 0.00423728813559322
