ca610214 0.33600575215512035
lipp 0.3103336343566038
gamma 0.037037037037037035
function 0.037037037037037035
algorithm 0.037037037037037035
34 0.037037037037037035
cacm 0.037037037037037035
february 0.037037037037037035
1961 0.037037037037037035
m 0.037037037037037035
f 0.037037037037037035
jb 0.037037037037037035
march 0.037037037037037035
17 0.037037037037037035
1978 0.037037037037037035
12 0.037037037037037035
49 0.037037037037037035
am 0.037037037037037035
384 0.037037037037037035
5 0.037037037037037035
