ca610213 0.17117274166392923
factorial 0.018867924528301886
algorithm 0.018867924528301886
33 0.018867924528301886
cacm 0.018867924528301886
february 0.018867924528301886
1961 0.018867924528301886
lipp 0.018867924528301886
m 0.018867924528301886
f 0.018867924528301886
jb 0.018867924528301886
march 0.018867924528301886
17 0.018867924528301886
1978 0.018867924528301886
12 0.018867924528301886
50 0.018867924528301886
am 0.018867924528301886
1234 0.018867924528301886
5 0.018867924528301886
385 0.018867924528301886
944 0.018867924528301886
6 0.018867924528301886
321 0.018867924528301886
400 0.018867924528301886
402 0.018867924528301886
404 0.018867924528301886
3184 0.018867924528301886
729 0.018867924528301886
