ca610212 0.2749137972178258
multint 0.030303030303030304
algorithm 0.030303030303030304
32 0.030303030303030304
cacm 0.030303030303030304
february 0.030303030303030304
1961 0.030303030303030304
freeman 0.030303030303030304
jr 0.030303030303030304
r 0.030303030303030304
d 0.030303030303030304
jb 0.030303030303030304
march 0.030303030303030304
17 0.030303030303030304
1978 0.030303030303030304
12 0.030303030303030304
52 0.030303030303030304
am 0.030303030303030304
1146 0.030303030303030304
5 0.030303030303030304
386 0.030303030303030304
6 0.030303030303030304
