ca610211 0.2326193668766218
gamma 0.02564102564102564
function 0.02564102564102564
algorithm 0.02564102564102564
31 0.02564102564102564
cacm 0.02564102564102564
february 0.02564102564102564
1961 0.02564102564102564
collinge 0.02564102564102564
r 0.02564102564102564
m 0.02564102564102564
jb 0.02564102564102564
march 0.02564102564102564
17 0.02564102564102564
1978 0.02564102564102564
12 0.02564102564102564
53 0.02564102564102564
am 0.02564102564102564
254 0.02564102564102564
5 0.02564102564102564
387 0.02564102564102564
196 0.02564102564102564
6 0.02564102564102564
321 0.02564102564102564
