peavy 0.33600575215512035
ca610209 0.33600575215512035
real 0.037037037037037035
exponential 0.037037037037037035
integral 0.037037037037037035
algorithm 0.037037037037037035
20 0.037037037037037035
cacm 0.037037037037037035
february 0.037037037037037035
1961 0.037037037037037035
s 0.037037037037037035
jb 0.037037037037037035
march 0.037037037037037035
17 0.037037037037037035
1978 0.037037037037037035
12 0.037037037037037035
55 0.037037037037037035
am 0.037037037037037035
389 0.037037037037037035
5 0.037037037037037035
