ca610115 0.09651229051264096
wattenburg 0.08482492573957597
h 0.02127659574468085
compiling 0.010638297872340425
techniques 0.010638297872340425
for 0.010638297872340425
boolean 0.010638297872340425
expressions 0.010638297872340425
and 0.010638297872340425
conditional 0.010638297872340425
statements 0.010638297872340425
in 0.010638297872340425
algol 0.010638297872340425
60 0.010638297872340425
cacm 0.010638297872340425
january 0.010638297872340425
1961 0.010638297872340425
huskey 0.010638297872340425
d 0.010638297872340425
w 0.010638297872340425
jb 0.010638297872340425
march 0.010638297872340425
17 0.010638297872340425
1978 0.010638297872340425
1 0.010638297872340425
12 0.010638297872340425
am 0.010638297872340425
1139 0.010638297872340425
5 0.010638297872340425
399 0.010638297872340425
1947 0.010638297872340425
556 0.010638297872340425
799 0.010638297872340425
945 0.010638297872340425
6 0.010638297872340425
1134 0.010638297872340425
1223 0.010638297872340425
1248 0.010638297872340425
224 0.010638297872340425
82 0.010638297872340425
404 0.010638297872340425
438 0.010638297872340425
464 0.010638297872340425
631 0.010638297872340425
