ca610114 0.11483740896440824
comments 0.012658227848101266
on 0.012658227848101266
the 0.012658227848101266
implementation 0.012658227848101266
of 0.012658227848101266
recursive 0.012658227848101266
procedures 0.012658227848101266
and 0.012658227848101266
blocks 0.012658227848101266
in 0.012658227848101266
algol 0.012658227848101266
60 0.012658227848101266
cacm 0.012658227848101266
january 0.012658227848101266
1961 0.012658227848101266
irons 0.012658227848101266
e 0.012658227848101266
t 0.012658227848101266
feurzeig 0.012658227848101266
w 0.012658227848101266
jb 0.012658227848101266
march 0.012658227848101266
17 0.012658227848101266
1978 0.012658227848101266
1 0.012658227848101266
13 0.012658227848101266
am 0.012658227848101266
1234 0.012658227848101266
5 0.012658227848101266
400 0.012658227848101266
321 0.012658227848101266
196 0.012658227848101266
6 0.012658227848101266
944 0.012658227848101266
385 0.012658227848101266
401 0.012658227848101266
402 0.012658227848101266
404 0.012658227848101266
3184 0.012658227848101266
729 0.012658227848101266
