ca610113 0.20160345129307225
allocation 0.022222222222222223
of 0.022222222222222223
storage 0.022222222222222223
for 0.022222222222222223
arrays 0.022222222222222223
in 0.022222222222222223
algol 0.022222222222222223
60 0.022222222222222223
cacm 0.022222222222222223
january 0.022222222222222223
1961 0.022222222222222223
sattley 0.022222222222222223
k 0.022222222222222223
jb 0.022222222222222223
march 0.022222222222222223
17 0.022222222222222223
1978 0.022222222222222223
1 0.022222222222222223
14 0.022222222222222223
am 0.022222222222222223
321 0.022222222222222223
5 0.022222222222222223
401 0.022222222222222223
196 0.022222222222222223
6 0.022222222222222223
400 0.022222222222222223
402 0.022222222222222223
