ca610112 0.13540530310728732
dynamic 0.014925373134328358
declarations 0.014925373134328358
cacm 0.014925373134328358
january 0.014925373134328358
1961 0.014925373134328358
ingerman 0.014925373134328358
p 0.014925373134328358
z 0.014925373134328358
jb 0.014925373134328358
march 0.014925373134328358
17 0.014925373134328358
1978 0.014925373134328358
1 0.014925373134328358
14 0.014925373134328358
am 0.014925373134328358
1234 0.014925373134328358
5 0.014925373134328358
402 0.014925373134328358
321 0.014925373134328358
196 0.014925373134328358
6 0.014925373134328358
944 0.014925373134328358
385 0.014925373134328358
400 0.014925373134328358
401 0.014925373134328358
404 0.014925373134328358
3184 0.014925373134328358
729 0.014925373134328358
