ca610110 0.01963669980127327
a 0.0021645021645021645
syntax 0.0021645021645021645
directed 0.0021645021645021645
compiler 0.0021645021645021645
for 0.0021645021645021645
algol 0.0021645021645021645
60 0.0021645021645021645
cacm 0.0021645021645021645
january 0.0021645021645021645
1961 0.0021645021645021645
irons 0.0021645021645021645
e 0.0021645021645021645
t 0.0021645021645021645
jb 0.0021645021645021645
march 0.0021645021645021645
17 0.0021645021645021645
1978 0.0021645021645021645
1 0.0021645021645021645
16 0.0021645021645021645
am 0.0021645021645021645
945 0.0021645021645021645
5 0.0021645021645021645
404 0.0021645021645021645
1046 0.0021645021645021645
1105 0.0021645021645021645
1139 0.0021645021645021645
1140 0.0021645021645021645
1234 0.0021645021645021645
1263 0.0021645021645021645
1265 0.0021645021645021645
1496 0.0021645021645021645
1781 0.0021645021645021645
1824 0.0021645021645021645
2126 0.0021645021645021645
2546 0.0021645021645021645
464 0.0021645021645021645
584 0.0021645021645021645
631 0.0021645021645021645
653 0.0021645021645021645
680 0.0021645021645021645
763 0.0021645021645021645
795 0.0021645021645021645
799 0.0021645021645021645
823 0.0021645021645021645
6 0.0021645021645021645
123 0.0021645021645021645
196 0.0021645021645021645
919 0.0021645021645021645
931 0.0021645021645021645
944 0.0021645021645021645
989 0.0021645021645021645
990 0.0021645021645021645
1007 0.0021645021645021645
1131 0.0021645021645021645
1137 0.0021645021645021645
1141 0.0021645021645021645
1149 0.0021645021645021645
1198 0.0021645021645021645
1215 0.0021645021645021645
1223 0.0021645021645021645
1303 0.0021645021645021645
1323 0.0021645021645021645
1358 0.0021645021645021645
1366 0.0021645021645021645
1421 0.0021645021645021645
1460 0.0021645021645021645
1462 0.0021645021645021645
1463 0.0021645021645021645
1467 0.0021645021645021645
1468 0.0021645021645021645
1477 0.0021645021645021645
1491 0.0021645021645021645
1531 0.0021645021645021645
1535 0.0021645021645021645
1565 0.0021645021645021645
1601 0.0021645021645021645
1602 0.0021645021645021645
1613 0.0021645021645021645
1614 0.0021645021645021645
1626 0.0021645021645021645
1641 0.0021645021645021645
1693 0.0021645021645021645
1787 0.0021645021645021645
1788 0.0021645021645021645
205 0.0021645021645021645
224 0.0021645021645021645
249 0.0021645021645021645
265 0.0021645021645021645
288 0.0021645021645021645
316 0.0021645021645021645
321 0.0021645021645021645
381 0.0021645021645021645
385 0.0021645021645021645
398 0.0021645021645021645
399 0.0021645021645021645
11 0.0021645021645021645
82 0.0021645021645021645
400 0.0021645021645021645
402 0.0021645021645021645
410 0.0021645021645021645
412 0.0021645021645021645
438 0.0021645021645021645
463 0.0021645021645021645
483 0.0021645021645021645
3184 0.0021645021645021645
3188 0.0021645021645021645
600 0.0021645021645021645
635 0.0021645021645021645
691 0.0021645021645021645
729 0.0021645021645021645
