ca610109 0.054651538001134044
coding 0.012048192771084338
operations 0.012048192771084338
and 0.012048192771084338
subexpressions 0.012048192771084338
an 0.006024096385542169
algorithm 0.006024096385542169
for 0.006024096385542169
efficient 0.006024096385542169
arithmetic 0.006024096385542169
most 0.006024096385542169
existing 0.006024096385542169
formula 0.006024096385542169
translation 0.006024096385542169
schemes 0.006024096385542169
yield 0.006024096385542169
inefficient 0.006024096385542169
a 0.006024096385542169
method 0.006024096385542169
is 0.006024096385542169
described 0.006024096385542169
which 0.006024096385542169
reduces 0.006024096385542169
the 0.006024096385542169
number 0.006024096385542169
of 0.006024096385542169
store 0.006024096385542169
fetch 0.006024096385542169
evaluates 0.006024096385542169
constant 0.006024096385542169
during 0.006024096385542169
compilation 0.006024096385542169
recognizes 0.006024096385542169
many 0.006024096385542169
equivalent 0.006024096385542169
cacm 0.006024096385542169
january 0.006024096385542169
1961 0.006024096385542169
floyd 0.006024096385542169
r 0.006024096385542169
w 0.006024096385542169
jb 0.006024096385542169
march 0.006024096385542169
17 0.006024096385542169
1978 0.006024096385542169
1 0.006024096385542169
19 0.006024096385542169
am 0.006024096385542169
267 0.006024096385542169
4 0.006024096385542169
405 0.006024096385542169
1134 0.006024096385542169
1139 0.006024096385542169
1141 0.006024096385542169
1215 0.006024096385542169
1223 0.006024096385542169
1647 0.006024096385542169
1781 0.006024096385542169
1787 0.006024096385542169
1792 0.006024096385542169
364 0.006024096385542169
438 0.006024096385542169
561 0.006024096385542169
44 0.006024096385542169
54 0.006024096385542169
763 0.006024096385542169
5 0.006024096385542169
224 0.006024096385542169
1388 0.006024096385542169
436 0.006024096385542169
55 0.006024096385542169
77 0.006024096385542169
93 0.006024096385542169
6 0.006024096385542169
731 0.006024096385542169
