machine-like 0.08558637083196462
zoeren 0.08558637083196462
ca610108 0.08558637083196462
a 0.02830188679245283
the 0.009433962264150943
use 0.009433962264150943
of 0.009433962264150943
threaded 0.009433962264150943
lists 0.009433962264150943
in 0.009433962264150943
constructing 0.009433962264150943
combined 0.009433962264150943
algol 0.009433962264150943
and 0.009433962264150943
assembly 0.009433962264150943
processor 0.009433962264150943
cacm 0.009433962264150943
january 0.009433962264150943
1961 0.009433962264150943
evans 0.009433962264150943
jr 0.009433962264150943
perlis 0.009433962264150943
j 0.009433962264150943
van 0.009433962264150943
h 0.009433962264150943
jb 0.009433962264150943
march 0.009433962264150943
17 0.009433962264150943
1978 0.009433962264150943
1 0.009433962264150943
20 0.009433962264150943
am 0.009433962264150943
1051 0.009433962264150943
5 0.009433962264150943
406 0.009433962264150943
1102 0.009433962264150943
1549 0.009433962264150943
106 0.009433962264150943
6 0.009433962264150943
196 0.009433962264150943
209 0.009433962264150943
210 0.009433962264150943
378 0.009433962264150943
483 0.009433962264150943
627 0.009433962264150943
731 0.009433962264150943
753 0.009433962264150943
793 0.009433962264150943
794 0.009433962264150943
