ca610107 0.060481035387921676
madcap 0.05586005418418869
a 0.013333333333333334
scientific 0.006666666666666667
compiler 0.006666666666666667
for 0.006666666666666667
displayed 0.006666666666666667
formula 0.006666666666666667
textbook 0.006666666666666667
language 0.006666666666666667
cacm 0.006666666666666667
january 0.006666666666666667
1961 0.006666666666666667
wells 0.006666666666666667
m 0.006666666666666667
b 0.006666666666666667
jb 0.006666666666666667
march 0.006666666666666667
17 0.006666666666666667
1978 0.006666666666666667
1 0.006666666666666667
21 0.006666666666666667
am 0.006666666666666667
1083 0.006666666666666667
5 0.006666666666666667
407 0.006666666666666667
1396 0.006666666666666667
679 0.006666666666666667
964 0.006666666666666667
6 0.006666666666666667
1028 0.006666666666666667
1029 0.006666666666666667
1132 0.006666666666666667
1214 0.006666666666666667
1278 0.006666666666666667
1334 0.006666666666666667
1365 0.006666666666666667
1386 0.006666666666666667
1387 0.006666666666666667
1388 0.006666666666666667
1392 0.006666666666666667
1393 0.006666666666666667
1394 0.006666666666666667
1395 0.006666666666666667
1397 0.006666666666666667
1496 0.006666666666666667
284 0.006666666666666667
3184 0.006666666666666667
3192 0.006666666666666667
3193 0.006666666666666667
3199 0.006666666666666667
3200 0.006666666666666667
3201 0.006666666666666667
3202 0.006666666666666667
3203 0.006666666666666667
3204 0.006666666666666667
561 0.006666666666666667
730 0.006666666666666667
