ca610106 0.1314805117128732
the 0.028985507246376812
b 0.028985507246376812
internal 0.014492753623188406
organization 0.014492753623188406
of 0.014492753623188406
mad 0.014492753623188406
translator 0.014492753623188406
cacm 0.014492753623188406
january 0.014492753623188406
1961 0.014492753623188406
arden 0.014492753623188406
w 0.014492753623188406
galler 0.014492753623188406
a 0.014492753623188406
graham 0.014492753623188406
r 0.014492753623188406
m 0.014492753623188406
jb 0.014492753623188406
march 0.014492753623188406
17 0.014492753623188406
1978 0.014492753623188406
1 0.014492753623188406
22 0.014492753623188406
am 0.014492753623188406
1134 0.014492753623188406
5 0.014492753623188406
408 0.014492753623188406
1179 0.014492753623188406
1861 0.014492753623188406
830 0.014492753623188406
6 0.014492753623188406
1614 0.014492753623188406
1781 0.014492753623188406
77 0.014492753623188406
