englund 0.04142536670405594
ca610104 0.04142536670405594
the 0.0045662100456621
clip 0.0045662100456621
translator 0.0045662100456621
cacm 0.0045662100456621
january 0.0045662100456621
1961 0.0045662100456621
d 0.0045662100456621
clark 0.0045662100456621
e 0.0045662100456621
jb 0.0045662100456621
march 0.0045662100456621
17 0.0045662100456621
1978 0.0045662100456621
1 0.0045662100456621
27 0.0045662100456621
am 0.0045662100456621
1781 0.0045662100456621
5 0.0045662100456621
410 0.0045662100456621
669 0.0045662100456621
6 0.0045662100456621
123 0.0045662100456621
196 0.0045662100456621
919 0.0045662100456621
990 0.0045662100456621
1007 0.0045662100456621
1046 0.0045662100456621
1131 0.0045662100456621
1139 0.0045662100456621
1140 0.0045662100456621
1149 0.0045662100456621
1198 0.0045662100456621
1215 0.0045662100456621
1223 0.0045662100456621
1265 0.0045662100456621
1303 0.0045662100456621
1323 0.0045662100456621
1358 0.0045662100456621
1366 0.0045662100456621
1421 0.0045662100456621
1460 0.0045662100456621
1462 0.0045662100456621
1463 0.0045662100456621
1467 0.0045662100456621
1468 0.0045662100456621
1477 0.0045662100456621
1491 0.0045662100456621
1496 0.0045662100456621
1531 0.0045662100456621
1535 0.0045662100456621
1565 0.0045662100456621
1601 0.0045662100456621
1602 0.0045662100456621
1613 0.0045662100456621
1614 0.0045662100456621
1626 0.0045662100456621
1641 0.0045662100456621
1787 0.0045662100456621
1788 0.0045662100456621
205 0.0045662100456621
224 0.0045662100456621
249 0.0045662100456621
288 0.0045662100456621
316 0.0045662100456621
381 0.0045662100456621
398 0.0045662100456621
11 0.0045662100456621
404 0.0045662100456621
463 0.0045662100456621
464 0.0045662100456621
483 0.0045662100456621
3184 0.0045662100456621
3188 0.0045662100456621
584 0.0045662100456621
600 0.0045662100456621
680 0.0045662100456621
691 0.0045662100456621
763 0.0045662100456621
799 0.0045662100456621
