ca610102 0.19722076756930979
a 0.043478260869565216
recursive 0.021739130434782608
processes 0.021739130434782608
and 0.021739130434782608
algol 0.021739130434782608
translation 0.021739130434782608
cacm 0.021739130434782608
january 0.021739130434782608
1961 0.021739130434782608
gray 0.021739130434782608
jb 0.021739130434782608
march 0.021739130434782608
17 0.021739130434782608
1978 0.021739130434782608
1 0.021739130434782608
29 0.021739130434782608
am 0.021739130434782608
412 0.021739130434782608
5 0.021739130434782608
763 0.021739130434782608
196 0.021739130434782608
6 0.021739130434782608
224 0.021739130434782608
404 0.021739130434782608
631 0.021739130434782608
