germany 0.19722076756930979
schuff 0.19722076756930979
ca621224 0.19722076756930979
the 0.021739130434782608
use 0.021739130434782608
of 0.021739130434782608
digital 0.021739130434782608
computers 0.021739130434782608
in 0.021739130434782608
western 0.021739130434782608
cacm 0.021739130434782608
december 0.021739130434782608
1962 0.021739130434782608
h 0.021739130434782608
k 0.021739130434782608
jb 0.021739130434782608
march 0.021739130434782608
17 0.021739130434782608
1978 0.021739130434782608
4 0.021739130434782608
32 0.021739130434782608
pm 0.021739130434782608
1349 0.021739130434782608
5 0.021739130434782608
415 0.021739130434782608
236 0.021739130434782608
6 0.021739130434782608
323 0.021739130434782608
83 0.021739130434782608
