ca621216 0.33600575215512035
matrix 0.037037037037037035
inversion 0.037037037037037035
algorithm 0.037037037037037035
58 0.037037037037037035
cacm 0.037037037037037035
december 0.037037037037037035
1962 0.037037037037037035
behrenz 0.037037037037037035
p 0.037037037037037035
g 0.037037037037037035
jb 0.037037037037037035
march 0.037037037037037035
17 0.037037037037037035
1978 0.037037037037037035
4 0.037037037037037035
57 0.037037037037037035
pm 0.037037037037037035
423 0.037037037037037035
5 0.037037037037037035
