nimerical 0.0708762133452207
ca621210 0.0708762133452207
adaptive 0.0078125
integration 0.0078125
by 0.0078125
simpson 0.0078125
s 0.0078125
rule 0.0078125
algorithm 0.0078125
145 0.0078125
cacm 0.0078125
december 0.0078125
1962 0.0078125
mckeeman 0.0078125
w 0.0078125
m 0.0078125
jb 0.0078125
march 0.0078125
17 0.0078125
1978 0.0078125
5 0.0078125
06 0.0078125
pm 0.0078125
1352 0.0078125
429 0.0078125
2048 0.0078125
2074 0.0078125
2093 0.0078125
2550 0.0078125
834 0.0078125
6 0.0078125
872 0.0078125
1040 0.0078125
1092 0.0078125
1241 0.0078125
1273 0.0078125
1298 0.0078125
1573 0.0078125
324 0.0078125
570 0.0078125
621 0.0078125
786 0.0078125
