ca591105 0.23874092916284867
a 0.02631578947368421
technique 0.02631578947368421
for 0.02631578947368421
handling 0.02631578947368421
macro 0.02631578947368421
instructions 0.02631578947368421
cacm 0.02631578947368421
november 0.02631578947368421
1959 0.02631578947368421
greenwald 0.02631578947368421
i 0.02631578947368421
d 0.02631578947368421
jb 0.02631578947368421
march 0.02631578947368421
22 0.02631578947368421
1978 0.02631578947368421
3 0.02631578947368421
51 0.02631578947368421
pm 0.02631578947368421
205 0.02631578947368421
5 0.02631578947368421
43 0.02631578947368421
1 0.02631578947368421
6 0.02631578947368421
