ca621203 0.16494827833069545
evaluation 0.01818181818181818
of 0.01818181818181818
polynomials 0.01818181818181818
by 0.01818181818181818
computer 0.01818181818181818
cacm 0.01818181818181818
december 0.01818181818181818
1962 0.01818181818181818
knuth 0.01818181818181818
d 0.01818181818181818
e 0.01818181818181818
jb 0.01818181818181818
march 0.01818181818181818
17 0.01818181818181818
1978 0.01818181818181818
5 0.01818181818181818
16 0.01818181818181818
pm 0.01818181818181818
1223 0.01818181818181818
4 0.01818181818181818
436 0.01818181818181818
1388 0.01818181818181818
1620 0.01818181818181818
405 0.01818181818181818
819 0.01818181818181818
6 0.01818181818181818
