ca621202 0.051546336978342336
a 0.011363636363636364
compiling 0.005681818181818182
matrix 0.005681818181818182
operations 0.005681818181818182
cacm 0.005681818181818182
december 0.005681818181818182
1962 0.005681818181818182
galler 0.005681818181818182
b 0.005681818181818182
perlis 0.005681818181818182
j 0.005681818181818182
jb 0.005681818181818182
march 0.005681818181818182
17 0.005681818181818182
1978 0.005681818181818182
5 0.005681818181818182
pm 0.005681818181818182
249 0.005681818181818182
4 0.005681818181818182
437 0.005681818181818182
254 0.005681818181818182
272 0.005681818181818182
1102 0.005681818181818182
1109 0.005681818181818182
1140 0.005681818181818182
1188 0.005681818181818182
1306 0.005681818181818182
1464 0.005681818181818182
1491 0.005681818181818182
1767 0.005681818181818182
1781 0.005681818181818182
1787 0.005681818181818182
1949 0.005681818181818182
321 0.005681818181818182
2059 0.005681818181818182
2126 0.005681818181818182
435 0.005681818181818182
463 0.005681818181818182
483 0.005681818181818182
491 0.005681818181818182
2732 0.005681818181818182
560 0.005681818181818182
583 0.005681818181818182
3073 0.005681818181818182
627 0.005681818181818182
631 0.005681818181818182
632 0.005681818181818182
642 0.005681818181818182
644 0.005681818181818182
653 0.005681818181818182
680 0.005681818181818182
761 0.005681818181818182
762 0.005681818181818182
763 0.005681818181818182
123 0.005681818181818182
140 0.005681818181818182
919 0.005681818181818182
989 0.005681818181818182
196 0.005681818181818182
1614 0.005681818181818182
2253 0.005681818181818182
2557 0.005681818181818182
2081 0.005681818181818182
6 0.005681818181818182
3184 0.005681818181818182
