time-motion 0.05815484171915545
miniature 0.05815484171915545
ca621201 0.05815484171915545
mechanical 0.01282051282051282
a 0.01282051282051282
pragmatics 0.00641025641025641
study 0.00641025641025641
of 0.00641025641025641
linguistic 0.00641025641025641
system 0.00641025641025641
cacm 0.00641025641025641
december 0.00641025641025641
1962 0.00641025641025641
gorn 0.00641025641025641
s 0.00641025641025641
jb 0.00641025641025641
march 0.00641025641025641
17 0.00641025641025641
1978 0.00641025641025641
5 0.00641025641025641
19 0.00641025641025641
pm 0.00641025641025641
249 0.00641025641025641
4 0.00641025641025641
438 0.00641025641025641
267 0.00641025641025641
1134 0.00641025641025641
1139 0.00641025641025641
1141 0.00641025641025641
1215 0.00641025641025641
1223 0.00641025641025641
1425 0.00641025641025641
1647 0.00641025641025641
1781 0.00641025641025641
1787 0.00641025641025641
1792 0.00641025641025641
364 0.00641025641025641
405 0.00641025641025641
561 0.00641025641025641
44 0.00641025641025641
3185 0.00641025641025641
762 0.00641025641025641
763 0.00641025641025641
224 0.00641025641025641
303 0.00641025641025641
77 0.00641025641025641
6 0.00641025641025641
399 0.00641025641025641
404 0.00641025641025641
464 0.00641025641025641
631 0.00641025641025641
