ca621113 0.33600575215512035
path 0.037037037037037035
matrix 0.037037037037037035
algorithm 0.037037037037037035
141 0.037037037037037035
cacm 0.037037037037037035
november 0.037037037037037035
1962 0.037037037037037035
ingerman 0.037037037037037035
p 0.037037037037037035
z 0.037037037037037035
jb 0.037037037037037035
march 0.037037037037037035
17 0.037037037037037035
1978 0.037037037037037035
6 0.037037037037037035
06 0.037037037037037035
pm 0.037037037037037035
448 0.037037037037037035
5 0.037037037037037035
