outlining-a 0.23874092916284867
gant 0.23874092916284867
ca591103 0.23874092916284867
flow 0.05263157894736842
substitute 0.02631578947368421
for 0.02631578947368421
charting 0.02631578947368421
cacm 0.02631578947368421
november 0.02631578947368421
1959 0.02631578947368421
w 0.02631578947368421
t 0.02631578947368421
jb 0.02631578947368421
march 0.02631578947368421
22 0.02631578947368421
1978 0.02631578947368421
3 0.02631578947368421
53 0.02631578947368421
pm 0.02631578947368421
45 0.02631578947368421
5 0.02631578947368421
728 0.02631578947368421
920 0.02631578947368421
6 0.02631578947368421
