ca621107 0.1440024652093373
crout 0.015873015873015872
with 0.015873015873015872
equilibration 0.015873015873015872
and 0.015873015873015872
iteration 0.015873015873015872
algorithm 0.015873015873015872
135 0.015873015873015872
cacm 0.015873015873015872
november 0.015873015873015872
1962 0.015873015873015872
mckeeman 0.015873015873015872
w 0.015873015873015872
m 0.015873015873015872
jb 0.015873015873015872
march 0.015873015873015872
17 0.015873015873015872
1978 0.015873015873015872
6 0.015873015873015872
51 0.015873015873015872
pm 0.015873015873015872
1319 0.015873015873015872
4 0.015873015873015872
454 0.015873015873015872
140 0.015873015873015872
152 0.015873015873015872
5 0.015873015873015872
1177 0.015873015873015872
586 0.015873015873015872
806 0.015873015873015872
932 0.015873015873015872
