ca621102 0.33600575215512035
permute 0.037037037037037035
algorithm 0.037037037037037035
130 0.037037037037037035
cacm 0.037037037037037035
november 0.037037037037037035
1962 0.037037037037037035
eaves 0.037037037037037035
lt 0.037037037037037035
b 0.037037037037037035
c 0.037037037037037035
jb 0.037037037037037035
march 0.037037037037037035
17 0.037037037037037035
1978 0.037037037037037035
6 0.037037037037037035
57 0.037037037037037035
pm 0.037037037037037035
459 0.037037037037037035
5 0.037037037037037035
