ca621017 0.026604561021079914
on 0.002932551319648094
ambiguity 0.002932551319648094
in 0.002932551319648094
phrase 0.002932551319648094
structure 0.002932551319648094
languages 0.002932551319648094
cacm 0.002932551319648094
october 0.002932551319648094
1962 0.002932551319648094
floyd 0.002932551319648094
r 0.002932551319648094
w 0.002932551319648094
jb 0.002932551319648094
march 0.002932551319648094
17 0.002932551319648094
1978 0.002932551319648094
7 0.002932551319648094
05 0.002932551319648094
pm 0.002932551319648094
249 0.002932551319648094
4 0.002932551319648094
463 0.002932551319648094
254 0.002932551319648094
272 0.002932551319648094
1102 0.002932551319648094
1109 0.002932551319648094
1140 0.002932551319648094
1188 0.002932551319648094
1306 0.002932551319648094
1464 0.002932551319648094
1491 0.002932551319648094
1767 0.002932551319648094
1781 0.002932551319648094
1787 0.002932551319648094
1949 0.002932551319648094
321 0.002932551319648094
2059 0.002932551319648094
2126 0.002932551319648094
435 0.002932551319648094
437 0.002932551319648094
483 0.002932551319648094
491 0.002932551319648094
2732 0.002932551319648094
560 0.002932551319648094
583 0.002932551319648094
3073 0.002932551319648094
627 0.002932551319648094
631 0.002932551319648094
632 0.002932551319648094
642 0.002932551319648094
644 0.002932551319648094
653 0.002932551319648094
680 0.002932551319648094
761 0.002932551319648094
762 0.002932551319648094
763 0.002932551319648094
123 0.002932551319648094
140 0.002932551319648094
919 0.002932551319648094
989 0.002932551319648094
196 0.002932551319648094
5 0.002932551319648094
6 0.002932551319648094
990 0.002932551319648094
1007 0.002932551319648094
1046 0.002932551319648094
1131 0.002932551319648094
1139 0.002932551319648094
1149 0.002932551319648094
1198 0.002932551319648094
1215 0.002932551319648094
1223 0.002932551319648094
1265 0.002932551319648094
1303 0.002932551319648094
1323 0.002932551319648094
1358 0.002932551319648094
1366 0.002932551319648094
1421 0.002932551319648094
1460 0.002932551319648094
1462 0.002932551319648094
1463 0.002932551319648094
1467 0.002932551319648094
1468 0.002932551319648094
1477 0.002932551319648094
1496 0.002932551319648094
1531 0.002932551319648094
1535 0.002932551319648094
1565 0.002932551319648094
1601 0.002932551319648094
1602 0.002932551319648094
1613 0.002932551319648094
1614 0.002932551319648094
1626 0.002932551319648094
1641 0.002932551319648094
1788 0.002932551319648094
205 0.002932551319648094
224 0.002932551319648094
288 0.002932551319648094
316 0.002932551319648094
381 0.002932551319648094
398 0.002932551319648094
11 0.002932551319648094
404 0.002932551319648094
410 0.002932551319648094
464 0.002932551319648094
3184 0.002932551319648094
3188 0.002932551319648094
584 0.002932551319648094
600 0.002932551319648094
691 0.002932551319648094
799 0.002932551319648094
