the 0.028
of 0.022
unpublished 0.018144310616376502
ca621016 0.018144310616376502
futrelle 0.016758016255256608
a 0.014
to 0.012
and 0.012
that 0.01
in 0.01
subroutine 0.008
syntactic 0.006
analysis 0.006
language 0.006
is 0.006
syntax 0.006
computer 0.004
this 0.004
account 0.004
shadow 0.004
used 0.004
consists 0.004
string 0.004
be 0.004
some 0.004
been 0.004
p 0.004
by 0.002
digital 0.002
paper 0.002
provides 0.002
an 0.002
describe 0.002
corresponding 0.002
enables 0.002
perform 0.002
input 0.002
analyzed 0.002
description 0.002
expressed 0.002
output 0.002
trace 0.002
table 0.002
expresses 0.002
results 0.002
tabular 0.002
form 0.002
several 0.002
versions 0.002
associated 0.002
programs 0.002
have 0.002
use 0.002
now 0.002
for 0.002
over 0.002
three 0.002
years 0.002
present 0.002
contains 0.002
summary 0.002
material 0.002
has 0.002
described 0.002
previously 0.002
reports 0.002
also 0.002
additional 0.002
discussion 0.002
work 0.002
relation 0.002
more 0.002
general 0.002
questions 0.002
problem-oriented 0.002
languages 0.002
transformations 0.002
cacm 0.002
october 0.002
1962 0.002
barnett 0.002
m 0.002
r 0.002
jb 0.002
march 0.002
17 0.002
1978 0.002
7 0.002
11 0.002
pm 0.002
1046 0.002
4 0.002
464 0.002
1105 0.002
1139 0.002
1140 0.002
1234 0.002
1263 0.002
1265 0.002
1496 0.002
1781 0.002
1824 0.002
2126 0.002
2546 0.002
584 0.002
631 0.002
653 0.002
680 0.002
720 0.002
763 0.002
795 0.002
799 0.002
945 0.002
1062 0.002
5 0.002
1121 0.002
265 0.002
404 0.002
759 0.002
123 0.002
6 0.002
196 0.002
919 0.002
990 0.002
1007 0.002
1131 0.002
1149 0.002
1198 0.002
1215 0.002
1223 0.002
1303 0.002
1323 0.002
1358 0.002
1366 0.002
1421 0.002
1460 0.002
1462 0.002
1463 0.002
1467 0.002
1468 0.002
1477 0.002
1491 0.002
1531 0.002
1535 0.002
1565 0.002
1601 0.002
1602 0.002
1613 0.002
1614 0.002
1626 0.002
1641 0.002
1787 0.002
1788 0.002
205 0.002
224 0.002
249 0.002
288 0.002
316 0.002
381 0.002
398 0.002
399 0.002
410 0.002
438 0.002
463 0.002
474 0.002
483 0.002
3184 0.002
3188 0.002
600 0.002
635 0.002
691 0.002
794 0.002
