ca621014 0.33600575215512035
general 0.037037037037037035
order 0.037037037037037035
arithmetic 0.037037037037037035
algorithm 0.037037037037037035
93 0.037037037037037035
cacm 0.037037037037037035
october 0.037037037037037035
1962 0.037037037037037035
george 0.037037037037037035
r 0.037037037037037035
jb 0.037037037037037035
march 0.037037037037037035
17 0.037037037037037035
1978 0.037037037037037035
7 0.037037037037037035
13 0.037037037037037035
pm 0.037037037037037035
466 0.037037037037037035
5 0.037037037037037035
