hellberg 0.33600575215512035
ca621011 0.33600575215512035
critical 0.037037037037037035
path 0.037037037037037035
scheduling 0.037037037037037035
algorithm 0.037037037037037035
40 0.037037037037037035
cacm 0.037037037037037035
october 0.037037037037037035
1962 0.037037037037037035
l 0.037037037037037035
jb 0.037037037037037035
march 0.037037037037037035
17 0.037037037037037035
1978 0.037037037037037035
7 0.037037037037037035
15 0.037037037037037035
pm 0.037037037037037035
469 0.037037037037037035
5 0.037037037037037035
