ca621008 0.2749137972178258
gauss 0.030303030303030304
method 0.030303030303030304
algorithm 0.030303030303030304
126 0.030303030303030304
cacm 0.030303030303030304
october 0.030303030303030304
1962 0.030303030303030304
counts 0.030303030303030304
j 0.030303030303030304
w 0.030303030303030304
jb 0.030303030303030304
march 0.030303030303030304
17 0.030303030303030304
1978 0.030303030303030304
7 0.030303030303030304
18 0.030303030303030304
pm 0.030303030303030304
2075 0.030303030303030304
5 0.030303030303030304
472 0.030303030303030304
6 0.030303030303030304
