ca621006 0.16800287607756018
input 0.018518518518518517
data 0.018518518518518517
organization 0.018518518518518517
in 0.018518518518518517
fortran 0.018518518518518517
cacm 0.018518518518518517
october 0.018518518518518517
1962 0.018518518518518517
yarbrough 0.018518518518518517
l 0.018518518518518517
jb 0.018518518518518517
march 0.018518518518518517
17 0.018518518518518517
1978 0.018518518518518517
7 0.018518518518518517
20 0.018518518518518517
pm 0.018518518518518517
1053 0.018518518518518517
5 0.018518518518518517
474 0.018518518518518517
720 0.018518518518518517
265 0.018518518518518517
6 0.018518518518518517
435 0.018518518518518517
464 0.018518518518518517
718 0.018518518518518517
