ca621005 0.2212720806875183
a 0.024390243902439025
test 0.024390243902439025
matrix 0.024390243902439025
for 0.024390243902439025
inversion 0.024390243902439025
procedures 0.024390243902439025
cacm 0.024390243902439025
october 0.024390243902439025
1962 0.024390243902439025
pei 0.024390243902439025
m 0.024390243902439025
l 0.024390243902439025
jb 0.024390243902439025
march 0.024390243902439025
17 0.024390243902439025
1978 0.024390243902439025
7 0.024390243902439025
21 0.024390243902439025
pm 0.024390243902439025
1963 0.024390243902439025
5 0.024390243902439025
475 0.024390243902439025
909 0.024390243902439025
6 0.024390243902439025
750 0.024390243902439025
