ca620909 0.017823487835340372
of 0.005893909626719057
algol 0.005893909626719057
the 0.003929273084479371
phrase 0.003929273084479371
structure 0.003929273084479371
grammar 0.003929273084479371
is 0.003929273084479371
partly 0.003929273084479371
by 0.003929273084479371
formal 0.003929273084479371
mechanisms 0.003929273084479371
on 0.0019646365422396855
nonexistence 0.0019646365422396855
a 0.0019646365422396855
for 0.0019646365422396855
60 0.0019646365422396855
defined 0.0019646365422396855
informally 0.0019646365422396855
stated 0.0019646365422396855
restrictions 0.0019646365422396855
it 0.0019646365422396855
shown 0.0019646365422396855
that 0.0019646365422396855
no 0.0019646365422396855
type 0.0019646365422396855
used 0.0019646365422396855
are 0.0019646365422396855
sufficient 0.0019646365422396855
to 0.0019646365422396855
define 0.0019646365422396855
cacm 0.0019646365422396855
september 0.0019646365422396855
1962 0.0019646365422396855
floyd 0.0019646365422396855
r 0.0019646365422396855
w 0.0019646365422396855
jb 0.0019646365422396855
march 0.0019646365422396855
17 0.0019646365422396855
1978 0.0019646365422396855
7 0.0019646365422396855
33 0.0019646365422396855
pm 0.0019646365422396855
249 0.0019646365422396855
4 0.0019646365422396855
483 0.0019646365422396855
254 0.0019646365422396855
272 0.0019646365422396855
1102 0.0019646365422396855
1109 0.0019646365422396855
1140 0.0019646365422396855
1188 0.0019646365422396855
1306 0.0019646365422396855
1464 0.0019646365422396855
1491 0.0019646365422396855
1767 0.0019646365422396855
1781 0.0019646365422396855
1787 0.0019646365422396855
1949 0.0019646365422396855
321 0.0019646365422396855
2059 0.0019646365422396855
2126 0.0019646365422396855
435 0.0019646365422396855
437 0.0019646365422396855
463 0.0019646365422396855
491 0.0019646365422396855
2732 0.0019646365422396855
560 0.0019646365422396855
583 0.0019646365422396855
3073 0.0019646365422396855
627 0.0019646365422396855
631 0.0019646365422396855
632 0.0019646365422396855
642 0.0019646365422396855
644 0.0019646365422396855
653 0.0019646365422396855
680 0.0019646365422396855
761 0.0019646365422396855
762 0.0019646365422396855
763 0.0019646365422396855
123 0.0019646365422396855
140 0.0019646365422396855
919 0.0019646365422396855
989 0.0019646365422396855
196 0.0019646365422396855
5 0.0019646365422396855
949 0.0019646365422396855
1142 0.0019646365422396855
1945 0.0019646365422396855
823 0.0019646365422396855
6 0.0019646365422396855
914 0.0019646365422396855
915 0.0019646365422396855
917 0.0019646365422396855
984 0.0019646365422396855
990 0.0019646365422396855
1007 0.0019646365422396855
1012 0.0019646365422396855
1046 0.0019646365422396855
1084 0.0019646365422396855
1098 0.0019646365422396855
1122 0.0019646365422396855
1131 0.0019646365422396855
1138 0.0019646365422396855
1139 0.0019646365422396855
1141 0.0019646365422396855
1149 0.0019646365422396855
1198 0.0019646365422396855
1200 0.0019646365422396855
1215 0.0019646365422396855
1223 0.0019646365422396855
1265 0.0019646365422396855
1303 0.0019646365422396855
1323 0.0019646365422396855
1336 0.0019646365422396855
1358 0.0019646365422396855
1366 0.0019646365422396855
1396 0.0019646365422396855
1421 0.0019646365422396855
1455 0.0019646365422396855
1460 0.0019646365422396855
1462 0.0019646365422396855
1463 0.0019646365422396855
1467 0.0019646365422396855
1468 0.0019646365422396855
1477 0.0019646365422396855
1487 0.0019646365422396855
1496 0.0019646365422396855
1531 0.0019646365422396855
1535 0.0019646365422396855
1565 0.0019646365422396855
1601 0.0019646365422396855
1602 0.0019646365422396855
1613 0.0019646365422396855
1614 0.0019646365422396855
1626 0.0019646365422396855
1641 0.0019646365422396855
1788 0.0019646365422396855
205 0.0019646365422396855
209 0.0019646365422396855
210 0.0019646365422396855
224 0.0019646365422396855
288 0.0019646365422396855
316 0.0019646365422396855
381 0.0019646365422396855
398 0.0019646365422396855
11 0.0019646365422396855
404 0.0019646365422396855
406 0.0019646365422396855
410 0.0019646365422396855
464 0.0019646365422396855
3184 0.0019646365422396855
3188 0.0019646365422396855
584 0.0019646365422396855
600 0.0019646365422396855
669 0.0019646365422396855
691 0.0019646365422396855
799 0.0019646365422396855
