schaefer 0.33600575215512035
ca620908 0.33600575215512035
hankel 0.037037037037037035
function 0.037037037037037035
algorithm 0.037037037037037035
124 0.037037037037037035
cacm 0.037037037037037035
september 0.037037037037037035
1962 0.037037037037037035
l 0.037037037037037035
j 0.037037037037037035
jb 0.037037037037037035
march 0.037037037037037035
17 0.037037037037037035
1978 0.037037037037037035
7 0.037037037037037035
34 0.037037037037037035
pm 0.037037037037037035
484 0.037037037037037035
5 0.037037037037037035
