techo 0.19722076756930979
ca620907 0.19722076756930979
real 0.021739130434782608
error 0.021739130434782608
function 0.021739130434782608
erf 0.021739130434782608
x 0.021739130434782608
algorithm 0.021739130434782608
123 0.021739130434782608
cacm 0.021739130434782608
september 0.021739130434782608
1962 0.021739130434782608
crawford 0.021739130434782608
m 0.021739130434782608
r 0.021739130434782608
jb 0.021739130434782608
march 0.021739130434782608
17 0.021739130434782608
1978 0.021739130434782608
7 0.021739130434782608
35 0.021739130434782608
pm 0.021739130434782608
1157 0.021739130434782608
5 0.021739130434782608
485 0.021739130434782608
836 0.021739130434782608
6 0.021739130434782608
1081 0.021739130434782608
714 0.021739130434782608
