dietzel 0.33600575215512035
ca620906 0.33600575215512035
tridiagonal 0.037037037037037035
matrix 0.037037037037037035
algorithm 0.037037037037037035
122 0.037037037037037035
cacm 0.037037037037037035
september 0.037037037037037035
1962 0.037037037037037035
g 0.037037037037037035
f 0.037037037037037035
jb 0.037037037037037035
march 0.037037037037037035
17 0.037037037037037035
1978 0.037037037037037035
7 0.037037037037037035
36 0.037037037037037035
pm 0.037037037037037035
486 0.037037037037037035
5 0.037037037037037035
