penny 0.04425441613750366
ca620901 0.04425441613750366
of 0.00975609756097561
use 0.004878048780487805
multiprogramming 0.004878048780487805
in 0.004878048780487805
the 0.004878048780487805
design 0.004878048780487805
a 0.004878048780487805
low 0.004878048780487805
cost 0.004878048780487805
digital 0.004878048780487805
computer 0.004878048780487805
cacm 0.004878048780487805
september 0.004878048780487805
1962 0.004878048780487805
j 0.004878048780487805
p 0.004878048780487805
pearcey 0.004878048780487805
t 0.004878048780487805
jb 0.004878048780487805
march 0.004878048780487805
17 0.004878048780487805
1978 0.004878048780487805
8 0.004878048780487805
57 0.004878048780487805
pm 0.004878048780487805
249 0.004878048780487805
4 0.004878048780487805
491 0.004878048780487805
254 0.004878048780487805
272 0.004878048780487805
1102 0.004878048780487805
1109 0.004878048780487805
1140 0.004878048780487805
1188 0.004878048780487805
1306 0.004878048780487805
1464 0.004878048780487805
1491 0.004878048780487805
1713 0.004878048780487805
1767 0.004878048780487805
1781 0.004878048780487805
1787 0.004878048780487805
1901 0.004878048780487805
1949 0.004878048780487805
321 0.004878048780487805
2059 0.004878048780487805
2126 0.004878048780487805
435 0.004878048780487805
437 0.004878048780487805
463 0.004878048780487805
483 0.004878048780487805
2732 0.004878048780487805
560 0.004878048780487805
583 0.004878048780487805
3073 0.004878048780487805
627 0.004878048780487805
631 0.004878048780487805
632 0.004878048780487805
642 0.004878048780487805
644 0.004878048780487805
653 0.004878048780487805
680 0.004878048780487805
761 0.004878048780487805
762 0.004878048780487805
763 0.004878048780487805
123 0.004878048780487805
140 0.004878048780487805
168 0.004878048780487805
919 0.004878048780487805
989 0.004878048780487805
5 0.004878048780487805
185 0.004878048780487805
196 0.004878048780487805
46 0.004878048780487805
3193 0.004878048780487805
796 0.004878048780487805
6 0.004878048780487805
