mcgee 0.1277768353265951
ca620835 0.1277768353265951
the 0.014084507042253521
property 0.014084507042253521
classification 0.014084507042253521
method 0.014084507042253521
of 0.014084507042253521
file 0.014084507042253521
design 0.014084507042253521
and 0.014084507042253521
processing 0.014084507042253521
cacm 0.014084507042253521
august 0.014084507042253521
1962 0.014084507042253521
w 0.014084507042253521
c 0.014084507042253521
jb 0.014084507042253521
march 0.014084507042253521
17 0.014084507042253521
1978 0.014084507042253521
9 0.014084507042253521
03 0.014084507042253521
pm 0.014084507042253521
1135 0.014084507042253521
4 0.014084507042253521
493 0.014084507042253521
1136 0.014084507042253521
2710 0.014084507042253521
2765 0.014084507042253521
2888 0.014084507042253521
2906 0.014084507042253521
729 0.014084507042253521
5 0.014084507042253521
616 0.014084507042253521
6 0.014084507042253521
657 0.014084507042253521
