ca620830 0.3128329416616638
magic 0.034482758620689655
square 0.034482758620689655
algorithm 0.034482758620689655
117 0.034482758620689655
amp 0.034482758620689655
118 0.034482758620689655
cacm 0.034482758620689655
august 0.034482758620689655
1962 0.034482758620689655
collison 0.034482758620689655
d 0.034482758620689655
m 0.034482758620689655
jb 0.034482758620689655
march 0.034482758620689655
17 0.034482758620689655
1978 0.034482758620689655
9 0.034482758620689655
20 0.034482758620689655
pm 0.034482758620689655
498 0.034482758620689655
5 0.034482758620689655
