ca620829 0.33600575215512035
permutation 0.037037037037037035
generator 0.037037037037037035
algorithm 0.037037037037037035
87 0.037037037037037035
cacm 0.037037037037037035
august 0.037037037037037035
1962 0.037037037037037035
collison 0.037037037037037035
d 0.037037037037037035
m 0.037037037037037035
jb 0.037037037037037035
march 0.037037037037037035
17 0.037037037037037035
1978 0.037037037037037035
9 0.037037037037037035
22 0.037037037037037035
pm 0.037037037037037035
499 0.037037037037037035
5 0.037037037037037035
