ca620827 0.17117274166392923
hillmore 0.13736595922566405
jacobi 0.018867924528301886
algorithm 0.018867924528301886
85 0.018867924528301886
cacm 0.018867924528301886
august 0.018867924528301886
1962 0.018867924528301886
j 0.018867924528301886
s 0.018867924528301886
jb 0.018867924528301886
march 0.018867924528301886
17 0.018867924528301886
1978 0.018867924528301886
9 0.018867924528301886
24 0.018867924528301886
pm 0.018867924528301886
2349 0.018867924528301886
5 0.018867924528301886
501 0.018867924528301886
1648 0.018867924528301886
6 0.018867924528301886
1716 0.018867924528301886
1794 0.018867924528301886
1894 0.018867924528301886
2043 0.018867924528301886
613 0.018867924528301886
774 0.018867924528301886
