ca620826 0.33600575215512035
simpson 0.037037037037037035
s 0.037037037037037035
integration 0.037037037037037035
algorithm 0.037037037037037035
84 0.037037037037037035
cacm 0.037037037037037035
august 0.037037037037037035
1962 0.037037037037037035
george 0.037037037037037035
r 0.037037037037037035
jb 0.037037037037037035
march 0.037037037037037035
17 0.037037037037037035
1978 0.037037037037037035
9 0.037037037037037035
25 0.037037037037037035
pm 0.037037037037037035
502 0.037037037037037035
5 0.037037037037037035
