ca620821 0.1314805117128732
partition 0.014492753623188406
quicksort 0.014492753623188406
find 0.014492753623188406
algorithm 0.014492753623188406
63 0.014492753623188406
64 0.014492753623188406
65 0.014492753623188406
cacm 0.014492753623188406
august 0.014492753623188406
1962 0.014492753623188406
hillmore 0.014492753623188406
j 0.014492753623188406
s 0.014492753623188406
jb 0.014492753623188406
march 0.014492753623188406
17 0.014492753623188406
1978 0.014492753623188406
9 0.014492753623188406
32 0.014492753623188406
pm 0.014492753623188406
2679 0.014492753623188406
5 0.014492753623188406
507 0.014492753623188406
970 0.014492753623188406
6 0.014492753623188406
1175 0.014492753623188406
1190 0.014492753623188406
1228 0.014492753623188406
1969 0.014492753623188406
1997 0.014492753623188406
308 0.014492753623188406
2042 0.014492753623188406
3187 0.014492753623188406
716 0.014492753623188406
783 0.014492753623188406
