ca620817 0.2326193668766218
a 0.02564102564102564
set 0.02564102564102564
of 0.02564102564102564
test 0.02564102564102564
matrices 0.02564102564102564
algorithm 0.02564102564102564
52 0.02564102564102564
cacm 0.02564102564102564
august 0.02564102564102564
1962 0.02564102564102564
hillmore 0.02564102564102564
j 0.02564102564102564
s 0.02564102564102564
jb 0.02564102564102564
march 0.02564102564102564
17 0.02564102564102564
1978 0.02564102564102564
9 0.02564102564102564
35 0.02564102564102564
pm 0.02564102564102564
1707 0.02564102564102564
5 0.02564102564102564
511 0.02564102564102564
1047 0.02564102564102564
6 0.02564102564102564
