ca620816 0.32400554672100895
telescope 0.03571428571428571
1 0.03571428571428571
algorithm 0.03571428571428571
37 0.03571428571428571
cacm 0.03571428571428571
august 0.03571428571428571
1962 0.03571428571428571
thacher 0.03571428571428571
jr 0.03571428571428571
h 0.03571428571428571
c 0.03571428571428571
jb 0.03571428571428571
march 0.03571428571428571
17 0.03571428571428571
1978 0.03571428571428571
9 0.03571428571428571
36 0.03571428571428571
pm 0.03571428571428571
512 0.03571428571428571
5 0.03571428571428571
