ca620810 0.23874092916284867
magic 0.02631578947368421
square 0.02631578947368421
odd 0.02631578947368421
order 0.02631578947368421
algorithm 0.02631578947368421
118 0.02631578947368421
cacm 0.02631578947368421
august 0.02631578947368421
1962 0.02631578947368421
collison 0.02631578947368421
d 0.02631578947368421
m 0.02631578947368421
jb 0.02631578947368421
march 0.02631578947368421
17 0.02631578947368421
1978 0.02631578947368421
9 0.02631578947368421
45 0.02631578947368421
pm 0.02631578947368421
2082 0.02631578947368421
5 0.02631578947368421
518 0.02631578947368421
1491 0.02631578947368421
6 0.02631578947368421
