ca620808 0.33600575215512035
complex 0.037037037037037035
division 0.037037037037037035
algorithm 0.037037037037037035
116 0.037037037037037035
cacm 0.037037037037037035
august 0.037037037037037035
1962 0.037037037037037035
smith 0.037037037037037035
r 0.037037037037037035
l 0.037037037037037035
jb 0.037037037037037035
march 0.037037037037037035
17 0.037037037037037035
1978 0.037037037037037035
9 0.037037037037037035
47 0.037037037037037035
pm 0.037037037037037035
520 0.037037037037037035
5 0.037037037037037035
