trotter 0.08478649820736682
ca620807 0.08478649820736682
perm 0.009345794392523364
algorithm 0.009345794392523364
115 0.009345794392523364
cacm 0.009345794392523364
august 0.009345794392523364
1962 0.009345794392523364
h 0.009345794392523364
f 0.009345794392523364
jb 0.009345794392523364
march 0.009345794392523364
17 0.009345794392523364
1978 0.009345794392523364
9 0.009345794392523364
57 0.009345794392523364
pm 0.009345794392523364
2044 0.009345794392523364
5 0.009345794392523364
521 0.009345794392523364
2189 0.009345794392523364
2417 0.009345794392523364
2505 0.009345794392523364
2874 0.009345794392523364
2908 0.009345794392523364
996 0.009345794392523364
6 0.009345794392523364
1558 0.009345794392523364
1594 0.009345794392523364
1682 0.009345794392523364
2087 0.009345794392523364
2227 0.009345794392523364
2230 0.009345794392523364
2292 0.009345794392523364
2317 0.009345794392523364
2683 0.009345794392523364
2871 0.009345794392523364
2884 0.009345794392523364
3191 0.009345794392523364
