ca620804 0.1440024652093373
position 0.015873015873015872
of 0.015873015873015872
point 0.015873015873015872
relative 0.015873015873015872
to 0.015873015873015872
polygon 0.015873015873015872
algorithm 0.015873015873015872
112 0.015873015873015872
cacm 0.015873015873015872
august 0.015873015873015872
1962 0.015873015873015872
shimrat 0.015873015873015872
m 0.015873015873015872
jb 0.015873015873015872
march 0.015873015873015872
17 0.015873015873015872
1978 0.015873015873015872
7 0.015873015873015872
30 0.015873015873015872
pm 0.015873015873015872
1804 0.015873015873015872
5 0.015873015873015872
524 0.015873015873015872
2987 0.015873015873015872
1326 0.015873015873015872
6 0.015873015873015872
1630 0.015873015873015872
2125 0.015873015873015872
2547 0.015873015873015872
2633 0.015873015873015872
421 0.015873015873015872
