ca620733 0.24519338670779056
fortran 0.02702702702702703
for 0.02702702702702703
business 0.02702702702702703
data 0.02702702702702703
processing 0.02702702702702703
cacm 0.02702702702702703
july 0.02702702702702703
1962 0.02702702702702703
robbins 0.02702702702702703
d 0.02702702702702703
k 0.02702702702702703
jb 0.02702702702702703
march 0.02702702702702703
17 0.02702702702702703
1978 0.02702702702702703
7 0.02702702702702703
41 0.02702702702702703
pm 0.02702702702702703
1330 0.02702702702702703
5 0.02702702702702703
528 0.02702702702702703
6 0.02702702702702703
728 0.02702702702702703
