ca591006 0.23874092916284867
recommendations 0.02631578947368421
of 0.02631578947368421
the 0.02631578947368421
share 0.02631578947368421
algol 0.02631578947368421
committee 0.02631578947368421
cacm 0.02631578947368421
october 0.02631578947368421
1959 0.02631578947368421
jb 0.02631578947368421
march 0.02631578947368421
22 0.02631578947368421
1978 0.02631578947368421
4 0.02631578947368421
13 0.02631578947368421
pm 0.02631578947368421
214 0.02631578947368421
5 0.02631578947368421
53 0.02631578947368421
1 0.02631578947368421
6 0.02631578947368421
91 0.02631578947368421
