ca620729 0.12960221868840358
on 0.014285714285714285
the 0.014285714285714285
computation 0.014285714285714285
of 0.014285714285714285
rational 0.014285714285714285
approximations 0.014285714285714285
to 0.014285714285714285
continuous 0.014285714285714285
functions 0.014285714285714285
cacm 0.014285714285714285
july 0.014285714285714285
1962 0.014285714285714285
fraser 0.014285714285714285
w 0.014285714285714285
hart 0.014285714285714285
j 0.014285714285714285
f 0.014285714285714285
jb 0.014285714285714285
march 0.014285714285714285
17 0.014285714285714285
1978 0.014285714285714285
7 0.014285714285714285
52 0.014285714285714285
pm 0.014285714285714285
951 0.014285714285714285
5 0.014285714285714285
532 0.014285714285714285
1015 0.014285714285714285
1346 0.014285714285714285
1440 0.014285714285714285
1645 0.014285714285714285
6 0.014285714285714285
962 0.014285714285714285
