rutishausr 0.33600575215512035
ca620706 0.33600575215512035
reduction 0.037037037037037035
to 0.037037037037037035
jacobi 0.037037037037037035
algorithm 0.037037037037037035
104 0.037037037037037035
cacm 0.037037037037037035
july 0.037037037037037035
1962 0.037037037037037035
h 0.037037037037037035
jb 0.037037037037037035
march 0.037037037037037035
17 0.037037037037037035
1978 0.037037037037037035
8 0.037037037037037035
45 0.037037037037037035
pm 0.037037037037037035
555 0.037037037037037035
5 0.037037037037037035
