bottenbirruch 0.19722076756930979
ca620705 0.19722076756930979
h 0.043478260869565216
a 0.043478260869565216
on 0.021739130434782608
translation 0.021739130434782608
of 0.021739130434782608
boolean 0.021739130434782608
expressions 0.021739130434782608
cacm 0.021739130434782608
july 0.021739130434782608
1972 0.021739130434782608
grau 0.021739130434782608
jb 0.021739130434782608
march 0.021739130434782608
17 0.021739130434782608
1978 0.021739130434782608
8 0.021739130434782608
52 0.021739130434782608
pm 0.021739130434782608
1139 0.021739130434782608
4 0.021739130434782608
556 0.021739130434782608
1947 0.021739130434782608
799 0.021739130434782608
399 0.021739130434782608
5 0.021739130434782608
