ca620701 0.05600095869252006
communication 0.006172839506172839
between 0.006172839506172839
independently 0.006172839506172839
translated 0.006172839506172839
blocks 0.006172839506172839
cacm 0.006172839506172839
july 0.006172839506172839
1962 0.006172839506172839
wegner 0.006172839506172839
p 0.006172839506172839
jb 0.006172839506172839
march 0.006172839506172839
17 0.006172839506172839
1978 0.006172839506172839
9 0.006172839506172839
11 0.006172839506172839
pm 0.006172839506172839
249 0.006172839506172839
4 0.006172839506172839
560 0.006172839506172839
254 0.006172839506172839
272 0.006172839506172839
1102 0.006172839506172839
1109 0.006172839506172839
1140 0.006172839506172839
1188 0.006172839506172839
1306 0.006172839506172839
1464 0.006172839506172839
1491 0.006172839506172839
1767 0.006172839506172839
1774 0.006172839506172839
1781 0.006172839506172839
1787 0.006172839506172839
1949 0.006172839506172839
321 0.006172839506172839
2059 0.006172839506172839
2126 0.006172839506172839
435 0.006172839506172839
437 0.006172839506172839
463 0.006172839506172839
483 0.006172839506172839
491 0.006172839506172839
2732 0.006172839506172839
583 0.006172839506172839
3073 0.006172839506172839
627 0.006172839506172839
631 0.006172839506172839
632 0.006172839506172839
642 0.006172839506172839
644 0.006172839506172839
653 0.006172839506172839
680 0.006172839506172839
761 0.006172839506172839
762 0.006172839506172839
763 0.006172839506172839
123 0.006172839506172839
140 0.006172839506172839
919 0.006172839506172839
972 0.006172839506172839
989 0.006172839506172839
196 0.006172839506172839
5 0.006172839506172839
271 0.006172839506172839
