caviness 0.04749819533082854
joseph 0.04749819533082854
ca620624 0.04749819533082854
j 0.010471204188481676
analytic 0.005235602094240838
differentiation 0.005235602094240838
by 0.005235602094240838
computer 0.005235602094240838
cacm 0.005235602094240838
june 0.005235602094240838
1962 0.005235602094240838
hanson 0.005235602094240838
w 0.005235602094240838
s 0.005235602094240838
c 0.005235602094240838
jb 0.005235602094240838
march 0.005235602094240838
17 0.005235602094240838
1978 0.005235602094240838
9 0.005235602094240838
12 0.005235602094240838
pm 0.005235602094240838
1134 0.005235602094240838
4 0.005235602094240838
561 0.005235602094240838
1141 0.005235602094240838
364 0.005235602094240838
405 0.005235602094240838
438 0.005235602094240838
44 0.005235602094240838
964 0.005235602094240838
5 0.005235602094240838
1028 0.005235602094240838
1216 0.005235602094240838
1396 0.005235602094240838
1392 0.005235602094240838
393 0.005235602094240838
77 0.005235602094240838
6 0.005235602094240838
1029 0.005235602094240838
1083 0.005235602094240838
1132 0.005235602094240838
1214 0.005235602094240838
1278 0.005235602094240838
1334 0.005235602094240838
1365 0.005235602094240838
1386 0.005235602094240838
1387 0.005235602094240838
1388 0.005235602094240838
1393 0.005235602094240838
1394 0.005235602094240838
1395 0.005235602094240838
1397 0.005235602094240838
1496 0.005235602094240838
284 0.005235602094240838
407 0.005235602094240838
3199 0.005235602094240838
3200 0.005235602094240838
3201 0.005235602094240838
3202 0.005235602094240838
3203 0.005235602094240838
3204 0.005235602094240838
730 0.005235602094240838
759 0.005235602094240838
