conger 0.33600575215512035
ca620619 0.33600575215512035
matrix 0.037037037037037035
inversion 0.037037037037037035
algorithm 0.037037037037037035
58 0.037037037037037035
cacm 0.037037037037037035
june 0.037037037037037035
1962 0.037037037037037035
r 0.037037037037037035
a 0.037037037037037035
jb 0.037037037037037035
march 0.037037037037037035
17 0.037037037037037035
1978 0.037037037037037035
9 0.037037037037037035
19 0.037037037037037035
pm 0.037037037037037035
566 0.037037037037037035
5 0.037037037037037035
