kuncir 0.1395716201259731
ca620615 0.1395716201259731
simpson 0.015384615384615385
s 0.015384615384615385
rule 0.015384615384615385
integrator 0.015384615384615385
algorithm 0.015384615384615385
103 0.015384615384615385
cacm 0.015384615384615385
june 0.015384615384615385
1962 0.015384615384615385
g 0.015384615384615385
f 0.015384615384615385
jb 0.015384615384615385
march 0.015384615384615385
17 0.015384615384615385
1978 0.015384615384615385
9 0.015384615384615385
24 0.015384615384615385
pm 0.015384615384615385
1352 0.015384615384615385
5 0.015384615384615385
570 0.015384615384615385
834 0.015384615384615385
6 0.015384615384615385
872 0.015384615384615385
1040 0.015384615384615385
1092 0.015384615384615385
1241 0.015384615384615385
1273 0.015384615384615385
324 0.015384615384615385
429 0.015384615384615385
621 0.015384615384615385
786 0.015384615384615385
