ca620609 0.1374568986089129
shortest 0.015151515151515152
path 0.015151515151515152
algorithm 0.015151515151515152
97 0.015151515151515152
cacm 0.015151515151515152
june 0.015151515151515152
1962 0.015151515151515152
floyd 0.015151515151515152
r 0.015151515151515152
w 0.015151515151515152
jb 0.015151515151515152
march 0.015151515151515152
17 0.015151515151515152
1978 0.015151515151515152
9 0.015151515151515152
30 0.015151515151515152
pm 0.015151515151515152
1846 0.015151515151515152
5 0.015151515151515152
576 0.015151515151515152
2630 0.015151515151515152
2650 0.015151515151515152
830 0.015151515151515152
6 0.015151515151515152
1380 0.015151515151515152
1424 0.015151515151515152
1484 0.015151515151515152
1572 0.015151515151515152
2111 0.015151515151515152
680 0.015151515151515152
