ca620608 0.21098035600437792
ancestor 0.19486065413089076
algorithm 0.023255813953488372
96 0.023255813953488372
cacm 0.023255813953488372
june 0.023255813953488372
1962 0.023255813953488372
floyd 0.023255813953488372
r 0.023255813953488372
w 0.023255813953488372
jb 0.023255813953488372
march 0.023255813953488372
17 0.023255813953488372
19789 0.023255813953488372
31 0.023255813953488372
pm 0.023255813953488372
1836 0.023255813953488372
5 0.023255813953488372
577 0.023255813953488372
1191 0.023255813953488372
6 0.023255813953488372
1477 0.023255813953488372
1491 0.023255813953488372
1781 0.023255813953488372
