kurtzberg 0.13540530310728732
ca620606 0.13540530310728732
combination 0.014925373134328358
algorithm 0.014925373134328358
94 0.014925373134328358
cacm 0.014925373134328358
june 0.014925373134328358
1962 0.014925373134328358
j 0.014925373134328358
jb 0.014925373134328358
march 0.014925373134328358
17 0.014925373134328358
1978 0.014925373134328358
9 0.014925373134328358
33 0.014925373134328358
pm 0.014925373134328358
2690 0.014925373134328358
5 0.014925373134328358
579 0.014925373134328358
2853 0.014925373134328358
3115 0.014925373134328358
907 0.014925373134328358
6 0.014925373134328358
203 0.014925373134328358
2045 0.014925373134328358
2417 0.014925373134328358
2466 0.014925373134328358
2884 0.014925373134328358
785 0.014925373134328358
