ca620602 0.05929513273325654
a 0.006535947712418301
redundancy 0.006535947712418301
check 0.006535947712418301
for 0.006535947712418301
algol 0.006535947712418301
programs 0.006535947712418301
cacm 0.006535947712418301
june 0.006535947712418301
1962 0.006535947712418301
thacher 0.006535947712418301
jr 0.006535947712418301
h 0.006535947712418301
c 0.006535947712418301
jb 0.006535947712418301
march 0.006535947712418301
17 0.006535947712418301
1978 0.006535947712418301
9 0.006535947712418301
37 0.006535947712418301
pm 0.006535947712418301
249 0.006535947712418301
4 0.006535947712418301
583 0.006535947712418301
254 0.006535947712418301
272 0.006535947712418301
1102 0.006535947712418301
1109 0.006535947712418301
1140 0.006535947712418301
1188 0.006535947712418301
1306 0.006535947712418301
1464 0.006535947712418301
1491 0.006535947712418301
1767 0.006535947712418301
1781 0.006535947712418301
1787 0.006535947712418301
1949 0.006535947712418301
321 0.006535947712418301
2059 0.006535947712418301
2126 0.006535947712418301
435 0.006535947712418301
437 0.006535947712418301
463 0.006535947712418301
483 0.006535947712418301
491 0.006535947712418301
2732 0.006535947712418301
560 0.006535947712418301
3073 0.006535947712418301
627 0.006535947712418301
631 0.006535947712418301
632 0.006535947712418301
642 0.006535947712418301
644 0.006535947712418301
653 0.006535947712418301
680 0.006535947712418301
761 0.006535947712418301
762 0.006535947712418301
763 0.006535947712418301
123 0.006535947712418301
140 0.006535947712418301
919 0.006535947712418301
989 0.006535947712418301
196 0.006535947712418301
5 0.006535947712418301
