ca620601 0.024000410868222882
report 0.0026455026455026454
on 0.0026455026455026454
the 0.0026455026455026454
algorithmic 0.0026455026455026454
language 0.0026455026455026454
fortran 0.0026455026455026454
ii 0.0026455026455026454
cacm 0.0026455026455026454
june 0.0026455026455026454
1962 0.0026455026455026454
rabinowitz 0.0026455026455026454
i 0.0026455026455026454
n 0.0026455026455026454
jb 0.0026455026455026454
march 0.0026455026455026454
17 0.0026455026455026454
1978 0.0026455026455026454
9 0.0026455026455026454
38 0.0026455026455026454
pm 0.0026455026455026454
1046 0.0026455026455026454
4 0.0026455026455026454
584 0.0026455026455026454
1105 0.0026455026455026454
1139 0.0026455026455026454
1140 0.0026455026455026454
1234 0.0026455026455026454
1263 0.0026455026455026454
1265 0.0026455026455026454
1496 0.0026455026455026454
1781 0.0026455026455026454
1824 0.0026455026455026454
2126 0.0026455026455026454
2546 0.0026455026455026454
464 0.0026455026455026454
631 0.0026455026455026454
653 0.0026455026455026454
680 0.0026455026455026454
763 0.0026455026455026454
795 0.0026455026455026454
799 0.0026455026455026454
945 0.0026455026455026454
949 0.0026455026455026454
5 0.0026455026455026454
1945 0.0026455026455026454
404 0.0026455026455026454
823 0.0026455026455026454
6 0.0026455026455026454
123 0.0026455026455026454
196 0.0026455026455026454
914 0.0026455026455026454
915 0.0026455026455026454
917 0.0026455026455026454
919 0.0026455026455026454
984 0.0026455026455026454
989 0.0026455026455026454
990 0.0026455026455026454
1007 0.0026455026455026454
1012 0.0026455026455026454
1084 0.0026455026455026454
1098 0.0026455026455026454
1122 0.0026455026455026454
1131 0.0026455026455026454
1138 0.0026455026455026454
1141 0.0026455026455026454
1149 0.0026455026455026454
1198 0.0026455026455026454
1200 0.0026455026455026454
1215 0.0026455026455026454
1223 0.0026455026455026454
1303 0.0026455026455026454
1323 0.0026455026455026454
1336 0.0026455026455026454
1358 0.0026455026455026454
1366 0.0026455026455026454
1396 0.0026455026455026454
1421 0.0026455026455026454
1455 0.0026455026455026454
1460 0.0026455026455026454
1462 0.0026455026455026454
1463 0.0026455026455026454
1467 0.0026455026455026454
1468 0.0026455026455026454
1477 0.0026455026455026454
1487 0.0026455026455026454
1491 0.0026455026455026454
1531 0.0026455026455026454
1535 0.0026455026455026454
1565 0.0026455026455026454
1601 0.0026455026455026454
1602 0.0026455026455026454
1613 0.0026455026455026454
1614 0.0026455026455026454
1626 0.0026455026455026454
1641 0.0026455026455026454
1787 0.0026455026455026454
1788 0.0026455026455026454
205 0.0026455026455026454
224 0.0026455026455026454
249 0.0026455026455026454
288 0.0026455026455026454
316 0.0026455026455026454
381 0.0026455026455026454
398 0.0026455026455026454
11 0.0026455026455026454
410 0.0026455026455026454
463 0.0026455026455026454
483 0.0026455026455026454
3184 0.0026455026455026454
3188 0.0026455026455026454
600 0.0026455026455026454
669 0.0026455026455026454
691 0.0026455026455026454
