buchner 0.2326193668766218
ca620518 0.2326193668766218
romberg 0.02564102564102564
integration 0.02564102564102564
algorithm 0.02564102564102564
60 0.02564102564102564
cacm 0.02564102564102564
may 0.02564102564102564
1962 0.02564102564102564
k 0.02564102564102564
h 0.02564102564102564
jb 0.02564102564102564
march 0.02564102564102564
20 0.02564102564102564
1978 0.02564102564102564
1 0.02564102564102564
33 0.02564102564102564
pm 0.02564102564102564
1040 0.02564102564102564
5 0.02564102564102564
587 0.02564102564102564
885 0.02564102564102564
6 0.02564102564102564
621 0.02564102564102564
