sturges 0.04299599672127133
ca620505 0.04299599672127133
charts 0.03971093899349907
syntactical 0.004739336492890996
of 0.004739336492890996
cobol 0.004739336492890996
61 0.004739336492890996
cacm 0.004739336492890996
may 0.004739336492890996
1962 0.004739336492890996
berman 0.004739336492890996
r 0.004739336492890996
sharp 0.004739336492890996
j 0.004739336492890996
l 0.004739336492890996
jb 0.004739336492890996
march 0.004739336492890996
20 0.004739336492890996
1978 0.004739336492890996
1 0.004739336492890996
52 0.004739336492890996
pm 0.004739336492890996
1781 0.004739336492890996
5 0.004739336492890996
600 0.004739336492890996
123 0.004739336492890996
6 0.004739336492890996
196 0.004739336492890996
919 0.004739336492890996
990 0.004739336492890996
1007 0.004739336492890996
1046 0.004739336492890996
1131 0.004739336492890996
1139 0.004739336492890996
1140 0.004739336492890996
1149 0.004739336492890996
1198 0.004739336492890996
1215 0.004739336492890996
1223 0.004739336492890996
1265 0.004739336492890996
1303 0.004739336492890996
1323 0.004739336492890996
1358 0.004739336492890996
1366 0.004739336492890996
1421 0.004739336492890996
1460 0.004739336492890996
1462 0.004739336492890996
1463 0.004739336492890996
1467 0.004739336492890996
1468 0.004739336492890996
1477 0.004739336492890996
1491 0.004739336492890996
1496 0.004739336492890996
1531 0.004739336492890996
1535 0.004739336492890996
1565 0.004739336492890996
1601 0.004739336492890996
1602 0.004739336492890996
1613 0.004739336492890996
1614 0.004739336492890996
1626 0.004739336492890996
1641 0.004739336492890996
1787 0.004739336492890996
1788 0.004739336492890996
205 0.004739336492890996
224 0.004739336492890996
249 0.004739336492890996
288 0.004739336492890996
316 0.004739336492890996
381 0.004739336492890996
398 0.004739336492890996
11 0.004739336492890996
404 0.004739336492890996
410 0.004739336492890996
463 0.004739336492890996
464 0.004739336492890996
483 0.004739336492890996
3184 0.004739336492890996
3188 0.004739336492890996
584 0.004739336492890996
680 0.004739336492890996
691 0.004739336492890996
763 0.004739336492890996
799 0.004739336492890996
