ca620502 0.18514602669771937
basic 0.02040816326530612
elements 0.02040816326530612
of 0.02040816326530612
cobol 0.02040816326530612
61 0.02040816326530612
cacm 0.02040816326530612
may 0.02040816326530612
1962 0.02040816326530612
sammet 0.02040816326530612
j 0.02040816326530612
e 0.02040816326530612
jb 0.02040816326530612
march 0.02040816326530612
20 0.02040816326530612
1978 0.02040816326530612
1 0.02040816326530612
54 0.02040816326530612
pm 0.02040816326530612
1084 0.02040816326530612
5 0.02040816326530612
603 0.02040816326530612
868 0.02040816326530612
6 0.02040816326530612
644 0.02040816326530612
669 0.02040816326530612
791 0.02040816326530612
797 0.02040816326530612
