hornick 0.33600575215512035
ca590908jb 0.33600575215512035
ibm 0.037037037037037035
709 0.037037037037037035
tape 0.037037037037037035
matrix 0.037037037037037035
compiler 0.037037037037037035
cacm 0.037037037037037035
september 0.037037037037037035
1959 0.037037037037037035
s 0.037037037037037035
d 0.037037037037037035
march 0.037037037037037035
22 0.037037037037037035
1978 0.037037037037037035
4 0.037037037037037035
43 0.037037037037037035
pm 0.037037037037037035
61 0.037037037037037035
5 0.037037037037037035
