ca620405 0.2326193668766218
permute 0.02564102564102564
algorithm 0.02564102564102564
86 0.02564102564102564
cacm 0.02564102564102564
april 0.02564102564102564
1962 0.02564102564102564
peck 0.02564102564102564
j 0.02564102564102564
e 0.02564102564102564
l 0.02564102564102564
schrack 0.02564102564102564
g 0.02564102564102564
f 0.02564102564102564
jb 0.02564102564102564
march 0.02564102564102564
20 0.02564102564102564
1978 0.02564102564102564
2 0.02564102564102564
21 0.02564102564102564
pm 0.02564102564102564
3188 0.02564102564102564
5 0.02564102564102564
612 0.02564102564102564
1594 0.02564102564102564
6 0.02564102564102564
