ca620404 0.17117274166392923
jacobi 0.018867924528301886
algorithm 0.018867924528301886
85 0.018867924528301886
cacm 0.018867924528301886
april 0.018867924528301886
1962 0.018867924528301886
evans 0.018867924528301886
t 0.018867924528301886
g 0.018867924528301886
jb 0.018867924528301886
march 0.018867924528301886
20 0.018867924528301886
1978 0.018867924528301886
2 0.018867924528301886
22 0.018867924528301886
pm 0.018867924528301886
2349 0.018867924528301886
5 0.018867924528301886
613 0.018867924528301886
1648 0.018867924528301886
6 0.018867924528301886
1716 0.018867924528301886
1794 0.018867924528301886
1894 0.018867924528301886
2043 0.018867924528301886
501 0.018867924528301886
774 0.018867924528301886
