ca620311 0.09352737431121907
march 0.020618556701030927
romberg 0.010309278350515464
integration 0.010309278350515464
algorithm 0.010309278350515464
60 0.010309278350515464
cacm 0.010309278350515464
1962 0.010309278350515464
thacher 0.010309278350515464
jr 0.010309278350515464
h 0.010309278350515464
c 0.010309278350515464
jb 0.010309278350515464
20 0.010309278350515464
1978 0.010309278350515464
3 0.010309278350515464
01 0.010309278350515464
pm 0.010309278350515464
1040 0.010309278350515464
5 0.010309278350515464
621 0.010309278350515464
1352 0.010309278350515464
2040 0.010309278350515464
834 0.010309278350515464
6 0.010309278350515464
872 0.010309278350515464
885 0.010309278350515464
1092 0.010309278350515464
1241 0.010309278350515464
1273 0.010309278350515464
1356 0.010309278350515464
324 0.010309278350515464
429 0.010309278350515464
570 0.010309278350515464
587 0.010309278350515464
786 0.010309278350515464
