ca620309 0.3128329416616638
economising 0.2889313147458036
march 0.06896551724137931
a 0.034482758620689655
sequence 0.034482758620689655
2 0.034482758620689655
algorithm 0.034482758620689655
82 0.034482758620689655
cacm 0.034482758620689655
1962 0.034482758620689655
mayoh 0.034482758620689655
b 0.034482758620689655
h 0.034482758620689655
jb 0.034482758620689655
20 0.034482758620689655
1978 0.034482758620689655
3 0.034482758620689655
03 0.034482758620689655
pm 0.034482758620689655
623 0.034482758620689655
5 0.034482758620689655
