ca620308 0.3128329416616638
march 0.06896551724137931
economising 0.034482758620689655
a 0.034482758620689655
sequence 0.034482758620689655
1 0.034482758620689655
algorithm 0.034482758620689655
81 0.034482758620689655
cacm 0.034482758620689655
1962 0.034482758620689655
mayoh 0.034482758620689655
b 0.034482758620689655
h 0.034482758620689655
jb 0.034482758620689655
20 0.034482758620689655
1978 0.034482758620689655
3 0.034482758620689655
04 0.034482758620689655
pm 0.034482758620689655
624 0.034482758620689655
5 0.034482758620689655
