knotted 0.02668280972996544
ca620305 0.02668280972996544
march 0.0058823529411764705
list 0.0029411764705882353
structures 0.0029411764705882353
cacm 0.0029411764705882353
1962 0.0029411764705882353
weizenbaum 0.0029411764705882353
j 0.0029411764705882353
jb 0.0029411764705882353
20 0.0029411764705882353
1978 0.0029411764705882353
3 0.0029411764705882353
07 0.0029411764705882353
pm 0.0029411764705882353
249 0.0029411764705882353
4 0.0029411764705882353
627 0.0029411764705882353
254 0.0029411764705882353
272 0.0029411764705882353
1024 0.0029411764705882353
1050 0.0029411764705882353
1051 0.0029411764705882353
1102 0.0029411764705882353
1109 0.0029411764705882353
1132 0.0029411764705882353
1140 0.0029411764705882353
1188 0.0029411764705882353
1306 0.0029411764705882353
1390 0.0029411764705882353
1393 0.0029411764705882353
1464 0.0029411764705882353
1486 0.0029411764705882353
1491 0.0029411764705882353
1549 0.0029411764705882353
1706 0.0029411764705882353
1767 0.0029411764705882353
1781 0.0029411764705882353
1787 0.0029411764705882353
1826 0.0029411764705882353
1878 0.0029411764705882353
1949 0.0029411764705882353
321 0.0029411764705882353
378 0.0029411764705882353
2023 0.0029411764705882353
2059 0.0029411764705882353
2060 0.0029411764705882353
2126 0.0029411764705882353
2155 0.0029411764705882353
2168 0.0029411764705882353
435 0.0029411764705882353
437 0.0029411764705882353
463 0.0029411764705882353
483 0.0029411764705882353
491 0.0029411764705882353
2719 0.0029411764705882353
2723 0.0029411764705882353
2732 0.0029411764705882353
2838 0.0029411764705882353
2842 0.0029411764705882353
2855 0.0029411764705882353
2879 0.0029411764705882353
560 0.0029411764705882353
583 0.0029411764705882353
3073 0.0029411764705882353
3077 0.0029411764705882353
3080 0.0029411764705882353
3106 0.0029411764705882353
3112 0.0029411764705882353
631 0.0029411764705882353
632 0.0029411764705882353
642 0.0029411764705882353
644 0.0029411764705882353
653 0.0029411764705882353
680 0.0029411764705882353
761 0.0029411764705882353
762 0.0029411764705882353
763 0.0029411764705882353
106 0.0029411764705882353
123 0.0029411764705882353
140 0.0029411764705882353
919 0.0029411764705882353
989 0.0029411764705882353
5 0.0029411764705882353
196 0.0029411764705882353
210 0.0029411764705882353
2882 0.0029411764705882353
731 0.0029411764705882353
793 0.0029411764705882353
849 0.0029411764705882353
6 0.0029411764705882353
1749 0.0029411764705882353
209 0.0029411764705882353
367 0.0029411764705882353
2198 0.0029411764705882353
2452 0.0029411764705882353
2651 0.0029411764705882353
406 0.0029411764705882353
753 0.0029411764705882353
