automatic-programming-language 0.031175791437073025
ca620301 0.031175791437073025
march 0.006872852233676976
translation 0.003436426116838488
through 0.003436426116838488
syntactical 0.003436426116838488
analysis 0.003436426116838488
cacm 0.003436426116838488
1962 0.003436426116838488
ledley 0.003436426116838488
r 0.003436426116838488
wilson 0.003436426116838488
j 0.003436426116838488
b 0.003436426116838488
jb 0.003436426116838488
20 0.003436426116838488
1978 0.003436426116838488
3 0.003436426116838488
17 0.003436426116838488
pm 0.003436426116838488
249 0.003436426116838488
4 0.003436426116838488
631 0.003436426116838488
254 0.003436426116838488
272 0.003436426116838488
1046 0.003436426116838488
1102 0.003436426116838488
1105 0.003436426116838488
1109 0.003436426116838488
1139 0.003436426116838488
1140 0.003436426116838488
1188 0.003436426116838488
1234 0.003436426116838488
1263 0.003436426116838488
1265 0.003436426116838488
1306 0.003436426116838488
1464 0.003436426116838488
1491 0.003436426116838488
1496 0.003436426116838488
1767 0.003436426116838488
1781 0.003436426116838488
1787 0.003436426116838488
1824 0.003436426116838488
1949 0.003436426116838488
321 0.003436426116838488
2059 0.003436426116838488
2126 0.003436426116838488
2546 0.003436426116838488
435 0.003436426116838488
437 0.003436426116838488
463 0.003436426116838488
464 0.003436426116838488
483 0.003436426116838488
491 0.003436426116838488
2732 0.003436426116838488
560 0.003436426116838488
583 0.003436426116838488
584 0.003436426116838488
3073 0.003436426116838488
627 0.003436426116838488
632 0.003436426116838488
642 0.003436426116838488
644 0.003436426116838488
653 0.003436426116838488
680 0.003436426116838488
761 0.003436426116838488
762 0.003436426116838488
763 0.003436426116838488
795 0.003436426116838488
799 0.003436426116838488
123 0.003436426116838488
140 0.003436426116838488
919 0.003436426116838488
945 0.003436426116838488
989 0.003436426116838488
196 0.003436426116838488
5 0.003436426116838488
1665 0.003436426116838488
404 0.003436426116838488
6 0.003436426116838488
224 0.003436426116838488
378 0.003436426116838488
399 0.003436426116838488
412 0.003436426116838488
438 0.003436426116838488
3184 0.003436426116838488
635 0.003436426116838488
