vectorcardiographic 0.05670097067617657
groeben 0.05670097067617657
toole 0.05670097067617657
ca620211 0.05670097067617657
g 0.0125
j 0.0125
diagnosis 0.00625
with 0.00625
the 0.00625
aid 0.00625
of 0.00625
algol 0.00625
cacm 0.00625
february 0.00625
1962 0.00625
forsythe 0.00625
e 0.00625
von 0.00625
der 0.00625
jb 0.00625
march 0.00625
20 0.00625
1978 0.00625
3 0.00625
41 0.00625
pm 0.00625
249 0.00625
4 0.00625
632 0.00625
254 0.00625
272 0.00625
1102 0.00625
1109 0.00625
1140 0.00625
1188 0.00625
1306 0.00625
1464 0.00625
1491 0.00625
1767 0.00625
1781 0.00625
1787 0.00625
1949 0.00625
321 0.00625
2059 0.00625
2126 0.00625
435 0.00625
437 0.00625
463 0.00625
483 0.00625
491 0.00625
2732 0.00625
560 0.00625
583 0.00625
3073 0.00625
627 0.00625
631 0.00625
642 0.00625
644 0.00625
653 0.00625
680 0.00625
761 0.00625
762 0.00625
763 0.00625
123 0.00625
140 0.00625
919 0.00625
989 0.00625
196 0.00625
5 0.00625
