ca620209 0.1487238575112828
manipulation 0.01639344262295082
of 0.01639344262295082
trees 0.01639344262295082
in 0.01639344262295082
information 0.01639344262295082
retrieval 0.01639344262295082
cacm 0.01639344262295082
february 0.01639344262295082
1962 0.01639344262295082
salton 0.01639344262295082
g 0.01639344262295082
jb 0.01639344262295082
march 0.01639344262295082
20 0.01639344262295082
1978 0.01639344262295082
3 0.01639344262295082
44 0.01639344262295082
pm 0.01639344262295082
1087 0.01639344262295082
4 0.01639344262295082
634 0.01639344262295082
931 0.01639344262295082
5 0.01639344262295082
1324 0.01639344262295082
329 0.01639344262295082
202 0.01639344262295082
6 0.01639344262295082
396 0.01639344262295082
652 0.01639344262295082
653 0.01639344262295082
