ca620208 0.15376534420658053
j 0.03389830508474576
a 0.01694915254237288
note 0.01694915254237288
on 0.01694915254237288
multiplying 0.01694915254237288
boolean 0.01694915254237288
matrices 0.01694915254237288
cacm 0.01694915254237288
february 0.01694915254237288
1962 0.01694915254237288
baker 0.01694915254237288
jb 0.01694915254237288
march 0.01694915254237288
20 0.01694915254237288
1978 0.01694915254237288
3 0.01694915254237288
45 0.01694915254237288
pm 0.01694915254237288
1151 0.01694915254237288
5 0.01694915254237288
635 0.01694915254237288
1265 0.01694915254237288
2769 0.01694915254237288
404 0.01694915254237288
6 0.01694915254237288
464 0.01694915254237288
3184 0.01694915254237288
631 0.01694915254237288
