schwarz 0.04581896620297097
ca620201 0.04581896620297097
an 0.005050505050505051
introduction 0.005050505050505051
to 0.005050505050505051
algol 0.005050505050505051
cacm 0.005050505050505051
february 0.005050505050505051
1962 0.005050505050505051
h 0.005050505050505051
r 0.005050505050505051
jb 0.005050505050505051
march 0.005050505050505051
20 0.005050505050505051
1978 0.005050505050505051
3 0.005050505050505051
57 0.005050505050505051
pm 0.005050505050505051
205 0.005050505050505051
4 0.005050505050505051
642 0.005050505050505051
210 0.005050505050505051
214 0.005050505050505051
249 0.005050505050505051
254 0.005050505050505051
272 0.005050505050505051
1102 0.005050505050505051
1109 0.005050505050505051
1140 0.005050505050505051
1188 0.005050505050505051
1306 0.005050505050505051
1464 0.005050505050505051
1491 0.005050505050505051
1767 0.005050505050505051
1781 0.005050505050505051
1787 0.005050505050505051
1949 0.005050505050505051
1982 0.005050505050505051
321 0.005050505050505051
398 0.005050505050505051
2059 0.005050505050505051
2126 0.005050505050505051
435 0.005050505050505051
437 0.005050505050505051
463 0.005050505050505051
483 0.005050505050505051
491 0.005050505050505051
2732 0.005050505050505051
560 0.005050505050505051
583 0.005050505050505051
3073 0.005050505050505051
627 0.005050505050505051
631 0.005050505050505051
632 0.005050505050505051
644 0.005050505050505051
653 0.005050505050505051
669 0.005050505050505051
680 0.005050505050505051
761 0.005050505050505051
762 0.005050505050505051
763 0.005050505050505051
100 0.005050505050505051
123 0.005050505050505051
140 0.005050505050505051
164 0.005050505050505051
919 0.005050505050505051
989 0.005050505050505051
196 0.005050505050505051
5 0.005050505050505051
1 0.005050505050505051
1173 0.005050505050505051
6 0.005050505050505051
