the 0.03389830508474576
stings 0.0307530688413161
youden 0.0307530688413161
ca620115 0.0307530688413161
of 0.023728813559322035
language 0.01694915254237288
and 0.01694915254237288
a 0.013559322033898305
strings 0.013559322033898305
string 0.010169491525423728
for 0.010169491525423728
algol 0.010169491525423728
is 0.010169491525423728
with 0.010169491525423728
description 0.010169491525423728
manipulation 0.006779661016949152
on 0.006779661016949152
an 0.006779661016949152
computer 0.006779661016949152
proposed 0.006779661016949152
symbols 0.006779661016949152
in 0.006779661016949152
report 0.006779661016949152
by 0.006779661016949152
w 0.006779661016949152
symbol 0.003389830508474576
based 0.003389830508474576
60 0.003389830508474576
artificial 0.003389830508474576
programming 0.003389830508474576
describing 0.003389830508474576
characters 0.003389830508474576
concept 0.003389830508474576
introduced 0.003389830508474576
extended 0.003389830508474576
adding 0.003389830508474576
1 0.003389830508474576
declaration 0.003389830508474576
substrings 0.003389830508474576
arrays 0.003389830508474576
explicit 0.003389830508474576
lengths 0.003389830508474576
2 0.003389830508474576
ability 0.003389830508474576
to 0.003389830508474576
concatenate 0.003389830508474576
shift 0.003389830508474576
3 0.003389830508474576
ranking 0.003389830508474576
comparing 0.003389830508474576
boolean 0.003389830508474576
relations 0.003389830508474576
primer 0.003389830508474576
or 0.003389830508474576
informal 0.003389830508474576
followed 0.003389830508474576
examples 0.003389830508474576
experiments 0.003389830508474576
ibm 0.003389830508474576
704 0.003389830508474576
formal 0.003389830508474576
which 0.003389830508474576
taken 0.003389830508474576
defines 0.003389830508474576
cacm 0.003389830508474576
january 0.003389830508474576
1962 0.003389830508474576
wegstein 0.003389830508474576
j 0.003389830508474576
h 0.003389830508474576
jb 0.003389830508474576
march 0.003389830508474576
20 0.003389830508474576
1978 0.003389830508474576
4 0.003389830508474576
02 0.003389830508474576
pm 0.003389830508474576
249 0.003389830508474576
644 0.003389830508474576
254 0.003389830508474576
272 0.003389830508474576
1102 0.003389830508474576
1109 0.003389830508474576
1140 0.003389830508474576
1188 0.003389830508474576
1306 0.003389830508474576
1464 0.003389830508474576
1491 0.003389830508474576
1767 0.003389830508474576
1781 0.003389830508474576
1787 0.003389830508474576
1949 0.003389830508474576
321 0.003389830508474576
2059 0.003389830508474576
2126 0.003389830508474576
435 0.003389830508474576
437 0.003389830508474576
463 0.003389830508474576
483 0.003389830508474576
491 0.003389830508474576
2732 0.003389830508474576
560 0.003389830508474576
583 0.003389830508474576
3073 0.003389830508474576
627 0.003389830508474576
631 0.003389830508474576
632 0.003389830508474576
642 0.003389830508474576
653 0.003389830508474576
680 0.003389830508474576
761 0.003389830508474576
762 0.003389830508474576
763 0.003389830508474576
123 0.003389830508474576
140 0.003389830508474576
919 0.003389830508474576
989 0.003389830508474576
196 0.003389830508474576
5 0.003389830508474576
1084 0.003389830508474576
206 0.003389830508474576
207 0.003389830508474576
868 0.003389830508474576
6 0.003389830508474576
603 0.003389830508474576
669 0.003389830508474576
791 0.003389830508474576
797 0.003389830508474576
