ca620110 0.33600575215512035
factors 0.037037037037037035
algorithm 0.037037037037037035
75 0.037037037037037035
cacm 0.037037037037037035
january 0.037037037037037035
1962 0.037037037037037035
peck 0.037037037037037035
j 0.037037037037037035
e 0.037037037037037035
l 0.037037037037037035
jb 0.037037037037037035
march 0.037037037037037035
20 0.037037037037037035
1978 0.037037037037037035
4 0.037037037037037035
34 0.037037037037037035
pm 0.037037037037037035
649 0.037037037037037035
5 0.037037037037037035
