sable 0.21600369781400594
ca620107 0.21600369781400594
use 0.023809523809523808
of 0.023809523809523808
semantic 0.023809523809523808
structure 0.023809523809523808
in 0.023809523809523808
information 0.023809523809523808
systems 0.023809523809523808
cacm 0.023809523809523808
january 0.023809523809523808
1962 0.023809523809523808
j 0.023809523809523808
d 0.023809523809523808
jb 0.023809523809523808
march 0.023809523809523808
20 0.023809523809523808
1978 0.023809523809523808
4 0.023809523809523808
37 0.023809523809523808
pm 0.023809523809523808
1324 0.023809523809523808
5 0.023809523809523808
652 0.023809523809523808
634 0.023809523809523808
6 0.023809523809523808
653 0.023809523809523808
