couched 0.036878680114586386
semiformal 0.036878680114586386
ca620106 0.036878680114586386
translation 0.0040650406504065045
of 0.0040650406504065045
retrieval 0.0040650406504065045
requests 0.0040650406504065045
in 0.0040650406504065045
a 0.0040650406504065045
english-like 0.0040650406504065045
language 0.0040650406504065045
cacm 0.0040650406504065045
january 0.0040650406504065045
1962 0.0040650406504065045
cheatham 0.0040650406504065045
jr 0.0040650406504065045
t 0.0040650406504065045
e 0.0040650406504065045
warshall 0.0040650406504065045
s 0.0040650406504065045
jb 0.0040650406504065045
march 0.0040650406504065045
20 0.0040650406504065045
1978 0.0040650406504065045
4 0.0040650406504065045
39 0.0040650406504065045
pm 0.0040650406504065045
249 0.0040650406504065045
653 0.0040650406504065045
254 0.0040650406504065045
272 0.0040650406504065045
1046 0.0040650406504065045
1102 0.0040650406504065045
1105 0.0040650406504065045
1109 0.0040650406504065045
1139 0.0040650406504065045
1140 0.0040650406504065045
1188 0.0040650406504065045
1234 0.0040650406504065045
1263 0.0040650406504065045
1265 0.0040650406504065045
1306 0.0040650406504065045
1464 0.0040650406504065045
1491 0.0040650406504065045
1496 0.0040650406504065045
1767 0.0040650406504065045
1781 0.0040650406504065045
1787 0.0040650406504065045
1824 0.0040650406504065045
1949 0.0040650406504065045
321 0.0040650406504065045
2059 0.0040650406504065045
2126 0.0040650406504065045
2546 0.0040650406504065045
435 0.0040650406504065045
437 0.0040650406504065045
463 0.0040650406504065045
464 0.0040650406504065045
483 0.0040650406504065045
491 0.0040650406504065045
2732 0.0040650406504065045
560 0.0040650406504065045
583 0.0040650406504065045
584 0.0040650406504065045
3073 0.0040650406504065045
627 0.0040650406504065045
631 0.0040650406504065045
632 0.0040650406504065045
642 0.0040650406504065045
644 0.0040650406504065045
680 0.0040650406504065045
761 0.0040650406504065045
762 0.0040650406504065045
763 0.0040650406504065045
795 0.0040650406504065045
799 0.0040650406504065045
123 0.0040650406504065045
140 0.0040650406504065045
919 0.0040650406504065045
945 0.0040650406504065045
989 0.0040650406504065045
196 0.0040650406504065045
5 0.0040650406504065045
1324 0.0040650406504065045
404 0.0040650406504065045
892 0.0040650406504065045
634 0.0040650406504065045
6 0.0040650406504065045
652 0.0040650406504065045
656 0.0040650406504065045
