colilla 0.16200277336050448
ca620102 0.16200277336050448
information 0.017857142857142856
structures 0.017857142857142856
for 0.017857142857142856
processing 0.017857142857142856
and 0.017857142857142856
retrieving 0.017857142857142856
cacm 0.017857142857142856
january 0.017857142857142856
1962 0.017857142857142856
r 0.017857142857142856
a 0.017857142857142856
sams 0.017857142857142856
b 0.017857142857142856
h 0.017857142857142856
jb 0.017857142857142856
march 0.017857142857142856
20 0.017857142857142856
1978 0.017857142857142856
4 0.017857142857142856
48 0.017857142857142856
pm 0.017857142857142856
657 0.017857142857142856
1136 0.017857142857142856
5 0.017857142857142856
279 0.017857142857142856
409 0.017857142857142856
493 0.017857142857142856
6 0.017857142857142856
616 0.017857142857142856
