ca631215 0.2212720806875183
reversion 0.024390243902439025
of 0.024390243902439025
series 0.024390243902439025
algorithm 0.024390243902439025
193 0.024390243902439025
cacm 0.024390243902439025
december 0.024390243902439025
1963 0.024390243902439025
thacher 0.024390243902439025
jr 0.024390243902439025
h 0.024390243902439025
c 0.024390243902439025
jb 0.024390243902439025
march 0.024390243902439025
23 0.024390243902439025
1978 0.024390243902439025
8 0.024390243902439025
08 0.024390243902439025
pm 0.024390243902439025
1121 0.024390243902439025
4 0.024390243902439025
659 0.024390243902439025
964 0.024390243902439025
5 0.024390243902439025
759 0.024390243902439025
