ca631212 0.33600575215512035
shuttle 0.2953164081303756
sort 0.037037037037037035
algorithm 0.037037037037037035
175 0.037037037037037035
cacm 0.037037037037037035
december 0.037037037037037035
1963 0.037037037037037035
juelich 0.037037037037037035
o 0.037037037037037035
c 0.037037037037037035
jb 0.037037037037037035
march 0.037037037037037035
13 0.037037037037037035
1978 0.037037037037037035
2 0.037037037037037035
52 0.037037037037037035
pm 0.037037037037037035
662 0.037037037037037035
5 0.037037037037037035
