kase 0.2326193668766218
ca631208 0.2326193668766218
topological 0.02564102564102564
ordering 0.02564102564102564
for 0.02564102564102564
pert 0.02564102564102564
networks 0.02564102564102564
algorithm 0.02564102564102564
219 0.02564102564102564
cacm 0.02564102564102564
december 0.02564102564102564
1963 0.02564102564102564
r 0.02564102564102564
h 0.02564102564102564
jb 0.02564102564102564
march 0.02564102564102564
13 0.02564102564102564
1978 0.02564102564102564
2 0.02564102564102564
56 0.02564102564102564
pm 0.02564102564102564
1916 0.02564102564102564
5 0.02564102564102564
666 0.02564102564102564
1533 0.02564102564102564
6 0.02564102564102564
