lukehart 0.33600575215512035
ca631207 0.33600575215512035
merson 0.3103336343566038
kutta 0.037037037037037035
algorithm 0.037037037037037035
218 0.037037037037037035
cacm 0.037037037037037035
december 0.037037037037037035
1963 0.037037037037037035
p 0.037037037037037035
m 0.037037037037037035
jb 0.037037037037037035
march 0.037037037037037035
13 0.037037037037037035
1978 0.037037037037037035
2 0.037037037037037035
57 0.037037037037037035
pm 0.037037037037037035
667 0.037037037037037035
5 0.037037037037037035
