ca631205 0.027491379721782578
a 0.0030303030303030303
specification 0.0030303030303030303
of 0.0030303030303030303
jovial 0.0030303030303030303
cacm 0.0030303030303030303
december 0.0030303030303030303
1963 0.0030303030303030303
shaw 0.0030303030303030303
c 0.0030303030303030303
j 0.0030303030303030303
jb 0.0030303030303030303
march 0.0030303030303030303
13 0.0030303030303030303
1978 0.0030303030303030303
2 0.0030303030303030303
59 0.0030303030303030303
pm 0.0030303030303030303
205 0.0030303030303030303
4 0.0030303030303030303
669 0.0030303030303030303
210 0.0030303030303030303
214 0.0030303030303030303
1086 0.0030303030303030303
1132 0.0030303030303030303
1234 0.0030303030303030303
1263 0.0030303030303030303
1265 0.0030303030303030303
1270 0.0030303030303030303
1323 0.0030303030303030303
1358 0.0030303030303030303
1379 0.0030303030303030303
1380 0.0030303030303030303
1453 0.0030303030303030303
1464 0.0030303030303030303
1484 0.0030303030303030303
1491 0.0030303030303030303
1498 0.0030303030303030303
1613 0.0030303030303030303
1614 0.0030303030303030303
1781 0.0030303030303030303
1825 0.0030303030303030303
1860 0.0030303030303030303
1982 0.0030303030303030303
398 0.0030303030303030303
2083 0.0030303030303030303
2178 0.0030303030303030303
2179 0.0030303030303030303
2252 0.0030303030303030303
2325 0.0030303030303030303
2341 0.0030303030303030303
2546 0.0030303030303030303
2645 0.0030303030303030303
2652 0.0030303030303030303
2684 0.0030303030303030303
2842 0.0030303030303030303
2929 0.0030303030303030303
2934 0.0030303030303030303
3069 0.0030303030303030303
642 0.0030303030303030303
679 0.0030303030303030303
691 0.0030303030303030303
761 0.0030303030303030303
100 0.0030303030303030303
123 0.0030303030303030303
164 0.0030303030303030303
949 0.0030303030303030303
989 0.0030303030303030303
1 0.0030303030303030303
5 0.0030303030303030303
1084 0.0030303030303030303
1625 0.0030303030303030303
1945 0.0030303030303030303
410 0.0030303030303030303
3184 0.0030303030303030303
823 0.0030303030303030303
6 0.0030303030303030303
868 0.0030303030303030303
914 0.0030303030303030303
915 0.0030303030303030303
917 0.0030303030303030303
984 0.0030303030303030303
990 0.0030303030303030303
1012 0.0030303030303030303
1098 0.0030303030303030303
1122 0.0030303030303030303
1138 0.0030303030303030303
1139 0.0030303030303030303
1141 0.0030303030303030303
1200 0.0030303030303030303
1223 0.0030303030303030303
1248 0.0030303030303030303
1336 0.0030303030303030303
1396 0.0030303030303030303
1455 0.0030303030303030303
1477 0.0030303030303030303
1487 0.0030303030303030303
1496 0.0030303030303030303
483 0.0030303030303030303
584 0.0030303030303030303
603 0.0030303030303030303
644 0.0030303030303030303
680 0.0030303030303030303
763 0.0030303030303030303
791 0.0030303030303030303
797 0.0030303030303030303
