central-european 0.24519338670779056
ca590902 0.24519338670779056
computers 0.02702702702702703
cacm 0.02702702702702703
september 0.02702702702702703
1959 0.02702702702702703
blachman 0.02702702702702703
n 0.02702702702702703
m 0.02702702702702703
jb 0.02702702702702703
march 0.02702702702702703
22 0.02702702702702703
1978 0.02702702702702703
4 0.02702702702702703
52 0.02702702702702703
pm 0.02702702702702703
67 0.02702702702702703
41 0.02702702702702703
5 0.02702702702702703
79 0.02702702702702703
6 0.02702702702702703
