subprogramming 0.06503337138486201
admitting 0.032516685692431005
superscripts 0.032516685692431005
jan 0.032516685692431005
31-36 0.032516685692431005
prominent 0.032516685692431005
variably 0.032516685692431005
ca631113 0.032516685692431005
the 0.02867383512544803
in 0.021505376344086023
a 0.021505376344086023
of 0.021505376344086023
for 0.017921146953405017
madcap 0.014336917562724014
language 0.014336917562724014
and 0.014336917562724014
improvements 0.010752688172043012
is 0.010752688172043012
notation 0.010752688172043012
recent 0.007168458781362007
displayed 0.007168458781362007
this 0.007168458781362007
paper 0.007168458781362007
complex 0.007168458781362007
display 0.007168458781362007
logical 0.007168458781362007
control 0.007168458781362007
area 0.007168458781362007
programming 0.0035842293906810036
subscripts 0.0035842293906810036
certain 0.0035842293906810036
forms 0.0035842293906810036
formulas 0.0035842293906810036
basic 0.0035842293906810036
implementation 0.0035842293906810036
was 0.0035842293906810036
described 0.0035842293906810036
previous 0.0035842293906810036
scientific 0.0035842293906810036
compiler 0.0035842293906810036
formula 0.0035842293906810036
textbook 0.0035842293906810036
comm 0.0035842293906810036
acm 0.0035842293906810036
4 0.0035842293906810036
61 0.0035842293906810036
discusses 0.0035842293906810036
three 0.0035842293906810036
areas 0.0035842293906810036
most 0.0035842293906810036
are 0.0035842293906810036
integration 0.0035842293906810036
binomial 0.0035842293906810036
coefficients 0.0035842293906810036
chief 0.0035842293906810036
new 0.0035842293906810036
feature 0.0035842293906810036
nested 0.0035842293906810036
looping 0.0035842293906810036
discussion 0.0035842293906810036
focused 0.0035842293906810036
on 0.0035842293906810036
s 0.0035842293906810036
use 0.0035842293906810036
procedures 0.0035842293906810036
cacm 0.0035842293906810036
november 0.0035842293906810036
1963 0.0035842293906810036
wells 0.0035842293906810036
m 0.0035842293906810036
b 0.0035842293906810036
jb 0.0035842293906810036
march 0.0035842293906810036
13 0.0035842293906810036
1978 0.0035842293906810036
3 0.0035842293906810036
39 0.0035842293906810036
pm 0.0035842293906810036
1083 0.0035842293906810036
679 0.0035842293906810036
1086 0.0035842293906810036
1132 0.0035842293906810036
1234 0.0035842293906810036
1263 0.0035842293906810036
1265 0.0035842293906810036
1270 0.0035842293906810036
1323 0.0035842293906810036
1358 0.0035842293906810036
1379 0.0035842293906810036
1380 0.0035842293906810036
1396 0.0035842293906810036
1453 0.0035842293906810036
1464 0.0035842293906810036
1484 0.0035842293906810036
1491 0.0035842293906810036
1498 0.0035842293906810036
1613 0.0035842293906810036
1614 0.0035842293906810036
1781 0.0035842293906810036
1825 0.0035842293906810036
1860 0.0035842293906810036
2083 0.0035842293906810036
2178 0.0035842293906810036
2179 0.0035842293906810036
2252 0.0035842293906810036
2325 0.0035842293906810036
2341 0.0035842293906810036
2546 0.0035842293906810036
2645 0.0035842293906810036
2652 0.0035842293906810036
2684 0.0035842293906810036
2842 0.0035842293906810036
2929 0.0035842293906810036
2934 0.0035842293906810036
3069 0.0035842293906810036
669 0.0035842293906810036
691 0.0035842293906810036
761 0.0035842293906810036
949 0.0035842293906810036
989 0.0035842293906810036
407 0.0035842293906810036
5 0.0035842293906810036
21 0.0035842293906810036
3184 0.0035842293906810036
