error-correcting 0.014823783183314135
ca631112 0.014823783183314135
an 0.0016339869281045752
parse 0.0016339869281045752
algorithm 0.0016339869281045752
cacm 0.0016339869281045752
november 0.0016339869281045752
1963 0.0016339869281045752
irons 0.0016339869281045752
e 0.0016339869281045752
t 0.0016339869281045752
jb 0.0016339869281045752
march 0.0016339869281045752
13 0.0016339869281045752
1978 0.0016339869281045752
3 0.0016339869281045752
40 0.0016339869281045752
pm 0.0016339869281045752
249 0.0016339869281045752
4 0.0016339869281045752
680 0.0016339869281045752
254 0.0016339869281045752
272 0.0016339869281045752
1046 0.0016339869281045752
1102 0.0016339869281045752
1105 0.0016339869281045752
1109 0.0016339869281045752
1139 0.0016339869281045752
1140 0.0016339869281045752
1188 0.0016339869281045752
1234 0.0016339869281045752
1263 0.0016339869281045752
1265 0.0016339869281045752
1306 0.0016339869281045752
1464 0.0016339869281045752
1491 0.0016339869281045752
1496 0.0016339869281045752
1767 0.0016339869281045752
1781 0.0016339869281045752
1787 0.0016339869281045752
1824 0.0016339869281045752
1949 0.0016339869281045752
321 0.0016339869281045752
2059 0.0016339869281045752
2126 0.0016339869281045752
2546 0.0016339869281045752
435 0.0016339869281045752
437 0.0016339869281045752
463 0.0016339869281045752
464 0.0016339869281045752
483 0.0016339869281045752
491 0.0016339869281045752
2732 0.0016339869281045752
560 0.0016339869281045752
583 0.0016339869281045752
584 0.0016339869281045752
3073 0.0016339869281045752
627 0.0016339869281045752
631 0.0016339869281045752
632 0.0016339869281045752
642 0.0016339869281045752
644 0.0016339869281045752
653 0.0016339869281045752
761 0.0016339869281045752
762 0.0016339869281045752
763 0.0016339869281045752
795 0.0016339869281045752
799 0.0016339869281045752
123 0.0016339869281045752
140 0.0016339869281045752
919 0.0016339869281045752
945 0.0016339869281045752
989 0.0016339869281045752
196 0.0016339869281045752
5 0.0016339869281045752
1225 0.0016339869281045752
1350 0.0016339869281045752
1646 0.0016339869281045752
1945 0.0016339869281045752
2650 0.0016339869281045752
2698 0.0016339869281045752
2708 0.0016339869281045752
404 0.0016339869281045752
3093 0.0016339869281045752
823 0.0016339869281045752
6 0.0016339869281045752
830 0.0016339869281045752
914 0.0016339869281045752
915 0.0016339869281045752
917 0.0016339869281045752
984 0.0016339869281045752
987 0.0016339869281045752
990 0.0016339869281045752
1007 0.0016339869281045752
1012 0.0016339869281045752
1072 0.0016339869281045752
1084 0.0016339869281045752
1098 0.0016339869281045752
1122 0.0016339869281045752
1131 0.0016339869281045752
1138 0.0016339869281045752
1141 0.0016339869281045752
1149 0.0016339869281045752
1179 0.0016339869281045752
1198 0.0016339869281045752
1200 0.0016339869281045752
1215 0.0016339869281045752
1223 0.0016339869281045752
1303 0.0016339869281045752
1323 0.0016339869281045752
1336 0.0016339869281045752
1358 0.0016339869281045752
1366 0.0016339869281045752
1396 0.0016339869281045752
1399 0.0016339869281045752
1421 0.0016339869281045752
1455 0.0016339869281045752
1460 0.0016339869281045752
1462 0.0016339869281045752
1463 0.0016339869281045752
1467 0.0016339869281045752
1468 0.0016339869281045752
1477 0.0016339869281045752
1487 0.0016339869281045752
1531 0.0016339869281045752
1535 0.0016339869281045752
1565 0.0016339869281045752
1601 0.0016339869281045752
1602 0.0016339869281045752
1613 0.0016339869281045752
1614 0.0016339869281045752
1626 0.0016339869281045752
1641 0.0016339869281045752
1647 0.0016339869281045752
1788 0.0016339869281045752
205 0.0016339869281045752
224 0.0016339869281045752
288 0.0016339869281045752
316 0.0016339869281045752
381 0.0016339869281045752
398 0.0016339869281045752
2110 0.0016339869281045752
2111 0.0016339869281045752
11 0.0016339869281045752
2179 0.0016339869281045752
2534 0.0016339869281045752
2556 0.0016339869281045752
410 0.0016339869281045752
3184 0.0016339869281045752
3188 0.0016339869281045752
576 0.0016339869281045752
600 0.0016339869281045752
669 0.0016339869281045752
691 0.0016339869281045752
