ca631105 0.33600575215512035
shanks 0.037037037037037035
algorithm 0.037037037037037035
215 0.037037037037037035
cacm 0.037037037037037035
november 0.037037037037037035
1963 0.037037037037037035
thacher 0.037037037037037035
jr 0.037037037037037035
h 0.037037037037037035
c 0.037037037037037035
jb 0.037037037037037035
march 0.037037037037037035
13 0.037037037037037035
1978 0.037037037037037035
3 0.037037037037037035
48 0.037037037037037035
pm 0.037037037037037035
687 0.037037037037037035
5 0.037037037037037035
