apt 0.09186992717152659
drayton 0.022967481792881647
mittman 0.022967481792881647
ca631101 0.022967481792881647
the 0.012658227848101266
of 0.010126582278481013
a 0.007594936708860759
language 0.005063291139240506
are 0.005063291139240506
description 0.002531645569620253
automatically 0.002531645569620253
programmed 0.002531645569620253
tools 0.002531645569620253
for 0.002531645569620253
numerical 0.002531645569620253
control 0.002531645569620253
programming 0.002531645569620253
is 0.002531645569620253
described 0.002531645569620253
using 0.002531645569620253
metalinguistic 0.002531645569620253
notation 0.002531645569620253
introduced 0.002531645569620253
in 0.002531645569620253
algol 0.002531645569620253
60 0.002531645569620253
report 0.002531645569620253
examples 0.002531645569620253
usage 0.002531645569620253
included 0.002531645569620253
presented 0.002531645569620253
also 0.002531645569620253
an 0.002531645569620253
historical 0.002531645569620253
summary 0.002531645569620253
development 0.002531645569620253
and 0.002531645569620253
statement 0.002531645569620253
concerning 0.002531645569620253
its 0.002531645569620253
present 0.002531645569620253
status 0.002531645569620253
cacm 0.002531645569620253
november 0.002531645569620253
1963 0.002531645569620253
brown 0.002531645569620253
s 0.002531645569620253
c 0.002531645569620253
e 0.002531645569620253
b 0.002531645569620253
jb 0.002531645569620253
march 0.002531645569620253
13 0.002531645569620253
1978 0.002531645569620253
3 0.002531645569620253
59 0.002531645569620253
pm 0.002531645569620253
1086 0.002531645569620253
4 0.002531645569620253
691 0.002531645569620253
1132 0.002531645569620253
1234 0.002531645569620253
1263 0.002531645569620253
1265 0.002531645569620253
1270 0.002531645569620253
1323 0.002531645569620253
1358 0.002531645569620253
1379 0.002531645569620253
1380 0.002531645569620253
1453 0.002531645569620253
1464 0.002531645569620253
1484 0.002531645569620253
1491 0.002531645569620253
1498 0.002531645569620253
1613 0.002531645569620253
1614 0.002531645569620253
1781 0.002531645569620253
1825 0.002531645569620253
1860 0.002531645569620253
1945 0.002531645569620253
2083 0.002531645569620253
2126 0.002531645569620253
2178 0.002531645569620253
2179 0.002531645569620253
2252 0.002531645569620253
2325 0.002531645569620253
2341 0.002531645569620253
2546 0.002531645569620253
2645 0.002531645569620253
2652 0.002531645569620253
2684 0.002531645569620253
2842 0.002531645569620253
2929 0.002531645569620253
2934 0.002531645569620253
3069 0.002531645569620253
669 0.002531645569620253
679 0.002531645569620253
761 0.002531645569620253
949 0.002531645569620253
989 0.002531645569620253
5 0.002531645569620253
3184 0.002531645569620253
823 0.002531645569620253
123 0.002531645569620253
6 0.002531645569620253
196 0.002531645569620253
919 0.002531645569620253
990 0.002531645569620253
1007 0.002531645569620253
1046 0.002531645569620253
1131 0.002531645569620253
1139 0.002531645569620253
1140 0.002531645569620253
1149 0.002531645569620253
1198 0.002531645569620253
1215 0.002531645569620253
1223 0.002531645569620253
1303 0.002531645569620253
1366 0.002531645569620253
1421 0.002531645569620253
1460 0.002531645569620253
1462 0.002531645569620253
1463 0.002531645569620253
1467 0.002531645569620253
1468 0.002531645569620253
1477 0.002531645569620253
1496 0.002531645569620253
1531 0.002531645569620253
1535 0.002531645569620253
1565 0.002531645569620253
1601 0.002531645569620253
1602 0.002531645569620253
1626 0.002531645569620253
1641 0.002531645569620253
1787 0.002531645569620253
1788 0.002531645569620253
205 0.002531645569620253
224 0.002531645569620253
249 0.002531645569620253
288 0.002531645569620253
316 0.002531645569620253
381 0.002531645569620253
398 0.002531645569620253
11 0.002531645569620253
404 0.002531645569620253
410 0.002531645569620253
463 0.002531645569620253
464 0.002531645569620253
483 0.002531645569620253
3188 0.002531645569620253
584 0.002531645569620253
600 0.002531645569620253
680 0.002531645569620253
763 0.002531645569620253
799 0.002531645569620253
