ca631018 0.2212720806875183
ibbetson 0.20436605189337326
erf 0.024390243902439025
x 0.024390243902439025
algorithm 0.024390243902439025
123 0.024390243902439025
cacm 0.024390243902439025
october 0.024390243902439025
1963 0.024390243902439025
d 0.024390243902439025
jb 0.024390243902439025
march 0.024390243902439025
13 0.024390243902439025
1978 0.024390243902439025
5 0.024390243902439025
40 0.024390243902439025
pm 0.024390243902439025
1583 0.024390243902439025
707 0.024390243902439025
831 0.024390243902439025
6 0.024390243902439025
967 0.024390243902439025
1126 0.024390243902439025
