ca631011 0.10309267395668467
gauss 0.011363636363636364
algorithm 0.011363636363636364
209 0.011363636363636364
cacm 0.011363636363636364
october 0.011363636363636364
1963 0.011363636363636364
ibbetson 0.011363636363636364
d 0.011363636363636364
jb 0.011363636363636364
march 0.011363636363636364
13 0.011363636363636364
1978 0.011363636363636364
5 0.011363636363636364
52 0.011363636363636364
pm 0.011363636363636364
1157 0.011363636363636364
714 0.011363636363636364
1779 0.011363636363636364
1920 0.011363636363636364
1944 0.011363636363636364
1987 0.011363636363636364
2548 0.011363636363636364
836 0.011363636363636364
6 0.011363636363636364
1081 0.011363636363636364
1561 0.011363636363636364
1581 0.011363636363636364
1778 0.011363636363636364
485 0.011363636363636364
