ca631009 0.1440024652093373
13,1978 0.1440024652093373
stringsort 0.015873015873015872
algorithm 0.015873015873015872
207 0.015873015873015872
cacm 0.015873015873015872
october 0.015873015873015872
1963 0.015873015873015872
boothroyd 0.015873015873015872
j 0.015873015873015872
jb 0.015873015873015872
march 0.015873015873015872
5 0.015873015873015872
54 0.015873015873015872
pm 0.015873015873015872
2679 0.015873015873015872
716 0.015873015873015872
970 0.015873015873015872
6 0.015873015873015872
1175 0.015873015873015872
1190 0.015873015873015872
1228 0.015873015873015872
1969 0.015873015873015872
1997 0.015873015873015872
308 0.015873015873015872
2042 0.015873015873015872
3187 0.015873015873015872
507 0.015873015873015872
783 0.015873015873015872
