format-free 0.10080172564653612
ca631005 0.10080172564653612
m 0.022222222222222223
p 0.022222222222222223
input 0.011111111111111112
in 0.011111111111111112
fortran 0.011111111111111112
cacm 0.011111111111111112
october 0.011111111111111112
1963 0.011111111111111112
bailey 0.011111111111111112
j 0.011111111111111112
barnett 0.011111111111111112
futrelle 0.011111111111111112
r 0.011111111111111112
jb 0.011111111111111112
march 0.011111111111111112
13 0.011111111111111112
1978 0.011111111111111112
6 0.011111111111111112
26 0.011111111111111112
pm 0.011111111111111112
1053 0.011111111111111112
4 0.011111111111111112
720 0.011111111111111112
1062 0.011111111111111112
1121 0.011111111111111112
1139 0.011111111111111112
1265 0.011111111111111112
1781 0.011111111111111112
464 0.011111111111111112
759 0.011111111111111112
5 0.011111111111111112
265 0.011111111111111112
474 0.011111111111111112
435 0.011111111111111112
718 0.011111111111111112
