ca630929 0.06770265155364366
a 0.007462686567164179
generalization 0.007462686567164179
of 0.007462686567164179
algol 0.007462686567164179
cacm 0.007462686567164179
september 0.007462686567164179
1963 0.007462686567164179
wirth 0.007462686567164179
n 0.007462686567164179
jb 0.007462686567164179
march 0.007462686567164179
13 0.007462686567164179
1978 0.007462686567164179
7 0.007462686567164179
02 0.007462686567164179
pm 0.007462686567164179
1135 0.007462686567164179
4 0.007462686567164179
729 0.007462686567164179
1136 0.007462686567164179
1781 0.007462686567164179
493 0.007462686567164179
2710 0.007462686567164179
2765 0.007462686567164179
2888 0.007462686567164179
2906 0.007462686567164179
989 0.007462686567164179
1037 0.007462686567164179
5 0.007462686567164179
1234 0.007462686567164179
1358 0.007462686567164179
288 0.007462686567164179
1491 0.007462686567164179
616 0.007462686567164179
196 0.007462686567164179
6 0.007462686567164179
944 0.007462686567164179
1140 0.007462686567164179
1303 0.007462686567164179
1460 0.007462686567164179
205 0.007462686567164179
321 0.007462686567164179
385 0.007462686567164179
400 0.007462686567164179
402 0.007462686567164179
404 0.007462686567164179
3184 0.007462686567164179
799 0.007462686567164179
