ca630927 0.021703720832986245
a 0.01674641148325359
of 0.011961722488038277
in 0.009569377990430622
list 0.007177033492822967
system 0.007177033492822967
is 0.007177033492822967
the 0.007177033492822967
set 0.007177033492822967
which 0.004784688995215311
and 0.004784688995215311
as 0.004784688995215311
subroutines 0.004784688995215311
machine 0.004784688995215311
language 0.004784688995215311
fortran 0.004784688995215311
programs 0.004784688995215311
depending 0.004784688995215311
on 0.004784688995215311
only 0.004784688995215311
limited 0.004784688995215311
are 0.004784688995215311
symmetric 0.0023923444976076554
processor 0.0023923444976076554
processing 0.0023923444976076554
each 0.0023923444976076554
cell 0.0023923444976076554
contains 0.0023923444976076554
both 0.0023923444976076554
forward 0.0023923444976076554
backward 0.0023923444976076554
link 0.0023923444976076554
well 0.0023923444976076554
datum 0.0023923444976076554
described 0.0023923444976076554
this 0.0023923444976076554
intended 0.0023923444976076554
for 0.0023923444976076554
imbeding 0.0023923444976076554
higher 0.0023923444976076554
level 0.0023923444976076554
languages 0.0023923444976076554
capable 0.0023923444976076554
calling 0.0023923444976076554
functions 0.0023923444976076554
coded 0.0023923444976076554
presentation 0.0023923444976076554
form 0.0023923444976076554
primitive 0.0023923444976076554
also 0.0023923444976076554
defined 0.0023923444976076554
finally 0.0023923444976076554
field 0.0023923444976076554
particularly 0.0023923444976076554
character 0.0023923444976076554
manipulation 0.0023923444976076554
primitives 0.0023923444976076554
given 0.0023923444976076554
to 0.0023923444976076554
round 0.0023923444976076554
out 0.0023923444976076554
cacm 0.0023923444976076554
september 0.0023923444976076554
1963 0.0023923444976076554
weizenbaum 0.0023923444976076554
j 0.0023923444976076554
jb 0.0023923444976076554
march 0.0023923444976076554
13 0.0023923444976076554
1978 0.0023923444976076554
7 0.0023923444976076554
10 0.0023923444976076554
pm 0.0023923444976076554
1050 0.0023923444976076554
4 0.0023923444976076554
731 0.0023923444976076554
1102 0.0023923444976076554
1549 0.0023923444976076554
378 0.0023923444976076554
2723 0.0023923444976076554
2882 0.0023923444976076554
3008 0.0023923444976076554
793 0.0023923444976076554
798 0.0023923444976076554
1024 0.0023923444976076554
5 0.0023923444976076554
1051 0.0023923444976076554
1098 0.0023923444976076554
1214 0.0023923444976076554
209 0.0023923444976076554
1380 0.0023923444976076554
1388 0.0023923444976076554
1393 0.0023923444976076554
1485 0.0023923444976076554
1487 0.0023923444976076554
1570 0.0023923444976076554
1878 0.0023923444976076554
1946 0.0023923444976076554
1957 0.0023923444976076554
2168 0.0023923444976076554
2857 0.0023923444976076554
3112 0.0023923444976076554
627 0.0023923444976076554
878 0.0023923444976076554
6 0.0023923444976076554
106 0.0023923444976076554
902 0.0023923444976076554
1093 0.0023923444976076554
1132 0.0023923444976076554
1177 0.0023923444976076554
1387 0.0023923444976076554
1389 0.0023923444976076554
1421 0.0023923444976076554
1626 0.0023923444976076554
1749 0.0023923444976076554
1826 0.0023923444976076554
210 0.0023923444976076554
1860 0.0023923444976076554
296 0.0023923444976076554
1972 0.0023923444976076554
360 0.0023923444976076554
2438 0.0023923444976076554
2651 0.0023923444976076554
2736 0.0023923444976076554
2833 0.0023923444976076554
2838 0.0023923444976076554
405 0.0023923444976076554
406 0.0023923444976076554
3184 0.0023923444976076554
753 0.0023923444976076554
794 0.0023923444976076554
799 0.0023923444976076554
