ca630920 0.33600575215512035
fourier 0.037037037037037035
series 0.037037037037037035
approximation 0.037037037037037035
algorithm 0.037037037037037035
157 0.037037037037037035
cacm 0.037037037037037035
september 0.037037037037037035
1963 0.037037037037037035
george 0.037037037037037035
r 0.037037037037037035
jb 0.037037037037037035
march 0.037037037037037035
13 0.037037037037037035
1978 0.037037037037037035
7 0.037037037037037035
20 0.037037037037037035
pm 0.037037037037037035
738 0.037037037037037035
5 0.037037037037037035
