ca590704 0.12096207077584335
a 0.013333333333333334
high-speed 0.013333333333333334
sorting 0.013333333333333334
procedure 0.013333333333333334
cacm 0.013333333333333334
july 0.013333333333333334
1959 0.013333333333333334
shell 0.013333333333333334
d 0.013333333333333334
l 0.013333333333333334
jb 0.013333333333333334
march 0.013333333333333334
22 0.013333333333333334
1978 0.013333333333333334
6 0.013333333333333334
20 0.013333333333333334
pm 0.013333333333333334
1919 0.013333333333333334
5 0.013333333333333334
74 0.013333333333333334
852 0.013333333333333334
864 0.013333333333333334
865 0.013333333333333334
1175 0.013333333333333334
232 0.013333333333333334
308 0.013333333333333334
309 0.013333333333333334
3187 0.013333333333333334
