haubrich 0.33600575215512035
ca630914 0.33600575215512035
ative 0.037037037037037035
algorithm 0.037037037037037035
205 0.037037037037037035
cacm 0.037037037037037035
september 0.037037037037037035
1963 0.037037037037037035
j 0.037037037037037035
g 0.037037037037037035
a 0.037037037037037035
jb 0.037037037037037035
march 0.037037037037037035
13 0.037037037037037035
1978 0.037037037037037035
7 0.037037037037037035
28 0.037037037037037035
pm 0.037037037037037035
744 0.037037037037037035
5 0.037037037037037035
