ca630908 0.2326193668766218
newbery 0.21484636224687956
pei 0.02564102564102564
matrix 0.02564102564102564
eigenvectors 0.02564102564102564
cacm 0.02564102564102564
september 0.02564102564102564
1963 0.02564102564102564
a 0.02564102564102564
c 0.02564102564102564
r 0.02564102564102564
jb 0.02564102564102564
march 0.02564102564102564
13 0.02564102564102564
1978 0.02564102564102564
7 0.02564102564102564
36 0.02564102564102564
pm 0.02564102564102564
5 0.02564102564102564
750 0.02564102564102564
909 0.02564102564102564
6 0.02564102564102564
475 0.02564102564102564
