egler 0.08323078264392891
ca630905 0.08323078264392891
a 0.009174311926605505
procedure 0.009174311926605505
for 0.009174311926605505
converting 0.009174311926605505
logic 0.009174311926605505
table 0.009174311926605505
conditions 0.009174311926605505
into 0.009174311926605505
an 0.009174311926605505
efficient 0.009174311926605505
sequence 0.009174311926605505
of 0.009174311926605505
test 0.009174311926605505
instructions 0.009174311926605505
cacm 0.009174311926605505
september 0.009174311926605505
1963 0.009174311926605505
j 0.009174311926605505
f 0.009174311926605505
jb 0.009174311926605505
march 0.009174311926605505
13 0.009174311926605505
1978 0.009174311926605505
7 0.009174311926605505
40 0.009174311926605505
pm 0.009174311926605505
1237 0.009174311926605505
4 0.009174311926605505
753 0.009174311926605505
2220 0.009174311926605505
5 0.009174311926605505
250 0.009174311926605505
1549 0.009174311926605505
1564 0.009174311926605505
2453 0.009174311926605505
106 0.009174311926605505
6 0.009174311926605505
1051 0.009174311926605505
1172 0.009174311926605505
1354 0.009174311926605505
210 0.009174311926605505
320 0.009174311926605505
2053 0.009174311926605505
406 0.009174311926605505
627 0.009174311926605505
731 0.009174311926605505
