sketch 0.02614453979304971
ca630837 0.02614453979304971
a 0.01440922190201729
the 0.01440922190201729
of 0.011527377521613832
algol 0.005763688760806916
some 0.005763688760806916
note 0.002881844380403458
on 0.002881844380403458
dangling 0.002881844380403458
else 0.002881844380403458
in 0.002881844380403458
60 0.002881844380403458
revisions 0.002881844380403458
are 0.002881844380403458
proposed 0.002881844380403458
which 0.002881844380403458
not 0.002881844380403458
only 0.002881844380403458
eliminate 0.002881844380403458
certain 0.002881844380403458
ambiguous 0.002881844380403458
statements 0.002881844380403458
but 0.002881844380403458
also 0.002881844380403458
add 0.002881844380403458
convenience 0.002881844380403458
to 0.002881844380403458
language 0.002881844380403458
discussion 0.002881844380403458
background 0.002881844380403458
problem 0.002881844380403458
and 0.002881844380403458
proof 0.002881844380403458
that 0.002881844380403458
ambiguities 0.002881844380403458
have 0.002881844380403458
been 0.002881844380403458
removed 0.002881844380403458
is 0.002881844380403458
included 0.002881844380403458
cacm 0.002881844380403458
august 0.002881844380403458
1963 0.002881844380403458
kaupe 0.002881844380403458
jr 0.002881844380403458
f 0.002881844380403458
jb 0.002881844380403458
march 0.002881844380403458
13 0.002881844380403458
1978 0.002881844380403458
8 0.002881844380403458
06 0.002881844380403458
pm 0.002881844380403458
249 0.002881844380403458
4 0.002881844380403458
761 0.002881844380403458
254 0.002881844380403458
272 0.002881844380403458
1086 0.002881844380403458
1102 0.002881844380403458
1109 0.002881844380403458
1132 0.002881844380403458
1140 0.002881844380403458
1188 0.002881844380403458
1234 0.002881844380403458
1263 0.002881844380403458
1265 0.002881844380403458
1270 0.002881844380403458
1306 0.002881844380403458
1323 0.002881844380403458
1358 0.002881844380403458
1379 0.002881844380403458
1380 0.002881844380403458
1453 0.002881844380403458
1464 0.002881844380403458
1484 0.002881844380403458
1491 0.002881844380403458
1498 0.002881844380403458
1613 0.002881844380403458
1614 0.002881844380403458
1767 0.002881844380403458
1781 0.002881844380403458
1787 0.002881844380403458
1825 0.002881844380403458
1860 0.002881844380403458
1949 0.002881844380403458
321 0.002881844380403458
2059 0.002881844380403458
2083 0.002881844380403458
2126 0.002881844380403458
2178 0.002881844380403458
2179 0.002881844380403458
2252 0.002881844380403458
2325 0.002881844380403458
2341 0.002881844380403458
2546 0.002881844380403458
435 0.002881844380403458
437 0.002881844380403458
463 0.002881844380403458
483 0.002881844380403458
491 0.002881844380403458
2645 0.002881844380403458
2652 0.002881844380403458
2684 0.002881844380403458
2732 0.002881844380403458
2842 0.002881844380403458
2929 0.002881844380403458
2934 0.002881844380403458
560 0.002881844380403458
583 0.002881844380403458
3069 0.002881844380403458
3073 0.002881844380403458
627 0.002881844380403458
631 0.002881844380403458
632 0.002881844380403458
642 0.002881844380403458
644 0.002881844380403458
653 0.002881844380403458
669 0.002881844380403458
679 0.002881844380403458
680 0.002881844380403458
691 0.002881844380403458
762 0.002881844380403458
763 0.002881844380403458
123 0.002881844380403458
140 0.002881844380403458
919 0.002881844380403458
949 0.002881844380403458
989 0.002881844380403458
196 0.002881844380403458
5 0.002881844380403458
947 0.002881844380403458
3184 0.002881844380403458
6 0.002881844380403458
1477 0.002881844380403458
