diforino 0.04749819533082854
ca630836 0.04749819533082854
some 0.005235602094240838
remarks 0.005235602094240838
on 0.005235602094240838
the 0.005235602094240838
syntax 0.005235602094240838
of 0.005235602094240838
symbolic 0.005235602094240838
programming 0.005235602094240838
languages 0.005235602094240838
cacm 0.005235602094240838
august 0.005235602094240838
1963 0.005235602094240838
a 0.005235602094240838
c 0.005235602094240838
jb 0.005235602094240838
march 0.005235602094240838
13 0.005235602094240838
1978 0.005235602094240838
8 0.005235602094240838
07 0.005235602094240838
pm 0.005235602094240838
249 0.005235602094240838
4 0.005235602094240838
762 0.005235602094240838
254 0.005235602094240838
272 0.005235602094240838
1102 0.005235602094240838
1109 0.005235602094240838
1140 0.005235602094240838
1142 0.005235602094240838
1188 0.005235602094240838
1306 0.005235602094240838
1425 0.005235602094240838
1464 0.005235602094240838
1491 0.005235602094240838
1767 0.005235602094240838
1781 0.005235602094240838
1787 0.005235602094240838
1945 0.005235602094240838
1949 0.005235602094240838
321 0.005235602094240838
2059 0.005235602094240838
2126 0.005235602094240838
435 0.005235602094240838
437 0.005235602094240838
438 0.005235602094240838
463 0.005235602094240838
483 0.005235602094240838
491 0.005235602094240838
2732 0.005235602094240838
560 0.005235602094240838
583 0.005235602094240838
3073 0.005235602094240838
627 0.005235602094240838
631 0.005235602094240838
632 0.005235602094240838
642 0.005235602094240838
644 0.005235602094240838
653 0.005235602094240838
680 0.005235602094240838
761 0.005235602094240838
763 0.005235602094240838
123 0.005235602094240838
140 0.005235602094240838
919 0.005235602094240838
949 0.005235602094240838
989 0.005235602094240838
196 0.005235602094240838
5 0.005235602094240838
