ca630835 0.01487238575112828
a 0.001639344262295082
syntax 0.001639344262295082
controlled 0.001639344262295082
generator 0.001639344262295082
of 0.001639344262295082
formal 0.001639344262295082
language 0.001639344262295082
processors 0.001639344262295082
cacm 0.001639344262295082
august 0.001639344262295082
1963 0.001639344262295082
eickel 0.001639344262295082
j 0.001639344262295082
bauer 0.001639344262295082
f 0.001639344262295082
l 0.001639344262295082
paul 0.001639344262295082
m 0.001639344262295082
samelson 0.001639344262295082
k 0.001639344262295082
jb 0.001639344262295082
march 0.001639344262295082
13 0.001639344262295082
1978 0.001639344262295082
8 0.001639344262295082
08 0.001639344262295082
pm 0.001639344262295082
249 0.001639344262295082
4 0.001639344262295082
763 0.001639344262295082
254 0.001639344262295082
267 0.001639344262295082
272 0.001639344262295082
1046 0.001639344262295082
1102 0.001639344262295082
1105 0.001639344262295082
1109 0.001639344262295082
1139 0.001639344262295082
1140 0.001639344262295082
1141 0.001639344262295082
1188 0.001639344262295082
1215 0.001639344262295082
1223 0.001639344262295082
1234 0.001639344262295082
1263 0.001639344262295082
1265 0.001639344262295082
1306 0.001639344262295082
1464 0.001639344262295082
1491 0.001639344262295082
1496 0.001639344262295082
1647 0.001639344262295082
1665 0.001639344262295082
1767 0.001639344262295082
1781 0.001639344262295082
1787 0.001639344262295082
1792 0.001639344262295082
1824 0.001639344262295082
1949 0.001639344262295082
321 0.001639344262295082
364 0.001639344262295082
2059 0.001639344262295082
2126 0.001639344262295082
405 0.001639344262295082
2546 0.001639344262295082
435 0.001639344262295082
437 0.001639344262295082
438 0.001639344262295082
463 0.001639344262295082
464 0.001639344262295082
483 0.001639344262295082
491 0.001639344262295082
2732 0.001639344262295082
560 0.001639344262295082
583 0.001639344262295082
584 0.001639344262295082
3073 0.001639344262295082
627 0.001639344262295082
631 0.001639344262295082
632 0.001639344262295082
642 0.001639344262295082
644 0.001639344262295082
653 0.001639344262295082
680 0.001639344262295082
761 0.001639344262295082
762 0.001639344262295082
795 0.001639344262295082
799 0.001639344262295082
123 0.001639344262295082
140 0.001639344262295082
919 0.001639344262295082
945 0.001639344262295082
989 0.001639344262295082
196 0.001639344262295082
5 0.001639344262295082
224 0.001639344262295082
1945 0.001639344262295082
2603 0.001639344262295082
404 0.001639344262295082
412 0.001639344262295082
823 0.001639344262295082
6 0.001639344262295082
914 0.001639344262295082
915 0.001639344262295082
917 0.001639344262295082
984 0.001639344262295082
990 0.001639344262295082
1007 0.001639344262295082
1012 0.001639344262295082
1025 0.001639344262295082
1084 0.001639344262295082
1098 0.001639344262295082
1122 0.001639344262295082
1131 0.001639344262295082
1138 0.001639344262295082
1149 0.001639344262295082
1198 0.001639344262295082
1200 0.001639344262295082
1303 0.001639344262295082
1323 0.001639344262295082
1336 0.001639344262295082
1358 0.001639344262295082
1366 0.001639344262295082
1396 0.001639344262295082
1421 0.001639344262295082
1455 0.001639344262295082
1460 0.001639344262295082
1462 0.001639344262295082
1463 0.001639344262295082
1467 0.001639344262295082
1468 0.001639344262295082
1477 0.001639344262295082
1487 0.001639344262295082
1531 0.001639344262295082
1535 0.001639344262295082
1565 0.001639344262295082
1601 0.001639344262295082
1602 0.001639344262295082
1613 0.001639344262295082
1614 0.001639344262295082
1626 0.001639344262295082
1641 0.001639344262295082
1788 0.001639344262295082
205 0.001639344262295082
288 0.001639344262295082
316 0.001639344262295082
381 0.001639344262295082
398 0.001639344262295082
11 0.001639344262295082
410 0.001639344262295082
3184 0.001639344262295082
3188 0.001639344262295082
600 0.001639344262295082
669 0.001639344262295082
691 0.001639344262295082
