ca630832 0.33600575215512035
xy-move 0.3103336343566038
plotting 0.037037037037037035
algorithm 0.037037037037037035
162 0.037037037037037035
cacm 0.037037037037037035
august 0.037037037037037035
1963 0.037037037037037035
fletcher 0.037037037037037035
w 0.037037037037037035
e 0.037037037037037035
jb 0.037037037037037035
march 0.037037037037037035
13 0.037037037037037035
1978 0.037037037037037035
8 0.037037037037037035
12 0.037037037037037035
pm 0.037037037037037035
766 0.037037037037037035
5 0.037037037037037035
