gat 0.07888830702772391
ca590701 0.07888830702772391
on 0.008695652173913044
and 0.008695652173913044
the 0.008695652173913044
construction 0.008695652173913044
of 0.008695652173913044
translators 0.008695652173913044
cacm 0.008695652173913044
july 0.008695652173913044
1959 0.008695652173913044
arden 0.008695652173913044
b 0.008695652173913044
graham 0.008695652173913044
r 0.008695652173913044
jb 0.008695652173913044
march 0.008695652173913044
22 0.008695652173913044
1978 0.008695652173913044
6 0.008695652173913044
24 0.008695652173913044
pm 0.008695652173913044
1134 0.008695652173913044
5 0.008695652173913044
77 0.008695652173913044
1141 0.008695652173913044
364 0.008695652173913044
405 0.008695652173913044
438 0.008695652173913044
44 0.008695652173913044
561 0.008695652173913044
100 0.008695652173913044
224 0.008695652173913044
249 0.008695652173913044
303 0.008695652173913044
393 0.008695652173913044
17 0.008695652173913044
55 0.008695652173913044
93 0.008695652173913044
98 0.008695652173913044
408 0.008695652173913044
