ca630825 0.19302458102528192
matrix 0.02127659574468085
inversion 0.02127659574468085
algorithm 0.02127659574468085
140 0.02127659574468085
cacm 0.02127659574468085
august 0.02127659574468085
1963 0.02127659574468085
george 0.02127659574468085
r 0.02127659574468085
jb 0.02127659574468085
march 0.02127659574468085
13 0.02127659574468085
1978 0.02127659574468085
8 0.02127659574468085
20 0.02127659574468085
pm 0.02127659574468085
2061 0.02127659574468085
5 0.02127659574468085
773 0.02127659574468085
1140 0.02127659574468085
6 0.02127659574468085
1141 0.02127659574468085
1477 0.02127659574468085
1491 0.02127659574468085
1825 0.02127659574468085
