ca630824 0.17446452515746635
jacobi 0.019230769230769232
algorithm 0.019230769230769232
85 0.019230769230769232
cacm 0.019230769230769232
august 0.019230769230769232
1963 0.019230769230769232
naur 0.019230769230769232
p 0.019230769230769232
jb 0.019230769230769232
march 0.019230769230769232
13 0.019230769230769232
1978 0.019230769230769232
8 0.019230769230769232
21 0.019230769230769232
pm 0.019230769230769232
2349 0.019230769230769232
5 0.019230769230769232
774 0.019230769230769232
1648 0.019230769230769232
6 0.019230769230769232
1716 0.019230769230769232
1794 0.019230769230769232
1894 0.019230769230769232
2043 0.019230769230769232
501 0.019230769230769232
613 0.019230769230769232
