ca630822 0.1242761001121678
partition 0.0136986301369863
quicksort 0.0136986301369863
and 0.0136986301369863
find 0.0136986301369863
algorithm 0.0136986301369863
62 0.0136986301369863
64 0.0136986301369863
amp 0.0136986301369863
65 0.0136986301369863
cacm 0.0136986301369863
august 0.0136986301369863
1963 0.0136986301369863
randell 0.0136986301369863
b 0.0136986301369863
russell 0.0136986301369863
l 0.0136986301369863
j 0.0136986301369863
jb 0.0136986301369863
march 0.0136986301369863
13 0.0136986301369863
1978 0.0136986301369863
8 0.0136986301369863
23 0.0136986301369863
pm 0.0136986301369863
3054 0.0136986301369863
5 0.0136986301369863
776 0.0136986301369863
1175 0.0136986301369863
6 0.0136986301369863
1880 0.0136986301369863
1919 0.0136986301369863
1969 0.0136986301369863
1980 0.0136986301369863
1997 0.0136986301369863
307 0.0136986301369863
308 0.0136986301369863
309 0.0136986301369863
2017 0.0136986301369863
2679 0.0136986301369863
