ca630816 0.33600575215512035
telescope 0.037037037037037035
1 0.037037037037037035
algorithm 0.037037037037037035
37 0.037037037037037035
cacm 0.037037037037037035
august 0.037037037037037035
1963 0.037037037037037035
bridges 0.037037037037037035
j 0.037037037037037035
f 0.037037037037037035
jb 0.037037037037037035
march 0.037037037037037035
13 0.037037037037037035
1978 0.037037037037037035
8 0.037037037037037035
31 0.037037037037037035
pm 0.037037037037037035
782 0.037037037037037035
5 0.037037037037037035
