tantzen 0.1440024652093373
ca630813 0.1440024652093373
julian 0.13300012900997307
conversions 0.015873015873015872
between 0.015873015873015872
calendar 0.015873015873015872
date 0.015873015873015872
and 0.015873015873015872
day 0.015873015873015872
number 0.015873015873015872
algorithm 0.015873015873015872
199 0.015873015873015872
cacm 0.015873015873015872
august 0.015873015873015872
1963 0.015873015873015872
r 0.015873015873015872
g 0.015873015873015872
jb 0.015873015873015872
march 0.015873015873015872
13 0.015873015873015872
1978 0.015873015873015872
8 0.015873015873015872
34 0.015873015873015872
pm 0.015873015873015872
2269 0.015873015873015872
5 0.015873015873015872
785 0.015873015873015872
3115 0.015873015873015872
907 0.015873015873015872
6 0.015873015873015872
2045 0.015873015873015872
2417 0.015873015873015872
2466 0.015873015873015872
2884 0.015873015873015872
579 0.015873015873015872
