ca630812 0.09755005707729303
integration 0.021505376344086023
adaptive 0.010752688172043012
and 0.010752688172043012
multiple 0.010752688172043012
algorithm 0.010752688172043012
198 0.010752688172043012
cacm 0.010752688172043012
august 0.010752688172043012
1963 0.010752688172043012
mckeeman 0.010752688172043012
w 0.010752688172043012
m 0.010752688172043012
jb 0.010752688172043012
march 0.010752688172043012
13 0.010752688172043012
1978 0.010752688172043012
8 0.010752688172043012
35 0.010752688172043012
pm 0.010752688172043012
1352 0.010752688172043012
5 0.010752688172043012
786 0.010752688172043012
2048 0.010752688172043012
2074 0.010752688172043012
834 0.010752688172043012
6 0.010752688172043012
872 0.010752688172043012
1040 0.010752688172043012
1092 0.010752688172043012
1241 0.010752688172043012
1273 0.010752688172043012
324 0.010752688172043012
429 0.010752688172043012
570 0.010752688172043012
621 0.010752688172043012
