ca630807 0.18514602669771937
d 0.04081632653061224
character 0.02040816326530612
manipulation 0.02040816326530612
in 0.02040816326530612
7090 0.02040816326530612
fortran 0.02040816326530612
cacm 0.02040816326530612
august 0.02040816326530612
1963 0.02040816326530612
smith 0.02040816326530612
jb 0.02040816326530612
march 0.02040816326530612
13 0.02040816326530612
1978 0.02040816326530612
8 0.02040816326530612
41 0.02040816326530612
pm 0.02040816326530612
1084 0.02040816326530612
5 0.02040816326530612
791 0.02040816326530612
868 0.02040816326530612
6 0.02040816326530612
603 0.02040816326530612
644 0.02040816326530612
669 0.02040816326530612
797 0.02040816326530612
