ca630805 0.1334140486498272
mapped 0.014705882352941176
list 0.014705882352941176
structures 0.014705882352941176
cacm 0.014705882352941176
august 0.014705882352941176
1963 0.014705882352941176
baecker 0.014705882352941176
h 0.014705882352941176
d 0.014705882352941176
jb 0.014705882352941176
march 0.014705882352941176
13 0.014705882352941176
1978 0.014705882352941176
8 0.014705882352941176
43 0.014705882352941176
pm 0.014705882352941176
1050 0.014705882352941176
4 0.014705882352941176
793 0.014705882352941176
1549 0.014705882352941176
2723 0.014705882352941176
2882 0.014705882352941176
731 0.014705882352941176
1051 0.014705882352941176
5 0.014705882352941176
627 0.014705882352941176
210 0.014705882352941176
6 0.014705882352941176
378 0.014705882352941176
406 0.014705882352941176
794 0.014705882352941176
