berner 0.08478649820736682
ca630803 0.08478649820736682
e 0.018691588785046728
debugging 0.009345794392523364
systems 0.009345794392523364
at 0.009345794392523364
the 0.009345794392523364
source 0.009345794392523364
language 0.009345794392523364
level 0.009345794392523364
cacm 0.009345794392523364
august 0.009345794392523364
1963 0.009345794392523364
ferguson 0.009345794392523364
h 0.009345794392523364
jb 0.009345794392523364
march 0.009345794392523364
13 0.009345794392523364
1978 0.009345794392523364
8 0.009345794392523364
46 0.009345794392523364
pm 0.009345794392523364
1046 0.009345794392523364
4 0.009345794392523364
795 0.009345794392523364
1105 0.009345794392523364
1139 0.009345794392523364
1140 0.009345794392523364
1234 0.009345794392523364
1263 0.009345794392523364
1265 0.009345794392523364
1496 0.009345794392523364
1781 0.009345794392523364
1824 0.009345794392523364
2126 0.009345794392523364
2546 0.009345794392523364
464 0.009345794392523364
2616 0.009345794392523364
584 0.009345794392523364
631 0.009345794392523364
653 0.009345794392523364
680 0.009345794392523364
763 0.009345794392523364
799 0.009345794392523364
945 0.009345794392523364
931 0.009345794392523364
5 0.009345794392523364
404 0.009345794392523364
