ca630801 0.19302458102528192
american 0.02127659574468085
standard 0.02127659574468085
code 0.02127659574468085
for 0.02127659574468085
information 0.02127659574468085
interchange 0.02127659574468085
cacm 0.02127659574468085
august 0.02127659574468085
1963 0.02127659574468085
jb 0.02127659574468085
march 0.02127659574468085
13 0.02127659574468085
1978 0.02127659574468085
8 0.02127659574468085
55 0.02127659574468085
pm 0.02127659574468085
1084 0.02127659574468085
5 0.02127659574468085
797 0.02127659574468085
868 0.02127659574468085
6 0.02127659574468085
603 0.02127659574468085
644 0.02127659574468085
669 0.02127659574468085
791 0.02127659574468085
