ca630726 0.18514602669771937
a 0.02040816326530612
catalogue 0.02040816326530612
entry 0.02040816326530612
retrieval 0.02040816326530612
system 0.02040816326530612
scheff 0.02040816326530612
b 0.02040816326530612
h 0.02040816326530612
cacm 0.02040816326530612
july 0.02040816326530612
1963 0.02040816326530612
jb 0.02040816326530612
march 0.02040816326530612
14 0.02040816326530612
1978 0.02040816326530612
8 0.02040816326530612
08 0.02040816326530612
am 0.02040816326530612
1050 0.02040816326530612
4 0.02040816326530612
798 0.02040816326530612
1102 0.02040816326530612
378 0.02040816326530612
3008 0.02040816326530612
731 0.02040816326530612
209 0.02040816326530612
5 0.02040816326530612
