transition-diagram 0.015750269632271267
ca630725 0.015750269632271267
of 0.008680555555555556
a 0.008680555555555556
compiler 0.006944444444444444
the 0.005208333333333333
design 0.003472222222222222
cobol 0.003472222222222222
is 0.003472222222222222
to 0.003472222222222222
large 0.003472222222222222
separable 0.001736111111111111
presented 0.001736111111111111
which 0.001736111111111111
compact 0.001736111111111111
enough 0.001736111111111111
permit 0.001736111111111111
rapid 0.001736111111111111
one-pass 0.001736111111111111
compilation 0.001736111111111111
subset 0.001736111111111111
on 0.001736111111111111
moderately 0.001736111111111111
computer 0.001736111111111111
versions 0.001736111111111111
same 0.001736111111111111
for 0.001736111111111111
smaller 0.001736111111111111
machines 0.001736111111111111
require 0.001736111111111111
only 0.001736111111111111
two 0.001736111111111111
working 0.001736111111111111
tapes 0.001736111111111111
plus 0.001736111111111111
tape 0.001736111111111111
methods 0.001736111111111111
given 0.001736111111111111
are 0.001736111111111111
largely 0.001736111111111111
applicable 0.001736111111111111
construction 0.001736111111111111
algol 0.001736111111111111
compilers 0.001736111111111111
cacm 0.001736111111111111
july 0.001736111111111111
1963 0.001736111111111111
conway 0.001736111111111111
m 0.001736111111111111
e 0.001736111111111111
jb 0.001736111111111111
march 0.001736111111111111
14 0.001736111111111111
1978 0.001736111111111111
8 0.001736111111111111
11 0.001736111111111111
am 0.001736111111111111
222 0.001736111111111111
4 0.001736111111111111
799 0.001736111111111111
1046 0.001736111111111111
1105 0.001736111111111111
1139 0.001736111111111111
1140 0.001736111111111111
1234 0.001736111111111111
1263 0.001736111111111111
1265 0.001736111111111111
1496 0.001736111111111111
1781 0.001736111111111111
1824 0.001736111111111111
1947 0.001736111111111111
2126 0.001736111111111111
2546 0.001736111111111111
464 0.001736111111111111
556 0.001736111111111111
584 0.001736111111111111
631 0.001736111111111111
653 0.001736111111111111
680 0.001736111111111111
763 0.001736111111111111
795 0.001736111111111111
945 0.001736111111111111
5 0.001736111111111111
1323 0.001736111111111111
1358 0.001736111111111111
1380 0.001736111111111111
1665 0.001736111111111111
1787 0.001736111111111111
1989 0.001736111111111111
399 0.001736111111111111
2112 0.001736111111111111
2534 0.001736111111111111
2541 0.001736111111111111
2698 0.001736111111111111
2733 0.001736111111111111
2820 0.001736111111111111
404 0.001736111111111111
82 0.001736111111111111
3073 0.001736111111111111
3155 0.001736111111111111
830 0.001736111111111111
6 0.001736111111111111
123 0.001736111111111111
196 0.001736111111111111
919 0.001736111111111111
990 0.001736111111111111
1007 0.001736111111111111
1131 0.001736111111111111
1141 0.001736111111111111
1149 0.001736111111111111
1198 0.001736111111111111
1215 0.001736111111111111
1223 0.001736111111111111
1303 0.001736111111111111
1366 0.001736111111111111
1421 0.001736111111111111
1460 0.001736111111111111
1462 0.001736111111111111
1463 0.001736111111111111
1467 0.001736111111111111
1468 0.001736111111111111
1477 0.001736111111111111
1491 0.001736111111111111
1531 0.001736111111111111
1535 0.001736111111111111
1565 0.001736111111111111
1601 0.001736111111111111
1602 0.001736111111111111
1613 0.001736111111111111
1614 0.001736111111111111
1626 0.001736111111111111
1641 0.001736111111111111
1788 0.001736111111111111
205 0.001736111111111111
224 0.001736111111111111
249 0.001736111111111111
267 0.001736111111111111
288 0.001736111111111111
1959 0.001736111111111111
1973 0.001736111111111111
316 0.001736111111111111
378 0.001736111111111111
381 0.001736111111111111
398 0.001736111111111111
2110 0.001736111111111111
2111 0.001736111111111111
2179 0.001736111111111111
2182 0.001736111111111111
2204 0.001736111111111111
2247 0.001736111111111111
2423 0.001736111111111111
2556 0.001736111111111111
2732 0.001736111111111111
2786 0.001736111111111111
410 0.001736111111111111
463 0.001736111111111111
483 0.001736111111111111
3184 0.001736111111111111
3186 0.001736111111111111
3188 0.001736111111111111
600 0.001736111111111111
691 0.001736111111111111
729 0.001736111111111111
731 0.001736111111111111
