corbato 0.15916061944189913
daggett 0.15916061944189913
ca630724 0.15916061944189913
linking 0.03508771929824561
j 0.03508771929824561
m 0.03508771929824561
the 0.017543859649122806
segment 0.017543859649122806
subprogram 0.017543859649122806
language 0.017543859649122806
and 0.017543859649122806
loader 0.017543859649122806
cacm 0.017543859649122806
july 0.017543859649122806
1963 0.017543859649122806
mccarthy 0.017543859649122806
f 0.017543859649122806
jb 0.017543859649122806
march 0.017543859649122806
14 0.017543859649122806
1978 0.017543859649122806
8 0.017543859649122806
13 0.017543859649122806
am 0.017543859649122806
1471 0.017543859649122806
5 0.017543859649122806
800 0.017543859649122806
1774 0.017543859649122806
6 0.017543859649122806
1173 0.017543859649122806
271 0.017543859649122806
276 0.017543859649122806
