ca630718 0.20618534791336934
remark 0.022727272727272728
on 0.022727272727272728
certification 0.022727272727272728
of 0.022727272727272728
matrix 0.022727272727272728
inversion 0.022727272727272728
procedures 0.022727272727272728
cacm 0.022727272727272728
july 0.022727272727272728
1963 0.022727272727272728
moler 0.022727272727272728
c 0.022727272727272728
jb 0.022727272727272728
march 0.022727272727272728
14 0.022727272727272728
1978 0.022727272727272728
8 0.022727272727272728
21 0.022727272727272728
am 0.022727272727272728
1177 0.022727272727272728
4 0.022727272727272728
806 0.022727272727272728
932 0.022727272727272728
5 0.022727272727272728
454 0.022727272727272728
