ca630714 0.33600575215512035
complex 0.037037037037037035
power 0.037037037037037035
algorithm 0.037037037037037035
190 0.037037037037037035
cacm 0.037037037037037035
july 0.037037037037037035
1963 0.037037037037037035
relph 0.037037037037037035
a 0.037037037037037035
p 0.037037037037037035
jb 0.037037037037037035
march 0.037037037037037035
14 0.037037037037037035
1978 0.037037037037037035
8 0.037037037037037035
32 0.037037037037037035
am 0.037037037037037035
810 0.037037037037037035
5 0.037037037037037035
