rodriguez 0.33600575215512035
gil 0.33600575215512035
ca630713 0.33600575215512035
smoothing 0.037037037037037035
2 0.037037037037037035
algorithm 0.037037037037037035
189 0.037037037037037035
cacm 0.037037037037037035
july 0.037037037037037035
1963 0.037037037037037035
f 0.037037037037037035
jb 0.037037037037037035
march 0.037037037037037035
14 0.037037037037037035
1978 0.037037037037037035
8 0.037037037037037035
33 0.037037037037037035
am 0.037037037037037035
811 0.037037037037037035
5 0.037037037037037035
