eisman 0.20618534791336934
ca630705 0.20618534791336934
polynomial 0.022727272727272728
evaluation 0.022727272727272728
revised 0.022727272727272728
cacm 0.022727272727272728
july 0.022727272727272728
1963 0.022727272727272728
s 0.022727272727272728
h 0.022727272727272728
jb 0.022727272727272728
march 0.022727272727272728
14 0.022727272727272728
1978 0.022727272727272728
8 0.022727272727272728
46 0.022727272727272728
am 0.022727272727272728
1620 0.022727272727272728
4 0.022727272727272728
819 0.022727272727272728
5 0.022727272727272728
436 0.022727272727272728
6 0.022727272727272728
