bc 0.060481035387921676
nelliac 0.060481035387921676
love 0.060481035387921676
ca630701 0.060481035387921676
a 0.006666666666666667
syntactic 0.006666666666666667
description 0.006666666666666667
of 0.006666666666666667
cacm 0.006666666666666667
july 0.006666666666666667
1963 0.006666666666666667
huskey 0.006666666666666667
h 0.006666666666666667
d 0.006666666666666667
r 0.006666666666666667
wirth 0.006666666666666667
n 0.006666666666666667
jb 0.006666666666666667
march 0.006666666666666667
14 0.006666666666666667
1978 0.006666666666666667
8 0.006666666666666667
51 0.006666666666666667
am 0.006666666666666667
1945 0.006666666666666667
5 0.006666666666666667
823 0.006666666666666667
2126 0.006666666666666667
691 0.006666666666666667
6 0.006666666666666667
196 0.006666666666666667
914 0.006666666666666667
915 0.006666666666666667
917 0.006666666666666667
984 0.006666666666666667
989 0.006666666666666667
990 0.006666666666666667
1012 0.006666666666666667
1084 0.006666666666666667
1098 0.006666666666666667
1122 0.006666666666666667
1138 0.006666666666666667
1139 0.006666666666666667
1141 0.006666666666666667
1200 0.006666666666666667
1223 0.006666666666666667
1265 0.006666666666666667
1336 0.006666666666666667
1396 0.006666666666666667
1455 0.006666666666666667
1477 0.006666666666666667
1487 0.006666666666666667
1491 0.006666666666666667
1496 0.006666666666666667
1614 0.006666666666666667
1693 0.006666666666666667
404 0.006666666666666667
483 0.006666666666666667
3184 0.006666666666666667
584 0.006666666666666667
669 0.006666666666666667
680 0.006666666666666667
763 0.006666666666666667
