ca630623 0.17446452515746635
remarks 0.019230769230769232
on 0.019230769230769232
fortran 0.019230769230769232
subroutines 0.019230769230769232
for 0.019230769230769232
time 0.019230769230769232
series 0.019230769230769232
analysis 0.019230769230769232
cacm 0.019230769230769232
june 0.019230769230769232
1963 0.019230769230769232
bennett 0.019230769230769232
c 0.019230769230769232
m 0.019230769230769232
jb 0.019230769230769232
march 0.019230769230769232
14 0.019230769230769232
1978 0.019230769230769232
10 0.019230769230769232
00 0.019230769230769232
am 0.019230769230769232
1118 0.019230769230769232
4 0.019230769230769232
826 0.019230769230769232
948 0.019230769230769232
942 0.019230769230769232
5 0.019230769230769232
6 0.019230769230769232
