ca590601 0.15916061944189913
a 0.017543859649122806
visit 0.017543859649122806
to 0.017543859649122806
computation 0.017543859649122806
centers 0.017543859649122806
in 0.017543859649122806
the 0.017543859649122806
soviet 0.017543859649122806
union 0.017543859649122806
cacm 0.017543859649122806
june 0.017543859649122806
1959 0.017543859649122806
carr 0.017543859649122806
iii 0.017543859649122806
j 0.017543859649122806
w 0.017543859649122806
jb 0.017543859649122806
march 0.017543859649122806
22 0.017543859649122806
1978 0.017543859649122806
6 0.017543859649122806
39 0.017543859649122806
pm 0.017543859649122806
1134 0.017543859649122806
4 0.017543859649122806
83 0.017543859649122806
1349 0.017543859649122806
5 0.017543859649122806
17 0.017543859649122806
236 0.017543859649122806
323 0.017543859649122806
415 0.017543859649122806
