corc-the 0.06434152700842731
ca630619 0.06434152700842731
w 0.014184397163120567
cornell 0.0070921985815602835
computing 0.0070921985815602835
language 0.0070921985815602835
cacm 0.0070921985815602835
june 0.0070921985815602835
1963 0.0070921985815602835
conway 0.0070921985815602835
r 0.0070921985815602835
maxwell 0.0070921985815602835
l 0.0070921985815602835
jb 0.0070921985815602835
march 0.0070921985815602835
14 0.0070921985815602835
1978 0.0070921985815602835
10 0.0070921985815602835
06 0.0070921985815602835
am 0.0070921985815602835
1179 0.0070921985815602835
5 0.0070921985815602835
830 0.0070921985815602835
1288 0.0070921985815602835
1544 0.0070921985815602835
1646 0.0070921985815602835
2111 0.0070921985815602835
2534 0.0070921985815602835
2556 0.0070921985815602835
2650 0.0070921985815602835
6 0.0070921985815602835
987 0.0070921985815602835
1072 0.0070921985815602835
1112 0.0070921985815602835
1592 0.0070921985815602835
1647 0.0070921985815602835
1787 0.0070921985815602835
1935 0.0070921985815602835
1936 0.0070921985815602835
1959 0.0070921985815602835
1973 0.0070921985815602835
2182 0.0070921985815602835
408 0.0070921985815602835
576 0.0070921985815602835
619 0.0070921985815602835
680 0.0070921985815602835
799 0.0070921985815602835
