ca630618 0.20160345129307225
real 0.022222222222222223
error 0.022222222222222223
function 0.022222222222222223
erf 0.022222222222222223
algorithm 0.022222222222222223
123 0.022222222222222223
cacm 0.022222222222222223
june 0.022222222222222223
1963 0.022222222222222223
thacher 0.022222222222222223
jr 0.022222222222222223
h 0.022222222222222223
c 0.022222222222222223
jb 0.022222222222222223
march 0.022222222222222223
14 0.022222222222222223
1978 0.022222222222222223
10 0.022222222222222223
07 0.022222222222222223
am 0.022222222222222223
1583 0.022222222222222223
5 0.022222222222222223
831 0.022222222222222223
6 0.022222222222222223
967 0.022222222222222223
1126 0.022222222222222223
707 0.022222222222222223
