tesler 0.07958030972094957
ca630615 0.07958030972094957
nonrecursive 0.008771929824561403
adaptive 0.008771929824561403
integration 0.008771929824561403
algorithm 0.008771929824561403
182 0.008771929824561403
cacm 0.008771929824561403
june 0.008771929824561403
1963 0.008771929824561403
mckeeman 0.008771929824561403
w 0.008771929824561403
m 0.008771929824561403
l 0.008771929824561403
jb 0.008771929824561403
march 0.008771929824561403
14 0.008771929824561403
1978 0.008771929824561403
10 0.008771929824561403
am 0.008771929824561403
1352 0.008771929824561403
5 0.008771929824561403
834 0.008771929824561403
2048 0.008771929824561403
2074 0.008771929824561403
2093 0.008771929824561403
6 0.008771929824561403
872 0.008771929824561403
1040 0.008771929824561403
1092 0.008771929824561403
1241 0.008771929824561403
1273 0.008771929824561403
1298 0.008771929824561403
1573 0.008771929824561403
324 0.008771929824561403
429 0.008771929824561403
570 0.008771929824561403
621 0.008771929824561403
786 0.008771929824561403
