ca630613 0.20618534791336934
error 0.022727272727272728
function-large 0.022727272727272728
x 0.022727272727272728
algorithm 0.022727272727272728
180 0.022727272727272728
cacm 0.022727272727272728
june 0.022727272727272728
1963 0.022727272727272728
thacher 0.022727272727272728
jr 0.022727272727272728
h 0.022727272727272728
c 0.022727272727272728
jb 0.022727272727272728
march 0.022727272727272728
14 0.022727272727272728
1978 0.022727272727272728
10 0.022727272727272728
13 0.022727272727272728
am 0.022727272727272728
1157 0.022727272727272728
5 0.022727272727272728
836 0.022727272727272728
6 0.022727272727272728
1081 0.022727272727272728
485 0.022727272727272728
714 0.022727272727272728
