fedako 0.33600575215512035
ca630605 0.33600575215512035
1410 0.037037037037037035
fortran 0.037037037037037035
edit 0.037037037037037035
feature 0.037037037037037035
cacm 0.037037037037037035
june 0.037037037037037035
1963 0.037037037037037035
j 0.037037037037037035
e 0.037037037037037035
jb 0.037037037037037035
march 0.037037037037037035
14 0.037037037037037035
1978 0.037037037037037035
10 0.037037037037037035
23 0.037037037037037035
am 0.037037037037037035
844 0.037037037037037035
5 0.037037037037037035
