ca630515 0.07958030972094957
of 0.017543859649122806
a 0.008771929824561403
method 0.008771929824561403
comparing 0.008771929824561403
the 0.008771929824561403
time 0.008771929824561403
requirements 0.008771929824561403
sorting 0.008771929824561403
methods 0.008771929824561403
cacm 0.008771929824561403
may 0.008771929824561403
1963 0.008771929824561403
hall 0.008771929824561403
m 0.008771929824561403
h 0.008771929824561403
jb 0.008771929824561403
march 0.008771929824561403
14 0.008771929824561403
1978 0.008771929824561403
10 0.008771929824561403
58 0.008771929824561403
am 0.008771929824561403
1919 0.008771929824561403
4 0.008771929824561403
852 0.008771929824561403
864 0.008771929824561403
865 0.008771929824561403
232 0.008771929824561403
5 0.008771929824561403
2017 0.008771929824561403
74 0.008771929824561403
849 0.008771929824561403
6 0.008771929824561403
850 0.008771929824561403
851 0.008771929824561403
853 0.008771929824561403
854 0.008771929824561403
855 0.008771929824561403
856 0.008771929824561403
857 0.008771929824561403
858 0.008771929824561403
859 0.008771929824561403
860 0.008771929824561403
861 0.008771929824561403
862 0.008771929824561403
863 0.008771929824561403
866 0.008771929824561403
