paterson 0.10800184890700297
ca630514 0.10800184890700297
the 0.011904761904761904
cobol 0.011904761904761904
sort 0.011904761904761904
verb 0.011904761904761904
cacm 0.011904761904761904
may 0.011904761904761904
1963 0.011904761904761904
j 0.011904761904761904
b 0.011904761904761904
jb 0.011904761904761904
march 0.011904761904761904
14 0.011904761904761904
1978 0.011904761904761904
10 0.011904761904761904
59 0.011904761904761904
am 0.011904761904761904
2017 0.011904761904761904
5 0.011904761904761904
853 0.011904761904761904
849 0.011904761904761904
6 0.011904761904761904
850 0.011904761904761904
851 0.011904761904761904
852 0.011904761904761904
854 0.011904761904761904
855 0.011904761904761904
856 0.011904761904761904
857 0.011904761904761904
858 0.011904761904761904
859 0.011904761904761904
860 0.011904761904761904
861 0.011904761904761904
862 0.011904761904761904
863 0.011904761904761904
864 0.011904761904761904
865 0.011904761904761904
866 0.011904761904761904
