nonredundant 0.08247413916534772
files-techniques 0.08247413916534772
non-redundant 0.08247413916534772
glore 0.08247413916534772
ca630510 0.08247413916534772
used 0.01818181818181818
in 0.01818181818181818
the 0.01818181818181818
fact 0.01818181818181818
some 0.01818181818181818
are 0.01818181818181818
sorting 0.00909090909090909
compiler 0.00909090909090909
typical 0.00909090909090909
file 0.00909090909090909
structures 0.00909090909090909
including 0.00909090909090909
called 0.00909090909090909
examined 0.00909090909090909
and 0.00909090909090909
methods 0.00909090909090909
to 0.00909090909090909
sort 0.00909090909090909
such 0.00909090909090909
files 0.00909090909090909
discussed 0.00909090909090909
cacm 0.00909090909090909
may 0.00909090909090909
1963 0.00909090909090909
j 0.00909090909090909
b 0.00909090909090909
jb 0.00909090909090909
march 0.00909090909090909
14 0.00909090909090909
1978 0.00909090909090909
11 0.00909090909090909
16 0.00909090909090909
am 0.00909090909090909
2017 0.00909090909090909
5 0.00909090909090909
857 0.00909090909090909
849 0.00909090909090909
6 0.00909090909090909
850 0.00909090909090909
851 0.00909090909090909
852 0.00909090909090909
853 0.00909090909090909
854 0.00909090909090909
855 0.00909090909090909
856 0.00909090909090909
858 0.00909090909090909
859 0.00909090909090909
860 0.00909090909090909
861 0.00909090909090909
862 0.00909090909090909
863 0.00909090909090909
864 0.00909090909090909
865 0.00909090909090909
866 0.00909090909090909
