collates 0.11063604034375915
french 0.11063604034375915
ca630508 0.11063604034375915
computer 0.012195121951219513
planned 0.012195121951219513
cacm 0.012195121951219513
may 0.012195121951219513
1963 0.012195121951219513
n 0.012195121951219513
jb 0.012195121951219513
march 0.012195121951219513
14 0.012195121951219513
1978 0.012195121951219513
11 0.012195121951219513
22 0.012195121951219513
am 0.012195121951219513
2017 0.012195121951219513
5 0.012195121951219513
859 0.012195121951219513
849 0.012195121951219513
6 0.012195121951219513
850 0.012195121951219513
851 0.012195121951219513
852 0.012195121951219513
853 0.012195121951219513
854 0.012195121951219513
855 0.012195121951219513
856 0.012195121951219513
857 0.012195121951219513
858 0.012195121951219513
860 0.012195121951219513
861 0.012195121951219513
862 0.012195121951219513
863 0.012195121951219513
864 0.012195121951219513
865 0.012195121951219513
866 0.012195121951219513
