oscillating 0.10996551888713031
toth 0.054982759443565156
ca630507 0.054982759443565156
the 0.03636363636363636
and 0.024242424242424242
for 0.024242424242424242
a 0.01818181818181818
comparison 0.01818181818181818
techniques 0.01818181818181818
between 0.012121212121212121
polyphase 0.012121212121212121
sort 0.012121212121212121
is 0.012121212121212121
tape 0.012121212121212121
drives 0.012121212121212121
developed 0.006060606060606061
computer 0.006060606060606061
systems 0.006060606060606061
having 0.006060606060606061
from 0.006060606060606061
four 0.006060606060606061
to 0.006060606060606061
ten 0.006060606060606061
basis 0.006060606060606061
total 0.006060606060606061
reading 0.006060606060606061
writing 0.006060606060606061
required 0.006060606060606061
various 0.006060606060606061
number 0.006060606060606061
of 0.006060606060606061
input 0.006060606060606061
strings 0.006060606060606061
two 0.006060606060606061
cacm 0.006060606060606061
may 0.006060606060606061
1963 0.006060606060606061
goetz 0.006060606060606061
m 0.006060606060606061
g 0.006060606060606061
s 0.006060606060606061
jb 0.006060606060606061
march 0.006060606060606061
14 0.006060606060606061
1978 0.006060606060606061
11 0.006060606060606061
25 0.006060606060606061
am 0.006060606060606061
1117 0.006060606060606061
4 0.006060606060606061
860 0.006060606060606061
2017 0.006060606060606061
2146 0.006060606060606061
677 0.006060606060606061
862 0.006060606060606061
5 0.006060606060606061
479 0.006060606060606061
861 0.006060606060606061
849 0.006060606060606061
6 0.006060606060606061
850 0.006060606060606061
851 0.006060606060606061
852 0.006060606060606061
853 0.006060606060606061
854 0.006060606060606061
855 0.006060606060606061
856 0.006060606060606061
857 0.006060606060606061
858 0.006060606060606061
859 0.006060606060606061
863 0.006060606060606061
864 0.006060606060606061
865 0.006060606060606061
866 0.006060606060606061
