ca630505 0.06300107852908507
string 0.006944444444444444
distribution 0.006944444444444444
for 0.006944444444444444
the 0.006944444444444444
polyphase 0.006944444444444444
sort 0.006944444444444444
cacm 0.006944444444444444
may 0.006944444444444444
1963 0.006944444444444444
malcolm 0.006944444444444444
jr 0.006944444444444444
w 0.006944444444444444
d 0.006944444444444444
jb 0.006944444444444444
march 0.006944444444444444
14 0.006944444444444444
1978 0.006944444444444444
11 0.006944444444444444
29 0.006944444444444444
am 0.006944444444444444
2146 0.006944444444444444
4 0.006944444444444444
862 0.006944444444444444
479 0.006944444444444444
860 0.006944444444444444
863 0.006944444444444444
1117 0.006944444444444444
5 0.006944444444444444
299 0.006944444444444444
2017 0.006944444444444444
861 0.006944444444444444
849 0.006944444444444444
6 0.006944444444444444
850 0.006944444444444444
851 0.006944444444444444
852 0.006944444444444444
853 0.006944444444444444
854 0.006944444444444444
855 0.006944444444444444
856 0.006944444444444444
857 0.006944444444444444
858 0.006944444444444444
859 0.006944444444444444
864 0.006944444444444444
865 0.006944444444444444
866 0.006944444444444444
636 0.006944444444444444
