manker 0.08100138668025224
ca630504 0.08100138668025224
h 0.017857142857142856
multiphase 0.008928571428571428
sorting 0.008928571428571428
cacm 0.008928571428571428
may 0.008928571428571428
1963 0.008928571428571428
jb 0.008928571428571428
march 0.008928571428571428
14 0.008928571428571428
1978 0.008928571428571428
11 0.008928571428571428
30 0.008928571428571428
am 0.008928571428571428
2146 0.008928571428571428
4 0.008928571428571428
863 0.008928571428571428
479 0.008928571428571428
862 0.008928571428571428
299 0.008928571428571428
5 0.008928571428571428
2017 0.008928571428571428
849 0.008928571428571428
6 0.008928571428571428
850 0.008928571428571428
851 0.008928571428571428
852 0.008928571428571428
853 0.008928571428571428
854 0.008928571428571428
855 0.008928571428571428
856 0.008928571428571428
857 0.008928571428571428
858 0.008928571428571428
859 0.008928571428571428
860 0.008928571428571428
861 0.008928571428571428
864 0.008928571428571428
865 0.008928571428571428
866 0.008928571428571428
