hibbard 0.048000821736445765
ca630503 0.048000821736445765
an 0.005291005291005291
empirical 0.005291005291005291
study 0.005291005291005291
of 0.005291005291005291
minimal 0.005291005291005291
storage 0.005291005291005291
sorting 0.005291005291005291
cacm 0.005291005291005291
may 0.005291005291005291
1963 0.005291005291005291
t 0.005291005291005291
n 0.005291005291005291
jb 0.005291005291005291
march 0.005291005291005291
14 0.005291005291005291
1978 0.005291005291005291
11 0.005291005291005291
31 0.005291005291005291
am 0.005291005291005291
1919 0.005291005291005291
4 0.005291005291005291
864 0.005291005291005291
2191 0.005291005291005291
2388 0.005291005291005291
2783 0.005291005291005291
2784 0.005291005291005291
3054 0.005291005291005291
3121 0.005291005291005291
852 0.005291005291005291
865 0.005291005291005291
1175 0.005291005291005291
5 0.005291005291005291
232 0.005291005291005291
309 0.005291005291005291
2017 0.005291005291005291
2041 0.005291005291005291
2216 0.005291005291005291
74 0.005291005291005291
849 0.005291005291005291
6 0.005291005291005291
850 0.005291005291005291
851 0.005291005291005291
853 0.005291005291005291
854 0.005291005291005291
855 0.005291005291005291
856 0.005291005291005291
857 0.005291005291005291
858 0.005291005291005291
859 0.005291005291005291
860 0.005291005291005291
861 0.005291005291005291
862 0.005291005291005291
863 0.005291005291005291
866 0.005291005291005291
1969 0.005291005291005291
1997 0.005291005291005291
308 0.005291005291005291
3187 0.005291005291005291
