ca630501 0.10930307600226809
c 0.024096385542168676
sorting 0.012048192771084338
on 0.012048192771084338
computers 0.012048192771084338
cacm 0.012048192771084338
may 0.012048192771084338
1963 0.012048192771084338
gotlieb 0.012048192771084338
jb 0.012048192771084338
march 0.012048192771084338
14 0.012048192771084338
1978 0.012048192771084338
11 0.012048192771084338
37 0.012048192771084338
am 0.012048192771084338
2017 0.012048192771084338
5 0.012048192771084338
866 0.012048192771084338
849 0.012048192771084338
6 0.012048192771084338
850 0.012048192771084338
851 0.012048192771084338
852 0.012048192771084338
853 0.012048192771084338
854 0.012048192771084338
855 0.012048192771084338
856 0.012048192771084338
857 0.012048192771084338
858 0.012048192771084338
859 0.012048192771084338
860 0.012048192771084338
861 0.012048192771084338
862 0.012048192771084338
863 0.012048192771084338
864 0.012048192771084338
865 0.012048192771084338
