shoffner 0.15376534420658053
ca630423 0.15376534420658053
of 0.03389830508474576
a 0.01694915254237288
suggested 0.01694915254237288
method 0.01694915254237288
making 0.01694915254237288
fuller 0.01694915254237288
use 0.01694915254237288
strings 0.01694915254237288
in 0.01694915254237288
algol 0.01694915254237288
60 0.01694915254237288
cacm 0.01694915254237288
april 0.01694915254237288
1963 0.01694915254237288
m 0.01694915254237288
g 0.01694915254237288
brown 0.01694915254237288
p 0.01694915254237288
j 0.01694915254237288
jb 0.01694915254237288
march 0.01694915254237288
14 0.01694915254237288
1978 0.01694915254237288
11 0.01694915254237288
45 0.01694915254237288
am 0.01694915254237288
1084 0.01694915254237288
5 0.01694915254237288
868 0.01694915254237288
6 0.01694915254237288
603 0.01694915254237288
644 0.01694915254237288
669 0.01694915254237288
791 0.01694915254237288
797 0.01694915254237288
