ca630420 0.2749137972178258
psif 0.030303030303030304
algorithm 0.030303030303030304
147 0.030303030303030304
cacm 0.030303030303030304
april 0.030303030303030304
1963 0.030303030303030304
thacher 0.030303030303030304
jr 0.030303030303030304
h 0.030303030303030304
c 0.030303030303030304
jb 0.030303030303030304
march 0.030303030303030304
14 0.030303030303030304
1978 0.030303030303030304
11 0.030303030303030304
48 0.030303030303030304
am 0.030303030303030304
1800 0.030303030303030304
5 0.030303030303030304
871 0.030303030303030304
6 0.030303030303030304
