ca630419 0.08723226257873318
adaptive 0.009615384615384616
numerical 0.009615384615384616
integration 0.009615384615384616
by 0.009615384615384616
simpson 0.009615384615384616
s 0.009615384615384616
rule 0.009615384615384616
algorithm 0.009615384615384616
145 0.009615384615384616
cacm 0.009615384615384616
april 0.009615384615384616
1963 0.009615384615384616
mckeeman 0.009615384615384616
w 0.009615384615384616
m 0.009615384615384616
jb 0.009615384615384616
march 0.009615384615384616
14 0.009615384615384616
1978 0.009615384615384616
11 0.009615384615384616
49 0.009615384615384616
am 0.009615384615384616
1352 0.009615384615384616
5 0.009615384615384616
872 0.009615384615384616
2074 0.009615384615384616
2093 0.009615384615384616
834 0.009615384615384616
6 0.009615384615384616
1040 0.009615384615384616
1092 0.009615384615384616
1241 0.009615384615384616
1273 0.009615384615384616
1298 0.009615384615384616
1573 0.009615384615384616
324 0.009615384615384616
429 0.009615384615384616
570 0.009615384615384616
621 0.009615384615384616
786 0.009615384615384616
