ca630418 0.33600575215512035
random 0.037037037037037035
algorithm 0.037037037037037035
133 0.037037037037037035
cacm 0.037037037037037035
april 0.037037037037037035
1963 0.037037037037037035
poore 0.037037037037037035
jr 0.037037037037037035
j 0.037037037037037035
h 0.037037037037037035
jb 0.037037037037037035
march 0.037037037037037035
14 0.037037037037037035
1978 0.037037037037037035
11 0.037037037037037035
50 0.037037037037037035
am 0.037037037037037035
873 0.037037037037037035
5 0.037037037037037035
