curvefit 0.33600575215512035
hale 0.33600575215512035
ca630417 0.33600575215512035
chebyshev 0.037037037037037035
algorithm 0.037037037037037035
91 0.037037037037037035
cacm 0.037037037037037035
april 0.037037037037037035
1963 0.037037037037037035
r 0.037037037037037035
p 0.037037037037037035
jb 0.037037037037037035
march 0.037037037037037035
14 0.037037037037037035
1978 0.037037037037037035
11 0.037037037037037035
56 0.037037037037037035
am 0.037037037037037035
874 0.037037037037037035
5 0.037037037037037035
