ca630413 0.15376534420658053
reduction 0.01694915254237288
of 0.01694915254237288
a 0.01694915254237288
matrix 0.01694915254237288
containing 0.01694915254237288
polynomial 0.01694915254237288
elements 0.01694915254237288
algorithm 0.01694915254237288
170 0.01694915254237288
cacm 0.01694915254237288
april 0.01694915254237288
1963 0.01694915254237288
hennion 0.01694915254237288
p 0.01694915254237288
e 0.01694915254237288
jb 0.01694915254237288
march 0.01694915254237288
14 0.01694915254237288
1978 0.01694915254237288
12 0.01694915254237288
17 0.01694915254237288
pm 0.01694915254237288
1946 0.01694915254237288
5 0.01694915254237288
878 0.01694915254237288
6 0.01694915254237288
902 0.01694915254237288
1093 0.01694915254237288
1177 0.01694915254237288
1387 0.01694915254237288
1393 0.01694915254237288
360 0.01694915254237288
731 0.01694915254237288
