ca630412 0.20618534791336934
newton 0.022727272727272728
interpolation 0.022727272727272728
with 0.022727272727272728
forward 0.022727272727272728
divided 0.022727272727272728
differences 0.022727272727272728
algorithm 0.022727272727272728
169 0.022727272727272728
cacm 0.022727272727272728
april 0.022727272727272728
1963 0.022727272727272728
kahan 0.022727272727272728
w 0.022727272727272728
farkas 0.022727272727272728
i 0.022727272727272728
jb 0.022727272727272728
march 0.022727272727272728
14 0.022727272727272728
1978 0.022727272727272728
12 0.022727272727272728
18 0.022727272727272728
pm 0.022727272727272728
1524 0.022727272727272728
5 0.022727272727272728
879 0.022727272727272728
6 0.022727272727272728
1197 0.022727272727272728
311 0.022727272727272728
