ca630409 0.33600575215512035
monte 0.037037037037037035
carlo 0.037037037037037035
algorithm 0.037037037037037035
166 0.037037037037037035
cacm 0.037037037037037035
april 0.037037037037037035
1963 0.037037037037037035
rodman 0.037037037037037035
r 0.037037037037037035
d 0.037037037037037035
jb 0.037037037037037035
march 0.037037037037037035
14 0.037037037037037035
1978 0.037037037037037035
12 0.037037037037037035
22 0.037037037037037035
pm 0.037037037037037035
882 0.037037037037037035
5 0.037037037037037035
