stockton 0.33600575215512035
ca630405 0.33600575215512035
xy-move 0.037037037037037035
plotting 0.037037037037037035
algorithm 0.037037037037037035
162 0.037037037037037035
cacm 0.037037037037037035
april 0.037037037037037035
1963 0.037037037037037035
f 0.037037037037037035
g 0.037037037037037035
jb 0.037037037037037035
march 0.037037037037037035
14 0.037037037037037035
1978 0.037037037037037035
12 0.037037037037037035
27 0.037037037037037035
pm 0.037037037037037035
886 0.037037037037037035
5 0.037037037037037035
