ca630321 0.3128329416616638
march 0.06896551724137931
magic 0.034482758620689655
square 0.034482758620689655
algorithm 0.034482758620689655
117 0.034482758620689655
amp 0.034482758620689655
118 0.034482758620689655
cacm 0.034482758620689655
1963 0.034482758620689655
bosworth 0.034482758620689655
k 0.034482758620689655
m 0.034482758620689655
jb 0.034482758620689655
14 0.034482758620689655
1978 0.034482758620689655
1 0.034482758620689655
02 0.034482758620689655
pm 0.034482758620689655
899 0.034482758620689655
5 0.034482758620689655
