ca630319 0.32400554672100895
march 0.07142857142857142
difference 0.03571428571428571
expression 0.03571428571428571
coefficients 0.03571428571428571
algorithm 0.03571428571428571
79 0.03571428571428571
cacm 0.03571428571428571
1963 0.03571428571428571
clark 0.03571428571428571
e 0.03571428571428571
s 0.03571428571428571
jb 0.03571428571428571
14 0.03571428571428571
1978 0.03571428571428571
1 0.03571428571428571
24 0.03571428571428571
pm 0.03571428571428571
901 0.03571428571428571
5 0.03571428571428571
