digby 0.17117274166392923
ca630318 0.17117274166392923
march 0.03773584905660377
determinant 0.018867924528301886
algorithm 0.018867924528301886
159 0.018867924528301886
cacm 0.018867924528301886
1963 0.018867924528301886
d 0.018867924528301886
w 0.018867924528301886
jb 0.018867924528301886
14 0.018867924528301886
1978 0.018867924528301886
1 0.018867924528301886
28 0.018867924528301886
pm 0.018867924528301886
902 0.018867924528301886
5 0.018867924528301886
1946 0.018867924528301886
878 0.018867924528301886
6 0.018867924528301886
1093 0.018867924528301886
1177 0.018867924528301886
1387 0.018867924528301886
1393 0.018867924528301886
360 0.018867924528301886
731 0.018867924528301886
