ca630317 0.32400554672100895
march 0.07142857142857142
exponentiation 0.03571428571428571
of 0.03571428571428571
series 0.03571428571428571
algorithm 0.03571428571428571
134 0.03571428571428571
cacm 0.03571428571428571
1963 0.03571428571428571
fettis 0.03571428571428571
h 0.03571428571428571
e 0.03571428571428571
jb 0.03571428571428571
14 0.03571428571428571
1978 0.03571428571428571
1 0.03571428571428571
29 0.03571428571428571
pm 0.03571428571428571
903 0.03571428571428571
5 0.03571428571428571
