ca630316 0.32400554672100895
march 0.07142857142857142
fourier 0.03571428571428571
series 0.03571428571428571
approximation 0.03571428571428571
algorithm 0.03571428571428571
157 0.03571428571428571
cacm 0.03571428571428571
1963 0.03571428571428571
mifsud 0.03571428571428571
c 0.03571428571428571
j 0.03571428571428571
jb 0.03571428571428571
14 0.03571428571428571
1978 0.03571428571428571
1 0.03571428571428571
31 0.03571428571428571
pm 0.03571428571428571
904 0.03571428571428571
5 0.03571428571428571
