ca630313 0.17117274166392923
march 0.03773584905660377
combination 0.018867924528301886
in 0.018867924528301886
lexicographical 0.018867924528301886
order 0.018867924528301886
algorithm 0.018867924528301886
154 0.018867924528301886
cacm 0.018867924528301886
1963 0.018867924528301886
mifsud 0.018867924528301886
c 0.018867924528301886
j 0.018867924528301886
jb 0.018867924528301886
14 0.018867924528301886
1978 0.018867924528301886
1 0.018867924528301886
34 0.018867924528301886
pm 0.018867924528301886
907 0.018867924528301886
5 0.018867924528301886
3115 0.018867924528301886
6 0.018867924528301886
2045 0.018867924528301886
2417 0.018867924528301886
2466 0.018867924528301886
2884 0.018867924528301886
579 0.018867924528301886
785 0.018867924528301886
