ca630310 0.08247413916534772
march 0.01818181818181818
a 0.00909090909090909
variant 0.00909090909090909
method 0.00909090909090909
of 0.00909090909090909
file 0.00909090909090909
searching 0.00909090909090909
cacm 0.00909090909090909
1963 0.00909090909090909
mcilroy 0.00909090909090909
m 0.00909090909090909
d 0.00909090909090909
jb 0.00909090909090909
14 0.00909090909090909
1978 0.00909090909090909
1 0.00909090909090909
42 0.00909090909090909
pm 0.00909090909090909
1271 0.00909090909090909
4 0.00909090909090909
911 0.00909090909090909
1785 0.00909090909090909
2203 0.00909090909090909
2543 0.00909090909090909
2552 0.00909090909090909
2860 0.00909090909090909
5 0.00909090909090909
332 0.00909090909090909
492 0.00909090909090909
6 0.00909090909090909
1786 0.00909090909090909
2107 0.00909090909090909
2109 0.00909090909090909
