ca630307 0.07753978895887394
march 0.017094017094017096
jovial 0.008547008547008548
and 0.008547008547008548
its 0.008547008547008548
documentation 0.008547008547008548
cacm 0.008547008547008548
1963 0.008547008547008548
shaw 0.008547008547008548
c 0.008547008547008548
j 0.008547008547008548
jb 0.008547008547008548
14 0.008547008547008548
1978 0.008547008547008548
1 0.008547008547008548
46 0.008547008547008548
pm 0.008547008547008548
914 0.008547008547008548
5 0.008547008547008548
1945 0.008547008547008548
823 0.008547008547008548
6 0.008547008547008548
915 0.008547008547008548
917 0.008547008547008548
984 0.008547008547008548
989 0.008547008547008548
990 0.008547008547008548
1012 0.008547008547008548
1084 0.008547008547008548
1098 0.008547008547008548
1122 0.008547008547008548
1138 0.008547008547008548
1139 0.008547008547008548
1141 0.008547008547008548
1200 0.008547008547008548
1223 0.008547008547008548
1265 0.008547008547008548
1336 0.008547008547008548
1396 0.008547008547008548
1455 0.008547008547008548
1477 0.008547008547008548
1487 0.008547008547008548
1491 0.008547008547008548
1496 0.008547008547008548
483 0.008547008547008548
584 0.008547008547008548
669 0.008547008547008548
680 0.008547008547008548
763 0.008547008547008548
