ca630306 0.07888830702772391
march 0.017391304347826087
documentation 0.008695652173913044
of 0.008695652173913044
ipl-v 0.008695652173913044
cacm 0.008695652173913044
1963 0.008695652173913044
newell 0.008695652173913044
a 0.008695652173913044
jb 0.008695652173913044
14 0.008695652173913044
1978 0.008695652173913044
1 0.008695652173913044
46 0.008695652173913044
pm 0.008695652173913044
915 0.008695652173913044
5 0.008695652173913044
1945 0.008695652173913044
823 0.008695652173913044
6 0.008695652173913044
914 0.008695652173913044
917 0.008695652173913044
984 0.008695652173913044
989 0.008695652173913044
990 0.008695652173913044
1012 0.008695652173913044
1084 0.008695652173913044
1098 0.008695652173913044
1122 0.008695652173913044
1138 0.008695652173913044
1139 0.008695652173913044
1141 0.008695652173913044
1200 0.008695652173913044
1223 0.008695652173913044
1265 0.008695652173913044
1336 0.008695652173913044
1396 0.008695652173913044
1455 0.008695652173913044
1477 0.008695652173913044
1487 0.008695652173913044
1491 0.008695652173913044
1496 0.008695652173913044
483 0.008695652173913044
584 0.008695652173913044
669 0.008695652173913044
680 0.008695652173913044
763 0.008695652173913044
