ca630304 0.07560129423490208
march 0.016666666666666666
comit 0.008333333333333333
cacm 0.008333333333333333
1963 0.008333333333333333
yngve 0.008333333333333333
v 0.008333333333333333
h 0.008333333333333333
jb 0.008333333333333333
14 0.008333333333333333
1978 0.008333333333333333
1 0.008333333333333333
48 0.008333333333333333
pm 0.008333333333333333
917 0.008333333333333333
5 0.008333333333333333
1068 0.008333333333333333
1945 0.008333333333333333
823 0.008333333333333333
6 0.008333333333333333
914 0.008333333333333333
915 0.008333333333333333
984 0.008333333333333333
989 0.008333333333333333
990 0.008333333333333333
1012 0.008333333333333333
1084 0.008333333333333333
1098 0.008333333333333333
1122 0.008333333333333333
1138 0.008333333333333333
1139 0.008333333333333333
1141 0.008333333333333333
1200 0.008333333333333333
1223 0.008333333333333333
1265 0.008333333333333333
1336 0.008333333333333333
1396 0.008333333333333333
1455 0.008333333333333333
1477 0.008333333333333333
1487 0.008333333333333333
1491 0.008333333333333333
1496 0.008333333333333333
483 0.008333333333333333
584 0.008333333333333333
669 0.008333333333333333
680 0.008333333333333333
763 0.008333333333333333
