ca630302 0.027574940146468847
march 0.0060790273556231
documentation 0.00303951367781155
problems 0.00303951367781155
algol 0.00303951367781155
60 0.00303951367781155
cacm 0.00303951367781155
1963 0.00303951367781155
naur 0.00303951367781155
p 0.00303951367781155
jb 0.00303951367781155
14 0.00303951367781155
1978 0.00303951367781155
1 0.00303951367781155
50 0.00303951367781155
pm 0.00303951367781155
249 0.00303951367781155
4 0.00303951367781155
919 0.00303951367781155
254 0.00303951367781155
272 0.00303951367781155
1102 0.00303951367781155
1109 0.00303951367781155
1140 0.00303951367781155
1188 0.00303951367781155
1306 0.00303951367781155
1464 0.00303951367781155
1491 0.00303951367781155
1767 0.00303951367781155
1781 0.00303951367781155
1787 0.00303951367781155
1949 0.00303951367781155
321 0.00303951367781155
2059 0.00303951367781155
2126 0.00303951367781155
435 0.00303951367781155
437 0.00303951367781155
463 0.00303951367781155
483 0.00303951367781155
491 0.00303951367781155
2732 0.00303951367781155
560 0.00303951367781155
583 0.00303951367781155
3073 0.00303951367781155
627 0.00303951367781155
631 0.00303951367781155
632 0.00303951367781155
642 0.00303951367781155
644 0.00303951367781155
653 0.00303951367781155
680 0.00303951367781155
761 0.00303951367781155
762 0.00303951367781155
763 0.00303951367781155
123 0.00303951367781155
140 0.00303951367781155
989 0.00303951367781155
196 0.00303951367781155
5 0.00303951367781155
6 0.00303951367781155
990 0.00303951367781155
1007 0.00303951367781155
1046 0.00303951367781155
1131 0.00303951367781155
1139 0.00303951367781155
1149 0.00303951367781155
1198 0.00303951367781155
1215 0.00303951367781155
1223 0.00303951367781155
1265 0.00303951367781155
1303 0.00303951367781155
1323 0.00303951367781155
1358 0.00303951367781155
1366 0.00303951367781155
1421 0.00303951367781155
1460 0.00303951367781155
1462 0.00303951367781155
1463 0.00303951367781155
1467 0.00303951367781155
1468 0.00303951367781155
1477 0.00303951367781155
1496 0.00303951367781155
1531 0.00303951367781155
1535 0.00303951367781155
1565 0.00303951367781155
1601 0.00303951367781155
1602 0.00303951367781155
1613 0.00303951367781155
1614 0.00303951367781155
1626 0.00303951367781155
1641 0.00303951367781155
1788 0.00303951367781155
205 0.00303951367781155
224 0.00303951367781155
288 0.00303951367781155
316 0.00303951367781155
381 0.00303951367781155
398 0.00303951367781155
11 0.00303951367781155
404 0.00303951367781155
410 0.00303951367781155
464 0.00303951367781155
3184 0.00303951367781155
3188 0.00303951367781155
584 0.00303951367781155
600 0.00303951367781155
691 0.00303951367781155
799 0.00303951367781155
