ca630204 0.21600369781400594
glossary 0.023809523809523808
construction 0.023809523809523808
cacm 0.023809523809523808
february 0.023809523809523808
1963 0.023809523809523808
grems 0.023809523809523808
m 0.023809523809523808
jb 0.023809523809523808
march 0.023809523809523808
14 0.023809523809523808
1978 0.023809523809523808
2 0.023809523809523808
21 0.023809523809523808
pm 0.023809523809523808
929 0.023809523809523808
4 0.023809523809523808
5 0.023809523809523808
397 0.023809523809523808
690 0.023809523809523808
890 0.023809523809523808
6 0.023809523809523808
3195 0.023809523809523808
