mistake 0.1163096834383109
maloney 0.1163096834383109
ca630202 0.1163096834383109
j 0.02564102564102564
c 0.02564102564102564
systematic 0.01282051282051282
analysis 0.01282051282051282
of 0.01282051282051282
digital 0.01282051282051282
computer 0.01282051282051282
programs 0.01282051282051282
cacm 0.01282051282051282
february 0.01282051282051282
1963 0.01282051282051282
miller 0.01282051282051282
jb 0.01282051282051282
march 0.01282051282051282
14 0.01282051282051282
1978 0.01282051282051282
2 0.01282051282051282
23 0.01282051282051282
pm 0.01282051282051282
1324 0.01282051282051282
4 0.01282051282051282
931 0.01282051282051282
5 0.01282051282051282
202 0.01282051282051282
396 0.01282051282051282
2616 0.01282051282051282
634 0.01282051282051282
795 0.01282051282051282
6 0.01282051282051282
1548 0.01282051282051282
1684 0.01282051282051282
2517 0.01282051282051282
404 0.01282051282051282
