ca630116 0.2326193668766218
inversion 0.05128205128205128
matrix 0.02564102564102564
by 0.02564102564102564
gauss-jordan 0.02564102564102564
ii 0.02564102564102564
algorithm 0.02564102564102564
120 0.02564102564102564
cacm 0.02564102564102564
january 0.02564102564102564
1963 0.02564102564102564
naur 0.02564102564102564
p 0.02564102564102564
jb 0.02564102564102564
march 0.02564102564102564
14 0.02564102564102564
1978 0.02564102564102564
2 0.02564102564102564
27 0.02564102564102564
pm 0.02564102564102564
932 0.02564102564102564
5 0.02564102564102564
806 0.02564102564102564
6 0.02564102564102564
454 0.02564102564102564
