ca630115 0.32400554672100895
magic 0.03571428571428571
squares 0.03571428571428571
algorithm 0.03571428571428571
117 0.03571428571428571
amp 0.03571428571428571
118 0.03571428571428571
cacm 0.03571428571428571
january 0.03571428571428571
1963 0.03571428571428571
naur 0.03571428571428571
p 0.03571428571428571
jb 0.03571428571428571
march 0.03571428571428571
14 0.03571428571428571
1978 0.03571428571428571
2 0.03571428571428571
31 0.03571428571428571
pm 0.03571428571428571
933 0.03571428571428571
5 0.03571428571428571
