ca630114 0.33600575215512035
gauss 0.037037037037037035
s 0.037037037037037035
method 0.037037037037037035
algorithm 0.037037037037037035
107 0.037037037037037035
cacm 0.037037037037037035
january 0.037037037037037035
1963 0.037037037037037035
naur 0.037037037037037035
p 0.037037037037037035
jb 0.037037037037037035
march 0.037037037037037035
14 0.037037037037037035
1978 0.037037037037037035
2 0.037037037037037035
32 0.037037037037037035
pm 0.037037037037037035
934 0.037037037037037035
5 0.037037037037037035
