ca630103 0.08100138668025224
arithmetizing 0.008928571428571428
declarations 0.008928571428571428
an 0.008928571428571428
application 0.008928571428571428
to 0.008928571428571428
cobol 0.008928571428571428
cacm 0.008928571428571428
january 0.008928571428571428
1963 0.008928571428571428
conway 0.008928571428571428
m 0.008928571428571428
e 0.008928571428571428
speroni 0.008928571428571428
j 0.008928571428571428
jb 0.008928571428571428
march 0.008928571428571428
14 0.008928571428571428
1978 0.008928571428571428
3 0.008928571428571428
03 0.008928571428571428
pm 0.008928571428571428
1046 0.008928571428571428
4 0.008928571428571428
945 0.008928571428571428
1105 0.008928571428571428
1139 0.008928571428571428
1140 0.008928571428571428
1234 0.008928571428571428
1263 0.008928571428571428
1265 0.008928571428571428
1496 0.008928571428571428
1781 0.008928571428571428
1824 0.008928571428571428
2126 0.008928571428571428
2546 0.008928571428571428
464 0.008928571428571428
584 0.008928571428571428
631 0.008928571428571428
653 0.008928571428571428
680 0.008928571428571428
763 0.008928571428571428
795 0.008928571428571428
799 0.008928571428571428
5 0.008928571428571428
404 0.008928571428571428
6 0.008928571428571428
399 0.008928571428571428
82 0.008928571428571428
