ca641223 0.21600369781400594
note 0.023809523809523808
on 0.023809523809523808
the 0.023809523809523808
use 0.023809523809523808
of 0.023809523809523808
procedures 0.023809523809523808
cacm 0.023809523809523808
december 0.023809523809523808
1964 0.023809523809523808
healy 0.023809523809523808
m 0.023809523809523808
j 0.023809523809523808
r 0.023809523809523808
jb 0.023809523809523808
march 0.023809523809523808
9 0.023809523809523808
1978 0.023809523809523808
2 0.023809523809523808
32 0.023809523809523808
pm 0.023809523809523808
1118 0.023809523809523808
4 0.023809523809523808
948 0.023809523809523808
826 0.023809523809523808
942 0.023809523809523808
5 0.023809523809523808
