strings-generating 0.03643435866742269
petrone 0.03643435866742269
vandoni 0.03643435866742269
ca641222 0.03643435866742269
a 0.020080321285140562
the 0.020080321285140562
is 0.012048192771084338
and 0.008032128514056224
in 0.008032128514056224
algol 0.008032128514056224
to 0.008032128514056224
that 0.008032128514056224
grammar 0.008032128514056224
of 0.008032128514056224
as 0.008032128514056224
integer 0.004016064257028112
signed 0.004016064257028112
constants 0.004016064257028112
few 0.004016064257028112
remarks 0.004016064257028112
are 0.004016064257028112
given 0.004016064257028112
on 0.004016064257028112
relations 0.004016064257028112
between 0.004016064257028112
syntax 0.004016064257028112
semantics 0.004016064257028112
programming 0.004016064257028112
languages 0.004016064257028112
aim 0.004016064257028112
point 0.004016064257028112
out 0.004016064257028112
if 0.004016064257028112
it 0.004016064257028112
true 0.004016064257028112
context-free 0.004016064257028112
language 0.004016064257028112
should 0.004016064257028112
be 0.004016064257028112
conceived 0.004016064257028112
not 0.004016064257028112
only 0.004016064257028112
device 0.004016064257028112
but 0.004016064257028112
also 0.004016064257028112
method 0.004016064257028112
for 0.004016064257028112
expressing 0.004016064257028112
meaning 0.004016064257028112
then 0.004016064257028112
open 0.004016064257028112
some 0.004016064257028112
criticism 0.004016064257028112
cacm 0.004016064257028112
december 0.004016064257028112
1964 0.004016064257028112
l 0.004016064257028112
c 0.004016064257028112
e 0.004016064257028112
jb 0.004016064257028112
march 0.004016064257028112
9 0.004016064257028112
1978 0.004016064257028112
2 0.004016064257028112
35 0.004016064257028112
pm 0.004016064257028112
1086 0.004016064257028112
4 0.004016064257028112
949 0.004016064257028112
1102 0.004016064257028112
1132 0.004016064257028112
1142 0.004016064257028112
1234 0.004016064257028112
1263 0.004016064257028112
1265 0.004016064257028112
1270 0.004016064257028112
1323 0.004016064257028112
1358 0.004016064257028112
1379 0.004016064257028112
1380 0.004016064257028112
1453 0.004016064257028112
1464 0.004016064257028112
1484 0.004016064257028112
1491 0.004016064257028112
1498 0.004016064257028112
1613 0.004016064257028112
1614 0.004016064257028112
1781 0.004016064257028112
1825 0.004016064257028112
1860 0.004016064257028112
1945 0.004016064257028112
2083 0.004016064257028112
2178 0.004016064257028112
2179 0.004016064257028112
2252 0.004016064257028112
2325 0.004016064257028112
2341 0.004016064257028112
2546 0.004016064257028112
2645 0.004016064257028112
2652 0.004016064257028112
2684 0.004016064257028112
2842 0.004016064257028112
2929 0.004016064257028112
2934 0.004016064257028112
3069 0.004016064257028112
669 0.004016064257028112
679 0.004016064257028112
691 0.004016064257028112
761 0.004016064257028112
762 0.004016064257028112
989 0.004016064257028112
5 0.004016064257028112
483 0.004016064257028112
584 0.004016064257028112
3184 0.004016064257028112
