clausen 0.20160345129307225
ca641204 0.20160345129307225
complementary 0.022222222222222223
error 0.022222222222222223
function 0.022222222222222223
algorithm 0.022222222222222223
181 0.022222222222222223
s15 0.022222222222222223
cacm 0.022222222222222223
december 0.022222222222222223
1964 0.022222222222222223
i 0.022222222222222223
hansson 0.022222222222222223
l 0.022222222222222223
jb 0.022222222222222223
march 0.022222222222222223
9 0.022222222222222223
1978 0.022222222222222223
3 0.022222222222222223
42 0.022222222222222223
pm 0.022222222222222223
967 0.022222222222222223
5 0.022222222222222223
1583 0.022222222222222223
831 0.022222222222222223
6 0.022222222222222223
1126 0.022222222222222223
707 0.022222222222222223
