ca641202 0.2212720806875183
graycode 0.024390243902439025
algorithm 0.024390243902439025
246 0.024390243902439025
z 0.024390243902439025
cacm 0.024390243902439025
december 0.024390243902439025
1964 0.024390243902439025
boothroyd 0.024390243902439025
j 0.024390243902439025
jb 0.024390243902439025
march 0.024390243902439025
9 0.024390243902439025
1978 0.024390243902439025
3 0.024390243902439025
44 0.024390243902439025
pm 0.024390243902439025
969 0.024390243902439025
5 0.024390243902439025
2834 0.024390243902439025
6 0.024390243902439025
2045 0.024390243902439025
2417 0.024390243902439025
2466 0.024390243902439025
