ca641201 0.0657402558564366
treesort 0.007246376811594203
3 0.007246376811594203
algorithm 0.007246376811594203
m1 0.007246376811594203
cacm 0.007246376811594203
december 0.007246376811594203
1964 0.007246376811594203
floyd 0.007246376811594203
r 0.007246376811594203
w 0.007246376811594203
jb 0.007246376811594203
march 0.007246376811594203
9 0.007246376811594203
1978 0.007246376811594203
45 0.007246376811594203
pm 0.007246376811594203
970 0.007246376811594203
5 0.007246376811594203
2042 0.007246376811594203
2222 0.007246376811594203
2356 0.007246376811594203
2679 0.007246376811594203
2844 0.007246376811594203
2972 0.007246376811594203
6 0.007246376811594203
1059 0.007246376811594203
1175 0.007246376811594203
1190 0.007246376811594203
1228 0.007246376811594203
1491 0.007246376811594203
1800 0.007246376811594203
1818 0.007246376811594203
1834 0.007246376811594203
1969 0.007246376811594203
1997 0.007246376811594203
308 0.007246376811594203
2204 0.007246376811594203
2227 0.007246376811594203
2597 0.007246376811594203
2732 0.007246376811594203
2738 0.007246376811594203
2742 0.007246376811594203
2767 0.007246376811594203
3187 0.007246376811594203
507 0.007246376811594203
716 0.007246376811594203
783 0.007246376811594203
