ca641107 0.33600575215512035
fresnel 0.037037037037037035
integrals 0.037037037037037035
algorithm 0.037037037037037035
213 0.037037037037037035
s20 0.037037037037037035
cacm 0.037037037037037035
november 0.037037037037037035
1964 0.037037037037037035
gray 0.037037037037037035
m 0.037037037037037035
jb 0.037037037037037035
march 0.037037037037037035
9 0.037037037037037035
1978 0.037037037037037035
4 0.037037037037037035
06 0.037037037037037035
pm 0.037037037037037035
976 0.037037037037037035
5 0.037037037037037035
