translator-compiler 0.15916061944189913
sheridan 0.15916061944189913
ca590203 0.15916061944189913
the 0.03508771929824561
arithmetic 0.017543859649122806
of 0.017543859649122806
ibm 0.017543859649122806
fortran 0.017543859649122806
automatic 0.017543859649122806
coding 0.017543859649122806
system 0.017543859649122806
cacm 0.017543859649122806
february 0.017543859649122806
1959 0.017543859649122806
p 0.017543859649122806
b 0.017543859649122806
jb 0.017543859649122806
march 0.017543859649122806
22 0.017543859649122806
1978 0.017543859649122806
8 0.017543859649122806
21 0.017543859649122806
pm 0.017543859649122806
224 0.017543859649122806
5 0.017543859649122806
98 0.017543859649122806
364 0.017543859649122806
100 0.017543859649122806
6 0.017543859649122806
44 0.017543859649122806
77 0.017543859649122806
