ca641018 0.05891009940381981
report 0.006493506493506494
on 0.006493506493506494
input-output 0.006493506493506494
procedures 0.006493506493506494
for 0.006493506493506494
algol 0.006493506493506494
60 0.006493506493506494
ifip 0.006493506493506494
cacm 0.006493506493506494
october 0.006493506493506494
1964 0.006493506493506494
jb 0.006493506493506494
march 0.006493506493506494
9 0.006493506493506494
1978 0.006493506493506494
4 0.006493506493506494
32 0.006493506493506494
pm 0.006493506493506494
984 0.006493506493506494
5 0.006493506493506494
1705 0.006493506493506494
1945 0.006493506493506494
2034 0.006493506493506494
823 0.006493506493506494
6 0.006493506493506494
914 0.006493506493506494
915 0.006493506493506494
917 0.006493506493506494
986 0.006493506493506494
989 0.006493506493506494
990 0.006493506493506494
1012 0.006493506493506494
1020 0.006493506493506494
1084 0.006493506493506494
1098 0.006493506493506494
1122 0.006493506493506494
1138 0.006493506493506494
1139 0.006493506493506494
1141 0.006493506493506494
1200 0.006493506493506494
1223 0.006493506493506494
1231 0.006493506493506494
1265 0.006493506493506494
1321 0.006493506493506494
1336 0.006493506493506494
1396 0.006493506493506494
1455 0.006493506493506494
1477 0.006493506493506494
1487 0.006493506493506494
1491 0.006493506493506494
1496 0.006493506493506494
1565 0.006493506493506494
1852 0.006493506493506494
1926 0.006493506493506494
1947 0.006493506493506494
483 0.006493506493506494
584 0.006493506493506494
669 0.006493506493506494
680 0.006493506493506494
763 0.006493506493506494
