ca641015 0.06480110934420179
fortran 0.014285714285714285
processing 0.014285714285714285
vs 0.007142857142857143
basic 0.007142857142857143
a 0.007142857142857143
programming 0.007142857142857143
language 0.007142857142857143
for 0.007142857142857143
information 0.007142857142857143
on 0.007142857142857143
automatic 0.007142857142857143
data 0.007142857142857143
systems 0.007142857142857143
cacm 0.007142857142857143
october 0.007142857142857143
1964 0.007142857142857143
jb 0.007142857142857143
march 0.007142857142857143
9 0.007142857142857143
1978 0.007142857142857143
4 0.007142857142857143
36 0.007142857142857143
pm 0.007142857142857143
987 0.007142857142857143
5 0.007142857142857143
1613 0.007142857142857143
1646 0.007142857142857143
1900 0.007142857142857143
1955 0.007142857142857143
2025 0.007142857142857143
2154 0.007142857142857143
2365 0.007142857142857143
2506 0.007142857142857143
3060 0.007142857142857143
830 0.007142857142857143
6 0.007142857142857143
988 0.007142857142857143
1072 0.007142857142857143
1086 0.007142857142857143
1134 0.007142857142857143
1179 0.007142857142857143
1453 0.007142857142857143
1647 0.007142857142857143
1754 0.007142857142857143
1924 0.007142857142857143
2362 0.007142857142857143
3184 0.007142857142857143
680 0.007142857142857143
