ca641014 0.1042776472205546
history 0.011494252873563218
and 0.011494252873563218
summary 0.011494252873563218
of 0.011494252873563218
fortran 0.011494252873563218
standardization 0.011494252873563218
development 0.011494252873563218
for 0.011494252873563218
the 0.011494252873563218
asa 0.011494252873563218
cacm 0.011494252873563218
october 0.011494252873563218
1964 0.011494252873563218
heising 0.011494252873563218
w 0.011494252873563218
p 0.011494252873563218
jb 0.011494252873563218
march 0.011494252873563218
9 0.011494252873563218
1978 0.011494252873563218
4 0.011494252873563218
37 0.011494252873563218
pm 0.011494252873563218
988 0.011494252873563218
5 0.011494252873563218
1845 0.011494252873563218
1900 0.011494252873563218
2083 0.011494252873563218
2154 0.011494252873563218
2270 0.011494252873563218
2693 0.011494252873563218
987 0.011494252873563218
6 0.011494252873563218
2696 0.011494252873563218
3184 0.011494252873563218
