ca641013 0.02285177659493262
a 0.0025188916876574307
method 0.0025188916876574307
of 0.0025188916876574307
syntax 0.0025188916876574307
specification 0.0025188916876574307
cacm 0.0025188916876574307
october 0.0025188916876574307
1964 0.0025188916876574307
iverson 0.0025188916876574307
k 0.0025188916876574307
e 0.0025188916876574307
jb 0.0025188916876574307
march 0.0025188916876574307
9 0.0025188916876574307
1978 0.0025188916876574307
4 0.0025188916876574307
39 0.0025188916876574307
pm 0.0025188916876574307
249 0.0025188916876574307
989 0.0025188916876574307
254 0.0025188916876574307
272 0.0025188916876574307
1086 0.0025188916876574307
1102 0.0025188916876574307
1109 0.0025188916876574307
1132 0.0025188916876574307
1140 0.0025188916876574307
1188 0.0025188916876574307
1234 0.0025188916876574307
1263 0.0025188916876574307
1265 0.0025188916876574307
1270 0.0025188916876574307
1306 0.0025188916876574307
1323 0.0025188916876574307
1358 0.0025188916876574307
1379 0.0025188916876574307
1380 0.0025188916876574307
1453 0.0025188916876574307
1464 0.0025188916876574307
1484 0.0025188916876574307
1491 0.0025188916876574307
1498 0.0025188916876574307
1613 0.0025188916876574307
1614 0.0025188916876574307
1767 0.0025188916876574307
1781 0.0025188916876574307
1787 0.0025188916876574307
1825 0.0025188916876574307
1860 0.0025188916876574307
1949 0.0025188916876574307
321 0.0025188916876574307
2059 0.0025188916876574307
2083 0.0025188916876574307
2126 0.0025188916876574307
2178 0.0025188916876574307
2179 0.0025188916876574307
2252 0.0025188916876574307
2325 0.0025188916876574307
2341 0.0025188916876574307
2546 0.0025188916876574307
435 0.0025188916876574307
437 0.0025188916876574307
463 0.0025188916876574307
483 0.0025188916876574307
491 0.0025188916876574307
2645 0.0025188916876574307
2652 0.0025188916876574307
2684 0.0025188916876574307
2732 0.0025188916876574307
2842 0.0025188916876574307
2929 0.0025188916876574307
2934 0.0025188916876574307
560 0.0025188916876574307
583 0.0025188916876574307
3069 0.0025188916876574307
3073 0.0025188916876574307
627 0.0025188916876574307
631 0.0025188916876574307
632 0.0025188916876574307
642 0.0025188916876574307
644 0.0025188916876574307
653 0.0025188916876574307
669 0.0025188916876574307
679 0.0025188916876574307
680 0.0025188916876574307
691 0.0025188916876574307
729 0.0025188916876574307
761 0.0025188916876574307
762 0.0025188916876574307
763 0.0025188916876574307
123 0.0025188916876574307
140 0.0025188916876574307
919 0.0025188916876574307
949 0.0025188916876574307
196 0.0025188916876574307
5 0.0025188916876574307
288 0.0025188916876574307
1945 0.0025188916876574307
3184 0.0025188916876574307
823 0.0025188916876574307
6 0.0025188916876574307
914 0.0025188916876574307
915 0.0025188916876574307
917 0.0025188916876574307
984 0.0025188916876574307
990 0.0025188916876574307
1012 0.0025188916876574307
1084 0.0025188916876574307
1098 0.0025188916876574307
1122 0.0025188916876574307
1138 0.0025188916876574307
1139 0.0025188916876574307
1141 0.0025188916876574307
1200 0.0025188916876574307
1223 0.0025188916876574307
1336 0.0025188916876574307
1396 0.0025188916876574307
1455 0.0025188916876574307
1477 0.0025188916876574307
1487 0.0025188916876574307
1496 0.0025188916876574307
404 0.0025188916876574307
584 0.0025188916876574307
