constraint-type 0.02562755736776342
newtonian 0.02562755736776342
ca641012 0.02562755736776342
a 0.011299435028248588
statements 0.00847457627118644
for 0.00847457627118644
in 0.005649717514124294
programming 0.005649717514124294
which 0.005649717514124294
the 0.005649717514124294
languages 0.002824858757062147
proposal 0.002824858757062147
is 0.002824858757062147
made 0.002824858757062147
including 0.002824858757062147
language 0.002824858757062147
imply 0.002824858757062147
relations 0.002824858757062147
between 0.002824858757062147
variables 0.002824858757062147
but 0.002824858757062147
are 0.002824858757062147
not 0.002824858757062147
explicit 0.002824858757062147
assignment 0.002824858757062147
compiler 0.002824858757062147
sets 0.002824858757062147
up 0.002824858757062147
iteration 0.002824858757062147
making 0.002824858757062147
use 0.002824858757062147
purpose 0.002824858757062147
of 0.002824858757062147
routine 0.002824858757062147
formal 0.002824858757062147
differentiation 0.002824858757062147
cacm 0.002824858757062147
october 0.002824858757062147
1964 0.002824858757062147
wilkes 0.002824858757062147
m 0.002824858757062147
v 0.002824858757062147
jb 0.002824858757062147
march 0.002824858757062147
9 0.002824858757062147
1978 0.002824858757062147
4 0.002824858757062147
42 0.002824858757062147
pm 0.002824858757062147
990 0.002824858757062147
5 0.002824858757062147
1781 0.002824858757062147
1945 0.002824858757062147
2341 0.002824858757062147
823 0.002824858757062147
6 0.002824858757062147
123 0.002824858757062147
196 0.002824858757062147
914 0.002824858757062147
915 0.002824858757062147
917 0.002824858757062147
919 0.002824858757062147
984 0.002824858757062147
989 0.002824858757062147
1007 0.002824858757062147
1012 0.002824858757062147
1046 0.002824858757062147
1084 0.002824858757062147
1098 0.002824858757062147
1122 0.002824858757062147
1131 0.002824858757062147
1138 0.002824858757062147
1139 0.002824858757062147
1140 0.002824858757062147
1141 0.002824858757062147
1149 0.002824858757062147
1198 0.002824858757062147
1200 0.002824858757062147
1215 0.002824858757062147
1223 0.002824858757062147
1265 0.002824858757062147
1303 0.002824858757062147
1323 0.002824858757062147
1336 0.002824858757062147
1358 0.002824858757062147
1366 0.002824858757062147
1396 0.002824858757062147
1421 0.002824858757062147
1455 0.002824858757062147
1460 0.002824858757062147
1462 0.002824858757062147
1463 0.002824858757062147
1467 0.002824858757062147
1468 0.002824858757062147
1466 0.002824858757062147
1477 0.002824858757062147
1487 0.002824858757062147
1491 0.002824858757062147
1496 0.002824858757062147
1531 0.002824858757062147
1535 0.002824858757062147
1565 0.002824858757062147
1601 0.002824858757062147
1602 0.002824858757062147
1613 0.002824858757062147
1614 0.002824858757062147
1626 0.002824858757062147
1641 0.002824858757062147
1787 0.002824858757062147
1788 0.002824858757062147
205 0.002824858757062147
224 0.002824858757062147
249 0.002824858757062147
288 0.002824858757062147
316 0.002824858757062147
381 0.002824858757062147
398 0.002824858757062147
11 0.002824858757062147
404 0.002824858757062147
410 0.002824858757062147
463 0.002824858757062147
464 0.002824858757062147
483 0.002824858757062147
3184 0.002824858757062147
3188 0.002824858757062147
584 0.002824858757062147
600 0.002824858757062147
669 0.002824858757062147
680 0.002824858757062147
691 0.002824858757062147
763 0.002824858757062147
799 0.002824858757062147
