ca641008 0.33600575215512035
stringsort 0.037037037037037035
algorithm 0.037037037037037035
207 0.037037037037037035
m1 0.037037037037037035
cacm 0.037037037037037035
october 0.037037037037037035
1964 0.037037037037037035
blair 0.037037037037037035
c 0.037037037037037035
r 0.037037037037037035
jb 0.037037037037037035
march 0.037037037037037035
9 0.037037037037037035
1978 0.037037037037037035
4 0.037037037037037035
47 0.037037037037037035
pm 0.037037037037037035
994 0.037037037037037035
5 0.037037037037037035
