sag 0.19302458102528192
ca641006 0.19302458102528192
permutations 0.02127659574468085
of 0.02127659574468085
a 0.02127659574468085
set 0.02127659574468085
with 0.02127659574468085
repetitions 0.02127659574468085
algorithm 0.02127659574468085
242 0.02127659574468085
g6 0.02127659574468085
cacm 0.02127659574468085
october 0.02127659574468085
1964 0.02127659574468085
t 0.02127659574468085
w 0.02127659574468085
jb 0.02127659574468085
march 0.02127659574468085
9 0.02127659574468085
1978 0.02127659574468085
4 0.02127659574468085
49 0.02127659574468085
pm 0.02127659574468085
996 0.02127659574468085
5 0.02127659574468085
2044 0.02127659574468085
6 0.02127659574468085
1558 0.02127659574468085
2230 0.02127659574468085
521 0.02127659574468085
