jacobs 0.24519338670779056
ca641005 0.24519338670779056
patent 0.02702702702702703
protection 0.02702702702702703
of 0.02702702702702703
computer 0.02702702702702703
programs 0.02702702702702703
cacm 0.02702702702702703
october 0.02702702702702703
1964 0.02702702702702703
m 0.02702702702702703
c 0.02702702702702703
jb 0.02702702702702703
march 0.02702702702702703
9 0.02702702702702703
1978 0.02702702702702703
4 0.02702702702702703
50 0.02702702702702703
pm 0.02702702702702703
997 0.02702702702702703
5 0.02702702702702703
1711 0.02702702702702703
6 0.02702702702702703
1001 0.02702702702702703
